2 8 1 5 5 1 6 4 7 8 4 6 8 3 3 4 7 6 5 3 2 5 5 2 2
1
10 9 0
2
7 5 11
6 6 15
1
9 8 1
1
10 8 17
1
11 8 8
2
10 8 0
9 8 12
1
9 10 13
0
2
7 5 9
8 6 21
1
10 9 9
1
9 6 17
0
1
10 7 4
2
5 4 0
12 11 8
1
10 7 11
1
13 12 9
0
2
11 10 4
11 6 16
1
10 7 10
0
2
14 7 6
9 6 11
0
1
6 4 16
0
2
9 6 9
11 10 13
4
16 12 2
10 8 6
9 8 7
13 11 12
0
0
1
8 6 9
4
12 8 10
16 12 12
10 9 21
11 9 24
1
9 5 17
2
13 12 9
12 9 11
1
11 8 1
0
1
13 10 23
1
10 6 12
3
12 10 4
18 15 8
14 11 24
1
15 13 13
2
11 10 0
13 12 16
1
13 9 21
0
0
1
11 9 22
4
11 9 6
14 13 8
12 10 13
16 12 17
0
0
4
15 15 1
8 7 12
12 11 17
15 11 23
3
17 14 7
14 9 17
16 13 21
1
15 12 21
2
13 9 1
13 10 16
0
2
10 8 13
12 10 20
1
18 15 0
2
17 15 10
11 9 20
2
13 11 6
14 12 17
0
2
12 10 16
12 8 18
2
17 14 12
20 17 13
0
1
15 11 0
0
0
2
14 12 9
20 16 17
1
15 11 8
1
18 14 11
1
20 16 3
2
16 10 15
20 17 19
1
12 10 21
1
18 17 22
0
0
1
20 17 13
1
22 16 4
1
15 13 16
0
2
22 18 6
21 16 13
1
17 13 17
1
20 16 1
2
16 12 8
20 16 17
1
22 17 10
3
23 17 1
26 18 8
20 16 17
0
0
0
1
18 12 16
0
0
1
25 18 1
4
29 26 0
27 24 4
17 14 12
28 20 16
0
2
30 20 10
20 13 12
1
22 19 20
1
19 17 21
2
24 22 1
19 15 8
1
26 20 4
1
23 19 1
1
16 14 17
0
1
21 17 1
0
0
1
20 14 22
1
21 16 5
0
1
16 13 12
2
16 10 9
21 17 21
2
21 18 23
19 16 24
0
1
27 23 22
0
3
25 19 1
19 14 12
17 16 24
2
24 20 1
24 20 21
1
33 31 10
1
30 26 12
0
2
23 17 13
29 27 17
2
27 25 6
35 30 9
0
0
1
27 20 20
0
2
41 34 1
17 14 22
0
2
26 22 4
23 20 9
0
1
28 20 6
2
25 19 10
23 14 12
0
0
2
25 20 8
25 26 10
0
1
30 28 17
1
29 23 19
1
22 19 14
1
34 23 18
0
0
1
33 31 18
1
30 22 23
1
18 15 22
1
29 18 6
2
34 27 17
29 22 21
0
1
30 23 4
0
0
2
36 29 16
25 25 22
0
0
0
1
32 26 10
3
36 30 6
35 30 18
38 25 21
1
38 33 8
3
20 17 1
34 29 13
28 22 16
3
39 39 8
28 26 14
23 19 21
2
33 24 6
39 33 13
1
38 24 8
1
27 19 3
3
33 30 3
40 29 16
36 33 21
0
0
1
30 26 8
1
33 27 11
0
1
30 26 23
1
22 21 16
2
41 33 10
31 24 17
1
25 19 14
2
21 16 1
25 19 12
0
0
0
1
30 21 8
3
28 21 4
21 16 17
36 27 22
0
1
24 21 16
1
29 21 9
2
21 19 8
36 26 9
0
1
36 30 1
2
20 19 6
22 18 15
2
39 32 8
24 20 12
1
24 21 8
1
28 23 9
1
26 23 22
2
38 42 4
37 28 9
3
42 37 8
23 21 9
39 30 22
0
2
37 33 0
32 30 7
1
28 23 1
0
3
44 31 1
35 33 11
30 22 14
1
38 23 3
0
1
39 33 20
1
43 32 15
0
2
35 25 9
35 24 19
2
38 30 8
27 16 22
1
34 28 7
4
33 27 3
40 33 6
43 35 15
30 24 18
1
42 37 9
1
36 33 17
2
35 19 12
32 27 16
1
46 42 7
0
1
51 31 6
0
0
3
31 24 1
28 21 2
50 39 9
1
58 51 3
2
49 36 9
51 39 15
3
31 22 3
35 28 7
51 48 14
1
43 32 11
2
47 44 1
43 40 10
1
39 30 14
2
39 24 7
36 27 24
1
35 35 6
0
1
32 22 6
1
39 32 0
0
0
2
34 27 9
49 29 18
1
34 26 15
3
34 32 11
45 32 12
52 36 15
1
38 36 9
1
54 46 1
2
38 28 2
45 40 18
3
43 25 3
55 50 11
41 33 22
2
42 34 11
40 32 12
2
47 47 6
29 24 7
1
48 34 12
1
33 22 1
2
41 28 21
44 32 22
1
50 39 21
1
50 40 0
1
29 21 6
1
36 27 17
1
27 23 14
1
42 34 17
3
33 29 12
42 37 16
40 33 17
0
1
59 45 22
1
42 32 6
1
52 37 17
0
3
25 19 21
53 30 22
49 28 23
0
0
2
49 29 12
32 24 18
1
38 38 18
1
53 38 9
1
48 39 1
0
0
1
40 29 21
2
46 40 1
34 27 4
4
50 43 1
63 62 7
34 32 13
32 23 22
1
70 66 1
2
43 33 15
59 45 22
0
0
1
36 29 22
0
1
37 27 18
0
0
1
78 59 22
2
48 38 1
45 28 21
3
53 40 7
45 36 8
51 44 21
1
62 52 10
1
61 44 8
1
55 38 16
1
63 50 9
2
64 56 3
51 42 4
1
57 44 17
0
2
29 26 12
63 54 17
0
3
44 34 5
50 34 9
42 25 23
1
42 29 6
1
38 26 4
1
41 42 11
3
53 49 13
57 53 17
46 34 19
2
50 41 11
39 30 21
0
4
56 45 9
77 55 11
39 30 13
46 33 18
0
1
54 34 2
2
56 44 6
60 45 8
1
41 30 15
1
46 35 18
0
1
61 44 4
1
43 40 7
2
62 48 0
75 61 24
1
61 48 18
0
1
58 36 7
0
0
0
1
68 55 14
2
39 27 4
44 35 11
1
69 55 16
3
34 21 1
61 40 11
67 48 15
1
46 42 4
1
54 48 12
0
1
64 45 24
2
74 45 14
63 52 19
1
49 36 9
1
42 29 14
2
68 60 12
53 38 19
2
49 42 1
44 42 5
1
83 68 15
0
2
50 40 1
60 49 9
2
54 39 7
40 39 17
1
61 54 3
2
54 40 6
51 36 13
1
75 62 10
1
38 26 7
2
64 40 8
60 55 12
1
61 50 18
2
64 54 4
57 43 6
2
55 40 4
56 42 17
1
69 45 0
2
59 47 15
62 56 16
0
0
3
55 39 1
64 62 5
47 42 22
0
0
1
56 39 17
0
1
51 40 24
4
60 49 3
80 76 8
56 44 18
58 60 21
0
1
75 63 4
1
71 54 16
1
87 68 8
0
0
0
2
69 50 9
49 45 12
0
0
1
62 44 17
0
2
52 37 8
62 53 15
1
51 36 22
0
2
55 45 12
61 57 23
0
1
64 51 22
2
76 63 3
62 49 9
1
73 80 6
1
42 37 12
1
44 35 12
3
63 51 1
43 29 3
58 45 9
1
77 80 16
2
66 50 4
51 40 6
3
56 47 10
65 56 12
55 42 13
1
55 44 1
0
4
55 43 13
63 36 15
52 43 16
57 48 17
1
67 58 9
1
67 49 19
0
0
0
2
54 52 3
80 48 17
0
1
71 69 24
1
55 46 2
1
76 58 24
1
53 49 10
0
1
57 52 18
0
1
63 44 9
0
2
72 36 16
78 68 17
0
2
68 40 8
75 60 11
1
61 48 22
3
80 74 6
94 72 12
75 59 16
1
60 40 18
0
1
30 25 17
1
91 76 13
0
3
60 61 3
68 53 10
49 47 11
1
85 71 19
0
2
69 52 1
61 53 21
1
73 57 14
1
68 51 12
1
47 37 8
0
1
75 59 1
0
1
58 50 3
1
76 49 6
1
49 50 7
0
3
61 46 5
74 48 10
58 54 21
0
1
61 46 3
1
80 65 4
1
47 36 7
0
2
103 97 9
34 26 12
0
3
74 47 0
73 55 3
61 58 18
1
74 58 11
2
54 43 6
71 48 12
1
60 42 8
2
55 43 6
77 61 10
1
72 62 3
0
0
0
0
2
53 39 15
67 42 20
0
0
1
68 66 9
0
0
1
60 38 8
0
0
1
71 63 22
0
0
0
3
75 56 8
65 52 16
69 39 23
2
76 68 3
66 60 8
2
80 53 0
87 63 22
1
71 64 8
0
1
76 56 20
0
0
1
57 57 7
2
83 64 3
104 74 8
0
0
0
2
82 61 3
78 64 9
0
2
73 54 11
77 62 16
1
70 49 12
0
2
58 52 3
89 60 11
2
83 73 9
83 70 17
0
4
83 73 5
61 36 20
63 56 21
77 64 22
2
87 69 9
81 80 15
1
62 51 10
0
1
68 63 4
1
62 54 12
0
4
89 82 6
89 66 14
70 56 16
90 61 17
1
77 54 14
0
0
2
63 39 10
69 57 20
1
50 43 17
0
1
91 73 12
1
52 31 16
1
49 42 13
1
52 35 6
1
63 46 15
0
1
74 70 11
1
73 68 12
1
76 62 4
2
68 51 1
70 69 6
0
1
66 56 17
1
59 50 1
2
51 45 0
90 71 17
0
0
1
59 38 21
1
78 63 20
1
77 70 1
0
5
69 53 6
79 72 8
80 54 11
95 70 13
84 54 19
0
2
58 48 7
55 44 9
2
86 70 10
75 72 15
1
99 66 22
3
95 92 0
89 86 11
73 65 12
3
88 70 14
107 73 16
95 62 22
2
77 56 12
79 60 14
0
1
98 86 20
2
91 82 17
59 48 22
1
69 67 18
3
58 47 1
64 51 6
63 52 14
2
79 71 0
88 59 18
2
74 62 2
63 54 10
0
2
106 80 9
99 75 12
2
131 122 11
66 57 20
1
75 67 21
2
91 77 11
65 51 21
2
86 48 7
60 63 22
2
79 64 4
97 85 9
2
67 40 16
106 87 18
2
110 80 17
65 38 23
1
82 72 10
0
3
87 66 6
88 72 16
63 50 21
2
95 81 16
110 85 20
2
87 80 8
80 67 11
0
3
106 93 4
66 58 7
75 61 10
0
2
87 63 17
128 90 23
0
1
83 64 9
1
92 72 17
2
128 101 3
74 49 16
3
102 90 4
110 91 6
80 64 19
1
81 52 11
2
95 91 1
101 76 23
1
90 59 12
0
2
52 39 12
85 67 16
1
74 61 11
0
0
2
84 70 9
95 78 16
1
121 108 1
0
0
0
3
86 76 1
104 74 3
77 48 12
1
105 88 3
1
84 59 4
0
1
112 79 17
1
99 71 14
2
102 96 1
74 60 11
0
2
91 77 3
81 53 17
0
2
76 63 9
106 75 11
1
97 78 3
1
103 74 11
2
99 76 3
117 106 5
1
104 109 21
2
98 78 1
57 59 6
2
85 60 9
127 109 12
1
95 64 12
1
88 66 1
0
2
115 104 2
74 66 12
2
89 63 1
84 58 23
0
1
82 63 3
1
90 52 4
3
84 59 1
123 105 10
88 77 24
0
1
107 81 12
2
96 76 4
118 109 5
2
90 78 6
109 107 12
2
97 75 6
116 108 8
0
1
89 78 21
1
61 56 10
1
83 62 16
2
104 87 4
65 54 8
1
106 78 4
2
100 83 8
101 75 21
0
2
65 42 3
101 83 17
3
88 68 3
100 57 16
58 46 23
1
80 62 14
1
62 53 6
0
0
0
0
1
82 71 16
1
64 47 16
2
101 82 9
90 61 18
0
2
116 88 11
95 67 20
1
121 94 6
2
84 61 2
111 113 18
1
130 99 11
1
113 95 21
1
113 92 1
1
63 57 11
1
98 99 12
1
81 60 22
0
3
97 77 8
87 58 10
122 113 16
2
120 88 1
92 76 20
1
132 109 8
2
73 51 1
101 81 12
1
85 62 12
0
0
0
1
100 94 21
1
113 99 16
1
85 66 22
1
141 141 14
2
109 98 15
110 101 16
1
103 84 8
2
116 77 15
97 74 16
2
100 70 8
71 46 17
2
82 52 8
96 84 11
2
108 72 4
148 139 21
0
3
124 93 1
111 84 9
110 90 12
1
75 57 4
1
86 63 3
0
1
109 81 9
2
112 84 3
70 54 9
1
102 67 16
0
1
122 92 15
1
148 121 17
2
122 70 1
75 47 22
1
97 98 13
1
135 124 12
2
112 76 4
100 65 21
1
115 77 12
0
1
94 87 15
1
101 68 15
2
111 89 5
149 122 10
1
102 97 17
3
121 90 12
102 93 14
105 85 16
2
103 89 4
138 109 13
1
113 81 2
1
96 88 10
1
105 87 15
2
116 116 6
93 76 9
2
87 54 17
107 87 18
1
113 77 12
2
82 72 12
88 55 15
0
1
112 84 6
0
1
95 85 18
0
1
87 87 17
3
72 43 10
100 99 12
113 91 13
1
95 80 1
1
129 105 19
1
102 82 11
0
0
1
121 92 9
0
1
93 68 11
0
0
0
1
116 85 12
2
117 81 1
160 139 8
2
82 63 21
103 69 22
0
0
1
113 73 16
1
120 84 4
2
104 85 2
127 126 6
1
135 117 6
2
145 108 16
81 64 19
1
119 104 22
1
92 59 12
2
114 87 8
111 102 24
5
91 75 6
111 92 12
104 84 16
135 125 21
123 103 23
2
87 74 8
93 75 9
1
83 72 23
0
2
78 50 0
123 96 21
0
1
116 102 3
2
150 125 5
78 70 17
2
115 106 15
118 114 22
1
83 77 21
0
2
109 86 17
127 104 21
1
63 49 22
1
144 135 11
0
0
1
152 130 6
0
3
89 83 4
94 72 14
130 100 16
0
2
103 100 9
107 79 11
0
0
1
100 86 6
0
1
137 94 6
2
96 76 3
111 95 8
1
142 126 1
0
1
140 123 22
1
82 59 1
4
97 64 12
148 111 14
90 72 17
109 85 24
2
129 84 15
160 152 18
1
130 91 14
2
94 80 8
108 81 11
2
130 90 2
84 82 16
5
157 149 6
143 111 9
105 75 16
94 58 18
122 80 20
4
119 96 4
90 75 10
133 107 16
151 104 22
0
0
1
123 98 16
2
93 64 8
96 78 12
1
105 71 11
2
95 66 1
105 92 19
0
0
0
0
0
1
86 71 16
0
0
1
139 126 21
1
116 84 0
3
180 137 0
98 68 17
149 107 18
1
148 101 9
2
87 72 3
145 142 20
2
87 78 8
125 87 13
1
119 90 4
2
142 92 1
120 106 12
2
154 114 5
110 102 9
0
1
96 71 9
0
0
1
84 85 12
1
71 54 23
0
1
119 114 21
1
117 70 17
1
93 70 11
0
3
110 75 8
142 115 12
85 74 23
2
112 86 3
140 122 4
1
97 80 15
2
95 89 1
129 108 10
4
117 70 0
143 109 8
119 96 16
153 125 18
3
107 62 4
99 78 10
84 75 12
4
104 69 1
123 117 8
128 89 14
120 97 16
2
160 113 6
144 117 8
1
140 112 7
1
171 154 16
1
145 101 17
0
1
101 76 10
0
1
145 137 12
1
93 73 6
1
144 109 2
1
89 84 6
2
141 114 13
92 79 22
0
1
120 104 1
1
104 63 23
1
107 86 1
1
134 93 12
3
108 95 7
114 85 18
116 93 21
0
0
3
164 140 1
120 107 9
103 86 15
1
107 81 23
0
4
105 73 1
112 94 9
128 100 14
167 129 15
0
1
132 105 7
2
149 109 23
130 115 24
1
98 60 12
0
0
2
117 82 7
134 119 8
2
142 107 9
153 138 23
1
147 115 8
3
119 88 8
139 82 11
105 86 16
1
182 135 18
2
130 96 12
112 97 21
1
104 86 18
1
125 102 3
1
194 167 9
1
107 87 18
0
2
123 124 8
125 114 13
1
98 64 14
0
0
2
97 59 1
152 140 24
1
130 100 24
1
159 126 11
1
117 100 16
1
155 118 17
0
1
86 65 14
2
148 113 1
160 132 6
1
142 114 18
1
116 94 23
0
0
2
143 121 11
168 127 22
3
132 123 3
123 93 9
86 65 18
0
1
129 116 9
2
108 77 6
149 112 20
2
186 158 15
166 134 21
3
103 81 4
161 124 16
107 83 21
2
130 109 10
135 117 24
2
81 82 3
109 91 12
1
106 88 19
0
1
128 105 6
1
122 110 4
1
123 81 7
0
2
166 132 12
119 94 13
0
2
107 90 8
88 51 22
2
83 68 1
118 86 11
1
97 94 15
0
3
125 95 1
84 58 4
159 147 17
3
134 141 9
111 90 12
171 115 19
1
144 112 17
0
3
136 98 18
97 75 19
142 120 22
2
120 92 7
75 54 13
0
2
125 93 2
108 73 6
0
1
163 105 19
0
0
2
108 85 6
156 122 20
1
133 100 1
0
1
157 126 16
1
159 123 10
3
140 95 11
160 120 12
94 69 22
0
3
129 116 6
162 123 11
91 74 19
0
0
0
0
3
139 113 4
111 60 9
128 88 18
1
81 53 11
3
138 105 8
109 83 9
142 93 18
0
1
133 99 8
2
196 162 17
143 110 22
1
136 100 18
0
0
0
0
3
135 120 3
146 125 9
139 117 12
1
125 93 16
0
1
110 71 18
1
156 109 15
1
202 174 24
0
2
96 58 8
111 99 12
1
138 85 17
1
131 109 12
0
0
2
130 129 3
195 152 22
3
103 84 3
186 139 11
140 109 18
2
155 112 9
141 119 18
0
0
3
144 125 10
189 160 12
215 175 18
2
154 151 17
157 142 18
1
183 133 18
2
94 59 1
143 115 8
1
215 206 16
3
94 83 4
157 111 8
117 107 17
3
180 121 5
199 164 15
190 173 16
2
126 91 18
170 118 22
1
112 80 19
0
3
148 102 6
132 105 8
117 101 22
1
91 78 1
1
93 85 13
2
117 99 11
160 131 21
0
0
1
175 171 8
2
116 88 4
149 126 24
1
132 115 12
0
2
143 114 3
149 130 10
1
172 127 6
0
2
108 91 16
124 96 19
1
172 117 1
1
159 124 1
1
124 105 1
3
160 117 1
105 89 7
136 113 17
3
124 86 1
94 53 8
138 98 11
0
0
0
0
0
1
149 133 9
0
0
4
139 142 10
149 111 14
161 122 16
153 122 21
1
140 108 21
1
116 88 15
1
184 147 18
1
170 137 4
2
76 65 7
178 138 11
1
110 81 13
1
126 100 12
2
154 117 9
95 78 22
2
100 91 11
135 137 16
1
135 110 23
4
135 117 1
140 96 6
205 187 7
133 103 16
1
115 103 22
0
0
1
156 111 24
1
77 61 6
2
169 128 1
167 133 9
1
103 75 11
0
0
1
138 124 16
0
0
1
167 101 7
2
176 146 9
147 105 17
2
155 112 3
186 128 23
1
176 134 10
1
223 186 21
0
0
1
117 82 18
2
163 115 3
175 147 11
1
183 127 16
0
0
0
1
155 104 17
0
0
1
166 178 1
0
3
122 69 6
117 89 15
198 176 19
4
163 143 4
161 138 7
122 95 22
121 89 23
1
126 112 1
2
117 49 5
172 128 9
0
0
2
200 165 8
208 130 11
1
201 158 7
0
1
112 80 6
1
175 174 16
0
1
167 147 19
0
0
2
102 76 8
139 134 22
0
2
146 111 1
113 60 21
2
131 110 1
131 105 8
1
264 216 6
0
3
135 109 8
142 103 11
133 113 21
0
2
94 78 4
204 166 6
3
192 142 8
139 101 9
138 102 16
3
197 148 7
155 132 9
210 146 15
3
186 135 8
180 93 12
135 122 20
