2 2 4 1 3 8 4 1 5 6 1 5 7 2 4 2 3 7 4 3 3 6 4 3 3
1
7 6 18
2
5 4 0
7 5 24
1
7 5 12
1
8 6 21
1
8 7 17
1
9 10 12
0
1
4 3 23
0
2
6 5 8
8 8 12
0
1
9 9 5
2
11 10 8
11 10 19
0
0
1
12 9 24
0
1
16 14 12
1
10 7 11
0
0
2
10 8 4
8 7 8
1
12 8 21
0
0
1
11 9 12
2
6 4 19
12 12 23
0
0
0
0
0
2
9 7 5
13 13 19
0
0
1
12 9 12
0
0
2
12 11 9
14 11 11
1
17 15 21
2
16 11 18
14 11 22
1
10 9 11
0
2
15 12 9
13 9 18
0
1
12 11 8
1
14 10 24
1
15 12 2
0
2
18 15 8
11 9 9
2
12 8 12
19 17 15
0
2
15 11 10
12 12 20
2
14 11 9
12 9 20
2
13 10 11
20 16 23
2
13 10 9
17 13 13
3
20 16 8
15 13 14
11 7 22
0
1
13 10 18
3
11 9 2
16 13 8
15 11 23
0
2
10 8 12
17 15 17
0
1
12 9 24
2
17 18 17
11 9 22
1
16 13 2
3
16 10 0
19 15 3
18 11 5
0
0
0
1
26 25 5
2
21 15 17
17 14 18
0
3
15 12 5
10 10 7
15 12 18
0
0
0
1
17 15 3
0
0
0
1
16 15 22
0
1
20 18 7
1
23 19 5
2
27 17 11
15 12 17
0
1
20 14 8
1
23 21 8
0
0
3
25 20 0
23 21 16
21 18 20
0
1
20 17 5
0
0
2
18 13 10
22 17 21
0
1
24 17 22
2
26 16 11
25 18 17
2
22 17 5
23 14 21
0
1
20 14 15
0
1
22 12 20
2
25 19 12
11 9 21
0
0
1
16 15 21
0
0
0
0
1
29 27 6
0
1
19 16 17
0
1
16 13 22
2
20 18 12
22 21 17
0
1
22 15 12
0
0
2
17 12 12
25 15 21
2
33 19 11
31 26 18
0
0
2
17 9 16
24 18 18
1
35 29 19
1
29 22 21
0
0
2
31 29 5
27 20 15
2
21 15 8
44 36 22
1
24 21 5
1
30 27 19
1
25 19 5
1
21 20 12
3
24 16 17
31 26 18
28 23 21
0
0
2
36 30 5
31 28 17
1
28 24 21
0
1
24 17 12
0
1
29 21 5
1
22 17 11
3
21 19 5
23 16 13
28 25 21
0
1
33 24 11
1
30 28 20
1
25 14 22
1
31 23 8
3
31 26 10
34 31 14
33 22 15
0
2
32 26 14
35 30 19
0
1
37 28 23
2
34 28 9
34 31 11
1
38 31 21
1
18 15 17
1
33 27 17
0
2
38 28 16
27 23 21
0
1
33 29 24
0
2
31 24 11
32 21 16
1
55 39 14
0
1
26 21 5
0
1
35 40 11
0
3
34 29 5
32 21 16
36 25 17
1
40 28 18
1
41 26 20
1
39 27 17
0
0
0
2
33 23 6
38 27 21
1
34 28 6
0
0
0
0
0
2
38 30 16
45 35 23
0
0
1
40 30 7
1
43 35 4
0
1
26 22 17
2
46 30 1
51 44 12
1
31 24 21
0
0
0
1
36 27 7
0
0
1
35 26 12
2
26 17 12
34 25 23
0
1
32 28 15
1
33 37 17
1
42 39 20
3
41 40 5
54 54 11
45 37 13
2
39 37 20
32 24 21
1
31 21 14
0
0
1
58 39 11
1
58 57 21
1
41 33 11
1
39 25 1
4
35 23 5
41 28 11
52 41 14
44 38 18
0
2
36 29 1
35 32 8
5
30 30 6
38 43 8
31 20 17
43 33 18
34 26 21
0
2
34 28 11
51 45 17
2
50 34 8
23 20 21
1
56 33 12
0
1
37 28 16
1
38 26 12
1
38 28 17
1
45 33 22
0
0
1
57 42 10
1
38 35 12
2
37 23 5
31 24 17
0
1
33 22 6
0
1
46 33 13
2
49 34 5
42 33 19
0
0
1
43 26 18
1
54 42 24
1
50 37 20
1
44 35 5
0
1
40 29 17
0
0
1
43 31 9
3
29 27 5
46 39 22
45 34 23
0
0
0
0
1
46 38 9
1
36 24 12
1
55 46 17
1
54 37 5
0
3
30 21 1
56 44 14
36 30 22
1
32 27 17
1
42 31 12
2
54 50 17
34 29 21
2
46 40 9
56 50 11
0
1
54 43 5
2
57 43 3
46 41 4
1
29 25 6
2
49 35 6
52 37 23
0
3
53 46 1
60 42 4
46 38 9
2
44 35 8
62 44 21
1
49 36 20
1
40 37 5
0
2
33 25 4
42 46 15
0
0
0
1
42 31 4
0
1
46 40 5
5
56 41 8
48 40 12
46 43 17
48 37 20
46 35 21
1
61 54 5
1
46 48 9
1
46 37 19
2
47 35 2
50 38 6
0
1
55 42 8
0
0
1
52 36 17
1
51 34 5
1
40 36 22
2
49 47 17
24 17 21
0
3
48 36 5
53 44 19
47 35 21
2
47 39 1
44 35 14
1
56 50 2
1
32 26 6
1
34 30 15
0
0
0
1
59 52 8
1
51 36 6
2
54 39 11
52 44 20
0
0
1
69 48 22
2
50 44 0
41 34 17
1
40 29 17
0
0
0
1
49 42 12
1
48 44 16
0
1
51 42 21
0
0
1
59 55 5
4
58 45 0
66 49 1
57 48 4
73 60 5
1
70 48 11
0
2
60 40 15
58 42 20
0
1
42 38 23
1
42 40 21
0
0
2
31 24 19
75 57 23
1
66 56 21
0
0
2
44 37 3
57 43 23
2
43 24 0
67 55 2
1
56 37 11
2
69 39 11
50 41 23
0
1
78 76 24
1
65 56 8
1
49 40 9
1
47 42 20
2
70 66 9
73 49 21
1
72 62 23
2
46 34 1
65 49 21
0
0
1
67 45 21
1
43 28 5
0
1
40 33 12
0
0
1
63 53 17
1
76 69 17
1
51 44 22
3
69 51 12
50 46 18
64 51 24
2
69 54 7
55 44 8
1
67 46 16
1
70 52 23
0
2
63 48 2
66 47 13
2
58 40 11
80 58 18
2
39 36 21
65 49 22
0
0
0
1
51 42 21
1
88 75 24
0
1
61 52 18
1
72 45 15
0
2
58 54 4
59 50 10
1
69 65 5
0
0
3
82 56 12
81 49 19
72 64 23
0
1
70 54 16
1
59 49 4
3
58 53 1
67 66 17
92 74 22
2
47 28 19
95 75 20
1
70 53 23
0
3
84 44 12
87 66 18
43 37 22
0
0
0
2
70 42 1
47 36 4
0
1
55 50 17
1
64 35 22
1
63 51 7
0
1
58 50 20
1
64 54 5
0
2
49 49 6
67 52 23
1
66 44 12
2
73 56 4
51 47 12
2
71 64 20
71 49 21
1
70 76 2
3
91 60 5
84 59 11
62 39 17
0
1
79 58 6
1
68 64 2
1
80 54 12
1
76 57 16
0
1
33 21 20
0
2
47 34 11
83 50 20
0
0
0
1
63 57 12
1
49 40 2
0
1
77 89 12
0
0
1
81 67 19
2
63 47 0
66 40 18
1
63 51 4
1
68 53 3
2
84 71 3
90 73 13
2
69 58 0
65 44 6
1
77 58 18
1
84 67 12
2
67 48 5
91 62 9
1
87 77 23
1
66 54 11
3
104 98 4
74 65 13
75 53 23
0
0
2
58 46 11
81 60 21
2
82 70 5
82 67 21
3
83 60 5
77 58 8
53 35 14
2
70 58 9
99 76 12
0
0
1
67 57 23
2
115 89 11
84 61 18
1
75 54 11
1
63 37 20
2
62 42 7
113 92 18
1
60 55 5
2
76 65 0
82 50 2
2
64 55 6
91 75 12
1
58 41 20
1
61 49 4
1
55 54 15
1
82 56 14
1
85 74 2
2
70 62 9
60 44 11
1
68 75 11
3
66 64 5
53 53 11
109 66 14
0
0
1
70 50 7
0
0
1
81 74 0
2
108 101 0
77 68 23
1
74 47 11
1
90 62 11
0
1
51 40 0
0
2
79 64 15
44 26 17
0
2
67 60 14
84 74 22
2
104 79 8
69 59 9
1
99 87 15
0
4
121 100 5
73 52 8
67 52 12
101 94 14
1
89 81 17
1
68 61 19
0
1
103 83 21
1
111 98 20
0
0
1
87 63 8
4
86 77 1
89 64 2
79 56 23
76 57 24
0
1
104 83 8
3
81 75 9
84 72 12
91 72 14
2
59 39 8
91 70 9
2
38 28 9
85 80 12
1
73 50 21
0
0
2
91 54 8
100 72 12
2
70 48 8
78 67 14
1
99 71 5
1
82 64 14
3
88 71 8
55 46 16
73 73 21
2
89 71 7
102 93 20
1
93 73 17
0
1
111 67 19
1
44 37 21
0
0
1
71 49 17
0
1
121 98 8
1
95 53 17
0
1
94 73 16
1
98 65 14
0
1
77 61 11
1
83 71 17
3
77 69 9
79 65 19
73 49 22
0
0
3
67 59 5
112 96 9
99 73 11
1
94 67 22
1
86 73 4
2
89 77 0
82 70 11
1
100 89 8
2
107 86 17
93 68 21
0
0
1
104 87 13
1
119 86 12
1
84 72 20
0
1
84 62 4
0
2
123 83 4
103 94 9
1
96 78 19
2
49 40 4
97 83 12
1
63 52 22
1
83 52 0
1
73 54 21
0
2
93 80 4
58 39 8
0
0
1
106 92 18
1
87 76 19
0
0
2
80 65 6
87 59 22
1
99 86 7
0
0
0
2
77 56 1
85 66 2
0
0
0
1
115 94 12
0
0
1
65 51 9
0
0
0
2
89 74 9
105 69 20
1
61 48 22
0
1
103 77 11
1
92 71 14
1
113 77 8
3
84 71 9
108 98 14
50 37 18
1
95 95 19
2
102 69 21
105 70 22
2
59 38 7
108 82 17
0
2
113 75 2
122 81 5
2
86 68 11
92 69 22
0
2
103 79 8
88 74 12
2
113 80 4
125 85 5
0
2
123 97 5
72 42 13
1
76 70 5
1
96 65 11
2
103 106 2
134 93 19
1
118 85 14
1
67 65 20
1
111 87 21
2
129 84 2
88 65 21
1
121 77 22
1
86 60 11
1
126 113 0
1
104 78 19
1
95 73 8
3
121 123 2
92 70 17
127 108 19
0
2
74 56 20
90 57 21
0
0
0
1
80 68 8
1
127 112 4
2
131 124 5
104 80 18
1
121 97 8
1
133 94 5
0
3
89 82 2
92 81 15
89 66 22
0
5
111 77 4
100 71 8
142 122 11
95 69 12
99 94 17
0
0
1
103 94 8
2
121 76 9
87 63 18
2
68 54 13
98 80 16
0
1
69 66 1
1
95 85 5
1
96 64 16
0
1
121 74 1
1
91 66 6
2
104 85 0
66 39 5
2
102 70 17
86 62 21
0
2
140 91 20
84 59 23
1
82 56 18
0
0
1
73 58 21
0
0
1
92 67 12
0
0
0
0
0
2
93 81 0
135 105 5
0
1
68 54 7
2
110 99 17
113 117 22
2
110 78 8
121 75 17
2
100 77 5
113 89 16
3
96 79 5
108 109 6
95 73 13
2
88 73 2
109 81 15
0
0
0
2
67 50 9
89 71 21
1
145 131 6
3
82 53 12
110 86 14
85 66 19
5
119 94 0
70 53 14
103 60 15
106 76 16
133 101 21
2
104 84 11
159 161 21
0
0
1
118 102 2
2
107 71 1
127 86 12
0
1
62 39 5
0
1
103 69 9
0
3
99 62 5
83 61 12
70 61 21
1
59 43 14
2
138 134 9
117 82 17
2
94 71 8
129 88 14
4
105 81 5
115 77 11
101 83 13
108 99 17
0
2
109 93 6
108 84 19
0
1
103 67 24
1
133 102 9
1
128 81 12
1
129 109 14
0
0
0
1
152 108 9
0
0
0
3
98 66 4
117 102 8
111 69 12
2
131 92 13
84 69 16
2
74 66 9
161 172 12
2
152 126 6
106 83 18
2
64 46 22
71 63 23
2
71 47 4
99 81 12
2
131 78 16
101 72 19
0
0
1
132 104 23
0
1
115 109 9
2
135 98 20
84 82 24
2
131 91 2
98 76 12
2
81 48 9
118 85 19
1
136 92 9
3
147 116 5
119 76 15
97 92 21
1
135 76 0
1
86 92 21
0
1
139 127 10
1
144 133 8
1
131 125 22
3
73 54 13
115 102 14
176 140 24
0
0
0
0
2
148 103 7
139 113 21
0
0
0
0
2
136 120 5
92 71 21
0
0
0
0
1
75 56 3
0
1
108 100 12
1
134 107 17
2
137 110 5
100 103 12
2
111 97 2
138 101 24
0
1
127 94 6
0
1
113 100 21
2
137 114 6
140 112 17
2
115 82 20
99 85 21
0
0
1
113 87 4
3
107 79 9
176 169 17
105 87 24
0
1
147 90 23
1
108 93 23
3
93 75 5
116 99 21
123 112 22
2
75 70 1
121 83 13
1
136 132 14
2
100 88 6
128 113 9
0
0
2
123 117 5
121 89 11
1
111 106 17
1
134 89 7
0
1
104 79 8
0
0
1
104 62 13
1
106 81 24
2
158 92 5
114 84 8
2
72 57 15
126 110 23
0
0
1
168 126 13
0
0
1
69 42 10
0
0
1
96 83 16
1
143 118 21
3
106 96 5
113 96 8
88 70 22
0
2
103 81 2
88 67 22
1
98 79 22
0
0
0
1
122 105 11
3
65 51 9
175 157 17
133 123 18
2
166 124 4
109 75 9
0
3
110 96 13
113 93 17
135 108 21
3
92 99 6
68 54 9
131 110 19
0
1
84 76 16
0
2
75 49 9
117 88 16
0
2
142 103 5
113 99 14
2
90 60 2
134 105 6
0
1
131 110 8
2
96 68 11
112 82 17
1
115 92 21
1
128 74 0
1
127 98 0
2
61 51 12
160 114 21
1
124 91 21
0
0
2
137 96 9
133 113 13
1
148 84 21
0
2
136 95 13
123 93 18
1
97 72 1
0
3
144 128 8
156 140 17
107 90 24
1
116 88 9
2
177 119 12
105 100 14
1
168 138 22
0
2
128 73 13
110 116 22
2
93 67 11
73 60 24
0
3
154 132 4
116 99 9
152 130 20
4
168 108 9
148 103 13
80 61 14
146 117 17
1
152 148 12
4
146 103 4
123 102 11
110 87 21
121 92 23
4
144 117 2
126 112 6
129 115 17
126 86 21
0
2
123 112 5
111 86 10
0
1
116 73 0
1
133 109 24
2
140 133 2
101 83 11
0
0
2
160 164 7
170 156 17
2
140 133 12
151 103 18
1
105 93 16
2
157 99 13
127 86 21
2
129 126 11
131 120 18
1
147 130 24
2
86 60 14
131 116 17
0
0
0
1
122 83 14
0
1
80 60 5
1
140 130 5
0
0
1
90 82 4
0
1
92 72 7
2
180 155 5
193 156 8
0
0
0
1
116 89 22
1
122 100 16
2
108 103 8
138 135 21
3
142 105 5
141 80 6
135 72 12
2
122 105 17
147 96 19
1
85 58 8
1
151 119 5
1
140 111 18
3
113 118 5
175 131 11
174 132 21
0
1
149 101 11
0
0
0
0
2
113 82 5
132 103 8
0
1
153 108 14
0
0
1
109 83 11
1
114 100 22
0
0
4
156 133 1
81 70 7
155 114 12
153 131 23
0
1
108 78 19
0
0
1
104 84 21
1
117 89 17
3
133 93 1
133 124 12
178 139 14
0
2
179 133 15
131 101 20
1
123 116 16
1
90 76 9
0
0
3
121 102 11
149 118 16
166 148 17
2
157 86 0
113 101 17
1
155 93 12
1
162 139 18
1
128 100 4
0
2
97 85 19
143 123 21
2
144 104 5
111 79 17
1
122 85 18
1
125 103 6
0
2
171 113 11
158 128 17
0
2
195 151 23
166 151 24
1
165 174 20
2
155 143 8
163 122 21
1
136 94 13
0
1
73 52 21
2
161 118 6
115 121 10
0
0
0
2
76 54 9
121 88 24
2
170 122 8
153 122 12
3
148 125 16
155 133 23
150 99 24
0
2
204 143 5
181 161 24
0
2
142 126 9
180 113 20
1
175 151 6
0
1
152 99 10
1
197 139 22
2
145 107 12
129 116 16
1
181 147 5
2
123 113 9
229 186 24
1
93 60 19
0
0
0
1
156 123 20
0
1
106 96 6
1
160 149 16
1
138 93 18
0
0
0
1
143 115 13
2
189 150 5
134 109 21
1
168 165 2
0
0
0
3
186 159 3
143 101 4
196 156 12
1
131 92 9
2
174 147 5
168 172 11
2
147 102 14
152 123 21
1
187 114 22
3
128 110 15
127 79 21
201 130 22
1
145 132 14
0
0
1
98 77 21
0
0
0
2
174 143 11
161 126 21
2
122 89 12
156 131 15
2
171 161 8
162 114 21
3
193 140 0
150 93 4
180 152 8
0
1
173 133 15
0
1
129 125 4
1
204 193 23
2
147 119 19
179 131 20
0
0
2
187 151 16
70 60 18
0
0
2
175 192 11
143 89 14
0
0
1
160 130 19
1
148 131 23
0
0
1
156 103 21
0
1
121 88 0
0
0
1
171 127 12
1
176 161 9
1
168 125 24
2
182 137 6
171 157 9
2
185 141 9
137 106 17
0
1
152 163 18
0
0
0
2
137 109 4
200 139 5
0
1
153 120 6
1
99 86 2
1
171 116 9
3
121 90 1
191 163 6
179 149 21
1
190 163 6
