8 7 7 8 3 2 2 1 1 6 6 8 7 2 2 1 8 5 3 4 1 1 4 4 7
1
8 6 24
2
5 5 1
7 6 10
1
8 4 9
1
6 3 5
0
1
6 3 0
5
9 6 1
8 6 4
8 6 11
8 6 16
8 7 24
0
1
10 10 1
4
7 6 1
8 6 3
11 10 5
7 5 9
1
7 5 13
0
2
5 3 17
9 8 19
1
9 9 9
2
11 9 4
9 7 22
1
11 8 12
1
10 7 24
0
1
7 4 17
1
13 12 4
1
7 4 2
1
11 9 16
0
1
13 10 0
2
10 8 5
6 3 16
3
13 12 10
13 9 16
14 8 17
0
0
1
9 7 12
1
13 10 11
0
2
13 11 16
15 11 23
3
13 11 9
12 10 11
12 11 22
0
2
12 10 11
13 9 19
1
14 14 23
1
13 11 1
1
19 12 12
1
13 11 19
0
4
16 11 4
13 11 5
14 11 10
16 15 12
1
15 12 0
1
11 8 0
1
17 12 15
2
18 14 10
13 11 11
1
17 10 18
0
0
0
1
14 11 18
2
12 8 19
18 12 24
1
12 12 2
2
23 20 5
18 14 11
3
17 15 7
11 9 18
11 8 24
0
2
11 8 1
17 10 4
0
1
9 7 2
1
13 10 16
1
11 8 17
2
18 16 3
12 10 11
1
19 14 22
0
2
19 9 1
12 8 24
2
8 6 3
17 15 5
0
1
17 11 9
2
11 6 1
12 10 23
1
19 17 17
1
18 14 15
2
20 14 5
16 13 17
0
3
13 8 4
14 13 5
18 16 12
2
18 17 11
13 11 18
2
12 9 1
22 18 11
2
21 13 3
17 11 12
2
22 17 0
21 17 4
0
1
19 17 17
2
28 26 9
16 10 18
1
19 13 9
1
13 9 23
1
16 14 22
0
2
17 14 3
23 15 17
1
21 16 2
2
21 18 9
19 13 23
0
0
0
2
24 19 14
10 9 18
1
17 13 17
1
22 18 23
2
13 11 11
12 9 23
0
0
2
12 9 1
18 14 18
1
17 17 10
2
20 15 3
23 16 17
1
23 17 3
0
0
0
2
28 20 5
23 22 9
2
25 17 12
29 25 18
2
36 31 20
24 20 22
0
1
27 19 16
1
24 22 1
1
22 18 3
2
25 18 0
26 21 9
1
25 19 10
1
22 23 5
1
23 18 1
1
27 23 14
2
19 11 0
15 14 22
4
19 16 0
19 17 3
28 28 10
32 27 16
0
1
28 27 3
2
22 18 3
30 23 10
1
25 22 11
1
28 23 12
1
24 20 4
1
24 24 19
1
15 13 3
0
1
33 22 6
1
28 23 16
0
1
23 21 18
0
0
3
33 29 2
30 27 4
22 15 11
2
26 23 2
20 14 11
0
0
0
1
30 21 9
2
21 15 0
27 23 9
1
35 26 16
0
0
0
1
31 26 0
1
27 21 18
0
0
2
31 21 2
22 17 20
1
42 33 24
0
1
28 19 2
1
18 13 2
0
2
28 24 13
31 25 20
1
25 24 4
0
1
27 25 17
1
26 20 2
0
1
22 15 11
0
0
1
31 26 2
0
0
1
29 26 0
1
39 27 12
1
27 26 1
0
1
35 27 17
1
37 30 12
0
2
33 29 0
43 37 3
0
0
1
39 26 0
2
27 28 3
36 26 4
1
35 21 14
0
1
41 41 3
0
0
2
30 28 11
32 24 18
2
43 37 2
31 27 3
2
32 26 5
35 33 12
2
43 30 0
30 20 1
1
35 30 0
1
32 28 14
1
40 36 18
2
36 24 7
30 20 11
1
45 36 4
0
1
24 23 10
3
36 30 12
33 25 13
25 20 24
1
42 31 9
2
36 25 12
42 32 20
2
35 23 7
33 29 23
0
1
27 22 10
3
27 24 10
36 32 18
33 26 24
1
36 28 10
1
30 27 19
3
31 25 16
53 45 19
38 35 23
1
47 39 22
0
0
0
0
3
17 15 2
48 37 9
48 44 11
0
0
1
38 33 17
1
38 31 3
0
2
30 21 0
36 21 11
1
59 43 12
2
42 36 11
37 36 13
0
2
28 23 9
32 28 16
1
42 34 12
2
41 28 1
38 36 24
2
56 52 3
49 40 18
1
41 28 24
1
45 25 0
0
0
2
44 40 5
49 32 14
1
31 25 24
1
42 35 23
1
38 31 24
1
59 51 11
0
1
33 25 16
2
46 39 9
31 24 11
0
1
25 17 16
0
1
47 43 10
1
41 40 3
0
3
43 40 13
45 37 16
40 28 22
1
54 39 5
0
2
31 29 10
34 33 11
2
36 22 13
50 34 19
2
37 28 1
48 23 24
1
39 35 23
3
44 37 3
37 31 16
35 22 19
0
1
35 30 24
1
40 32 2
0
2
57 42 13
44 36 24
1
63 53 1
0
2
42 32 0
62 47 10
5
69 46 3
35 27 6
48 41 16
49 39 19
44 32 24
0
0
2
27 19 11
36 34 15
0
0
0
0
2
53 35 1
38 32 10
0
0
1
34 26 16
2
47 39 3
54 42 18
2
44 31 3
52 44 10
1
51 41 11
1
61 51 11
1
58 39 17
1
34 31 10
3
43 30 1
38 27 9
37 33 16
1
44 32 12
1
49 38 1
2
46 39 2
59 52 12
2
44 29 9
54 40 12
1
41 33 15
1
47 41 0
0
0
2
47 26 19
66 43 21
3
39 23 0
36 27 13
49 34 20
0
1
47 38 23
1
74 52 1
3
55 42 0
59 39 10
63 49 12
1
39 26 16
3
55 41 9
53 42 22
58 48 24
3
21 17 0
50 40 4
49 35 18
1
39 30 23
0
2
59 50 0
50 42 16
0
2
33 30 11
42 35 16
0
2
57 50 8
61 53 16
2
61 49 3
41 29 9
1
59 47 13
1
66 55 10
1
53 39 16
1
50 42 23
2
53 40 9
41 34 24
2
66 54 10
52 44 24
0
2
56 57 11
60 48 16
1
45 30 15
1
61 48 3
1
56 40 16
2
47 42 5
48 29 17
0
0
1
59 42 12
2
67 47 11
49 36 23
0
2
57 56 2
61 55 9
2
56 40 1
74 60 14
1
48 41 16
0
1
43 42 0
1
56 49 24
0
2
65 63 11
43 35 19
1
54 49 0
1
57 51 9
2
46 33 3
63 47 17
0
0
0
0
2
58 48 0
64 71 24
1
51 38 3
2
46 39 4
56 44 16
0
1
52 47 23
0
1
50 39 6
1
38 28 23
4
99 72 0
80 60 20
60 46 22
58 53 23
3
61 50 2
50 47 3
45 31 10
0
0
3
73 66 0
70 64 7
52 40 9
0
3
33 24 2
51 49 10
51 34 16
0
1
67 43 17
3
44 43 1
39 31 11
73 57 23
1
47 38 13
1
54 33 11
2
54 54 7
68 66 12
0
1
51 39 19
0
0
0
1
63 47 9
3
50 38 3
48 35 9
53 39 16
0
1
34 32 9
1
75 56 9
0
1
68 47 11
0
1
77 66 1
1
32 27 10
0
1
51 38 3
4
68 47 1
60 34 10
62 52 11
58 47 16
1
55 43 5
3
56 49 10
59 53 15
80 76 22
1
63 43 12
0
3
42 27 2
70 65 10
69 64 23
0
2
60 50 7
61 49 10
2
57 59 5
28 21 12
0
0
1
45 33 5
1
93 71 3
0
0
1
64 57 0
0
0
1
68 47 3
0
1
56 49 24
0
1
52 42 9
0
0
1
67 49 3
2
64 42 12
68 49 21
3
62 56 4
63 40 11
54 39 20
1
48 37 5
1
72 63 17
1
55 53 1
1
62 41 12
1
75 57 3
0
0
1
46 35 11
0
0
0
1
82 63 3
3
69 51 0
75 65 3
92 75 4
1
58 52 11
0
1
70 58 17
0
1
57 39 4
3
60 55 0
74 56 3
63 51 12
2
58 45 2
78 64 9
0
1
37 33 24
2
88 74 5
67 55 22
1
72 68 0
3
64 58 10
82 63 11
72 60 13
1
60 29 2
0
2
57 49 9
75 67 12
0
1
96 76 9
0
0
1
56 44 18
3
56 44 11
99 83 15
92 87 24
2
60 60 6
31 33 22
1
51 54 11
1
74 58 3
0
1
56 39 14
1
50 40 16
0
1
54 44 11
1
78 61 1
0
0
2
75 59 9
72 55 12
0
0
2
58 51 0
83 55 1
1
82 72 7
1
53 37 11
1
98 93 19
0
0
1
80 70 0
0
3
62 55 1
67 69 16
61 40 17
1
79 59 22
0
1
65 42 16
0
1
76 67 2
4
76 55 4
48 32 10
76 59 12
96 85 15
1
71 56 21
1
73 58 12
1
65 48 16
1
80 74 9
0
2
101 75 1
71 61 16
1
61 58 24
1
59 50 10
1
96 86 1
1
86 74 1
3
55 47 11
78 82 12
73 57 17
0
2
92 85 16
56 36 23
2
97 87 9
105 76 17
0
1
89 67 11
3
77 66 10
41 32 17
85 65 22
1
89 70 22
2
89 82 10
94 70 13
1
99 81 1
2
32 29 11
74 48 17
0
1
97 85 3
1
81 69 12
0
1
102 72 10
1
50 35 1
1
56 33 12
2
60 49 1
80 67 22
0
1
82 67 24
2
93 95 3
88 61 19
2
86 55 9
104 77 15
2
83 67 6
91 85 12
3
42 38 0
82 74 10
82 53 12
0
0
3
99 77 4
64 58 12
83 57 19
0
1
93 80 23
2
115 81 5
88 92 11
3
100 96 0
85 70 1
100 90 10
1
93 78 15
3
89 81 11
76 66 12
76 70 13
0
0
0
0
2
78 58 0
92 86 5
1
101 90 3
0
1
107 93 13
2
85 67 23
81 62 24
0
1
67 45 17
1
63 53 4
2
73 63 3
64 54 9
1
103 96 0
2
99 83 1
93 76 4
0
0
0
0
3
69 55 2
75 66 5
92 63 11
3
68 68 4
89 83 9
76 70 12
0
1
60 49 4
0
0
3
56 35 9
84 67 13
65 53 24
1
75 65 16
0
1
124 105 2
0
0
1
76 69 10
3
120 77 0
84 68 9
98 66 17
0
2
86 75 0
115 110 11
2
50 40 3
86 76 11
0
0
0
1
92 71 3
1
64 46 2
3
117 92 2
109 79 10
91 84 24
2
93 55 1
122 104 19
1
85 68 17
2
106 90 0
94 76 23
1
89 68 16
2
98 66 3
73 58 24
0
1
98 57 24
2
77 60 9
95 79 12
2
78 72 9
76 65 23
1
95 78 2
0
0
2
111 63 3
108 74 19
2
92 87 1
123 95 24
0
1
76 55 8
2
107 89 0
114 94 21
0
0
1
83 68 17
1
103 94 23
1
113 95 17
2
88 70 1
83 68 16
2
90 69 10
95 74 24
1
93 74 11
0
1
92 68 23
1
82 60 2
0
2
103 99 0
84 55 11
1
101 61 5
0
0
0
2
98 78 12
87 81 24
2
71 52 3
100 100 17
1
104 71 10
1
106 54 12
1
82 75 5
2
82 66 16
102 81 22
1
99 90 10
4
94 68 0
80 68 1
114 84 12
83 64 17
1
75 69 22
1
94 89 9
0
3
84 55 2
111 85 20
93 64 24
1
71 63 12
0
1
103 82 2
2
125 88 2
68 55 3
2
76 58 1
91 74 23
0
1
103 80 1
1
115 80 12
1
81 63 24
1
94 88 9
1
64 44 2
0
2
141 102 9
70 52 17
0
0
1
81 59 0
0
0
3
88 82 2
76 48 16
69 50 24
2
120 111 3
84 54 14
1
93 81 17
1
93 89 9
1
78 77 17
1
119 111 23
0
0
0
2
100 75 6
83 67 17
2
84 70 11
84 60 17
2
109 75 9
104 103 11
0
0
2
108 94 11
103 93 24
3
110 81 3
82 61 10
108 89 11
0
1
131 120 3
2
74 51 2
112 108 3
0
0
1
116 105 1
0
2
116 107 3
99 63 10
1
98 79 5
0
1
127 97 12
2
144 92 15
83 64 17
2
119 105 11
93 81 24
1
95 76 0
3
73 61 7
114 79 11
88 56 17
0
4
93 59 0
112 90 9
107 84 12
149 126 19
1
78 69 12
1
85 57 9
1
84 73 11
2
101 60 16
98 92 18
1
94 84 19
0
0
2
95 92 12
116 95 18
1
90 61 16
0
0
0
0
0
2
123 96 2
95 73 16
1
106 78 16
1
122 110 23
1
122 83 22
1
98 77 2
1
111 71 10
3
72 59 1
101 87 2
89 74 19
1
128 103 21
0
2
82 70 0
97 76 10
1
87 65 11
2
106 84 10
95 59 24
2
96 62 0
107 85 10
2
85 48 3
91 70 10
0
1
92 55 2
0
1
112 78 9
1
87 67 19
0
1
82 67 9
1
108 85 5
1
142 103 17
0
2
119 102 10
104 81 23
0
1
121 93 23
1
146 121 4
0
2
124 77 12
99 79 16
3
90 86 2
86 76 11
77 79 16
0
0
3
135 131 5
108 94 16
119 93 21
1
81 60 2
0
1
93 67 5
1
125 101 23
0
1
121 103 22
2
145 115 11
120 103 23
2
88 63 4
96 76 12
1
110 96 0
3
122 104 0
99 81 9
133 89 24
1
126 83 6
0
1
129 124 23
0
0
0
1
73 58 18
0
1
108 96 8
1
110 109 16
2
150 117 10
129 99 16
0
2
117 87 16
84 68 19
2
142 108 11
109 53 16
3
122 87 1
148 148 3
131 87 9
1
50 40 1
1
94 89 11
1
140 108 2
2
135 113 11
117 106 23
0
1
111 81 9
1
51 44 10
2
120 121 1
99 76 16
1
99 99 16
1
82 60 18
0
0
1
120 87 3
2
116 97 1
139 122 10
1
99 85 9
1
130 102 11
1
136 95 8
2
123 85 1
125 95 3
0
0
0
0
2
92 72 0
108 74 19
0
2
107 78 0
103 83 11
1
159 129 12
2
138 89 9
84 59 19
3
107 82 2
138 116 3
62 50 10
1
105 92 21
1
119 82 18
1
139 118 0
0
0
1
143 132 24
0
2
143 133 1
139 89 24
0
1
131 95 19
2
124 84 16
92 78 22
0
1
119 89 2
1
96 70 11
2
143 121 8
128 91 11
1
124 88 19
0
0
2
122 93 9
134 142 13
3
125 102 0
54 47 23
139 93 24
1
105 70 16
0
3
126 100 13
121 94 16
81 75 23
0
1
93 80 1
2
132 107 7
94 77 24
0
0
3
165 129 19
119 88 22
153 140 24
0
0
3
101 78 0
85 64 3
177 146 4
1
176 159 16
0
2
90 78 0
83 72 12
1
131 102 9
2
127 101 7
114 86 10
2
164 152 14
95 89 16
0
2
71 50 14
119 112 22
2
132 110 11
150 119 16
0
1
165 125 0
0
0
0
1
105 85 16
0
0
1
103 97 13
0
2
127 80 13
104 93 24
0
0
2
145 122 9
92 81 16
2
93 88 11
124 129 19
2
108 95 1
131 99 4
1
153 129 9
2
157 121 3
109 100 24
2
98 72 0
146 130 12
1
122 99 14
2
98 82 16
138 121 24
0
1
92 63 2
2
134 92 12
118 93 16
1
135 117 12
1
168 101 9
2
176 144 1
52 42 11
0
1
117 88 12
1
124 94 6
0
1
119 108 3
1
170 132 24
2
113 84 17
146 119 24
0
1
163 122 17
1
153 129 13
3
171 111 11
102 84 16
131 114 18
1
127 119 3
0
2
108 93 6
156 122 16
1
139 96 0
2
62 40 0
124 84 9
1
85 56 16
2
125 99 4
98 89 16
0
1
97 89 23
0
1
126 121 3
1
174 154 17
1
135 126 24
0
1
153 118 16
0
2
159 146 3
180 131 13
1
110 72 11
0
0
1
112 93 16
0
0
0
1
174 131 17
1
92 90 23
1
147 143 1
1
118 97 0
1
160 135 18
0
0
0
0
2
122 95 2
168 135 21
2
138 103 1
101 75 18
0
2
107 106 17
122 117 22
0
1
163 113 8
0
1
109 86 1
1
120 110 9
2
156 138 3
130 89 20
1
174 127 6
1
143 97 23
1
143 120 19
0
2
120 67 11
104 78 16
0
1
165 138 16
3
124 116 2
160 106 9
66 52 24
2
135 106 9
145 108 11
0
0
0
2
163 126 3
113 87 12
2
122 89 0
160 144 12
0
1
131 118 3
3
120 99 3
120 100 12
136 136 18
2
152 118 10
98 96 14
0
0
0
0
1
149 142 10
2
124 133 9
148 99 10
0
1
110 106 24
1
123 85 10
1
130 117 2
1
106 83 12
1
160 143 2
2
133 120 12
109 71 24
0
0
0
0
2
160 134 3
95 99 4
0
2
128 111 0
104 98 2
0
1
223 183 11
2
143 129 5
126 88 9
1
143 131 1
1
155 101 19
0
1
124 85 3
1
135 102 18
1
78 63 12
1
95 85 16
1
113 113 19
0
0
3
114 89 2
179 160 16
117 87 24
3
151 135 11
190 141 18
163 125 23
3
101 86 1
144 121 10
146 100 11
1
155 136 2
1
137 98 15
1
113 79 3
3
105 82 14
169 113 16
159 138 18
0
1
140 94 16
1
177 136 11
0
3
159 103 7
162 161 12
202 137 14
3
104 70 9
109 82 16
118 88 17
0
2
121 123 16
106 84 23
0
2
176 133 11
158 111 15
0
1
121 110 12
1
143 111 1
3
176 137 0
179 145 1
126 113 7
3
211 192 2
127 97 11
141 90 23
1
158 129 1
2
137 124 16
166 140 17
0
0
3
121 107 3
125 101 4
123 98 14
0
0
2
130 96 12
146 135 21
1
115 101 11
2
158 108 0
166 111 24
1
160 137 13
1
184 158 1
3
119 105 2
160 123 14
134 117 23
1
131 112 19
0
4
131 102 2
202 146 19
182 132 23
160 101 24
1
162 160 5
1
172 149 10
1
185 113 0
1
120 94 4
0
0
0
0
0
0
2
188 181 3
183 140 9
0
2
164 121 0
155 97 10
1
214 193 24
1
120 112 4
2
118 95 9
133 106 17
3
149 105 0
103 71 22
145 118 24
2
118 100 10
157 134 12
1
213 162 16
1
156 76 13
0
4
143 114 1
103 97 2
139 118 17
132 109 19
2
166 174 19
140 83 24
2
165 127 3
141 135 21
2
139 106 2
153 110 22
2
132 91 2
172 153 17
1
187 164 16
2
166 151 18
143 110 24
0
0
0
2
133 103 3
125 111 24
0
0
1
198 151 8
1
160 126 11
0
3
119 92 1
87 70 3
151 90 11
1
112 100 2
1
177 103 14
2
138 91 1
141 127 17
0
1
157 142 23
1
166 128 9
