5 2 5 3 5 3 6 4 6 2 1 5 5 8 3 1 3 7 8 4 4 2 1 1 7
0
0
1
7 6 24
1
8 6 6
2
7 4 0
8 7 18
3
7 5 8
9 6 11
10 8 13
3
9 6 8
10 8 11
8 6 21
1
10 8 19
1
8 6 8
1
10 8 5
1
7 5 20
2
11 7 9
7 5 17
2
11 9 18
10 8 20
1
5 4 0
0
0
3
11 10 2
7 5 13
14 12 23
0
0
0
0
3
10 6 1
13 11 7
9 6 12
2
10 8 0
10 8 7
1
8 6 20
0
1
9 8 20
0
1
10 6 2
0
0
2
13 12 11
8 6 19
1
14 11 20
0
2
12 8 2
14 11 4
0
0
0
0
0
1
9 7 19
1
16 14 2
1
14 11 24
2
14 12 4
14 10 17
1
11 7 13
1
13 12 24
2
18 13 11
13 11 18
1
17 13 21
1
9 7 16
1
20 16 18
1
11 11 13
0
0
0
0
0
1
17 13 1
1
12 9 13
0
0
2
13 8 9
11 8 19
1
16 16 24
1
14 13 19
2
21 17 1
19 17 11
1
18 16 3
2
14 12 1
18 14 8
1
23 17 7
1
22 17 9
1
13 12 18
1
20 17 17
2
18 15 14
17 14 17
1
16 9 12
1
16 15 0
2
21 15 7
18 13 18
2
22 18 9
22 16 19
0
1
13 12 14
1
25 21 0
0
3
10 8 2
21 21 6
13 12 24
1
23 18 7
2
20 16 7
27 23 18
0
0
2
19 17 11
21 14 18
1
18 12 17
0
0
0
0
2
17 12 11
17 15 24
1
17 13 0
0
0
0
1
25 25 8
4
20 18 12
19 16 16
14 11 18
25 21 24
0
0
0
1
22 17 13
1
20 17 13
2
20 21 2
28 19 15
4
23 21 5
22 18 8
23 22 17
24 20 24
1
29 31 8
0
0
2
17 13 18
29 22 21
0
0
2
21 21 18
20 15 24
2
20 17 8
27 24 14
0
1
32 18 20
0
1
19 14 20
2
27 16 18
21 16 22
3
18 12 7
24 22 18
20 13 19
1
30 21 2
2
25 19 8
35 31 11
0
0
1
24 22 2
1
25 21 11
3
33 25 2
29 27 16
25 26 18
3
30 26 0
28 22 20
22 18 22
1
34 25 20
1
29 23 20
0
0
2
24 20 4
25 19 9
2
23 15 13
35 31 24
0
1
26 18 17
0
2
25 18 3
22 13 4
0
4
28 22 6
28 16 15
29 24 17
25 19 18
1
26 20 0
1
19 15 18
0
1
38 29 13
0
1
18 14 2
2
14 11 20
23 17 24
1
25 25 11
2
29 27 18
24 23 19
2
28 27 2
30 24 19
2
24 17 12
34 22 18
1
31 21 7
0
1
19 14 20
0
1
24 20 0
1
27 28 13
1
31 25 4
2
37 28 13
23 19 17
2
37 25 6
27 21 18
2
41 33 7
32 21 13
2
56 41 12
37 29 22
0
1
35 24 13
0
1
28 25 8
1
37 26 24
1
32 28 13
0
2
34 26 8
36 24 9
0
0
1
38 27 5
0
1
44 37 15
2
28 20 9
37 26 18
0
1
27 20 4
1
32 27 7
1
26 21 24
0
1
37 31 21
3
45 31 0
21 16 8
24 21 13
2
27 21 1
38 30 4
0
2
40 37 11
44 32 14
0
1
30 24 21
1
36 26 6
1
43 34 24
0
1
36 31 17
1
44 30 4
2
46 31 12
34 22 22
3
37 37 8
39 32 11
39 35 12
1
32 26 8
3
47 29 4
42 27 6
33 24 18
0
0
0
1
46 37 24
2
32 26 4
43 32 24
2
52 44 0
41 27 18
1
46 45 14
3
38 30 4
30 22 6
41 36 18
0
0
0
2
36 30 13
36 30 15
3
22 20 12
32 25 17
29 24 18
0
0
0
0
2
33 28 4
40 36 6
2
40 27 3
40 35 17
3
43 33 11
30 24 20
46 37 21
2
40 32 6
38 34 14
0
1
44 35 2
2
50 42 2
43 35 19
1
43 36 6
0
0
0
0
0
1
41 31 1
1
43 31 12
0
1
54 51 24
0
0
2
44 36 6
41 29 7
1
24 14 24
3
50 33 8
43 34 16
48 33 24
0
0
1
42 37 19
2
42 30 9
43 35 12
0
1
39 34 15
2
63 60 0
43 34 20
2
18 12 3
31 28 20
1
51 53 19
0
1
32 29 12
0
1
47 35 13
1
51 45 18
1
48 41 13
2
29 19 2
33 27 24
0
0
1
49 34 24
0
1
33 21 18
1
52 36 12
4
35 26 6
51 47 12
41 22 18
61 58 20
0
2
34 26 11
50 43 17
1
40 34 2
1
45 30 24
0
0
1
53 49 4
3
39 28 6
51 32 7
52 35 17
0
1
46 34 5
0
1
42 32 19
2
70 57 11
27 24 20
2
58 38 16
44 39 18
0
0
2
39 30 4
59 35 7
2
46 33 17
51 46 18
0
2
38 33 4
60 49 5
2
34 29 0
56 46 20
3
63 44 7
56 29 8
37 29 13
0
3
47 45 5
45 37 20
49 35 24
2
36 27 2
42 30 8
2
39 34 4
53 33 22
0
0
0
2
35 31 0
52 30 24
4
48 39 0
37 30 4
50 40 11
46 41 13
1
79 54 16
0
0
3
48 36 4
57 48 13
39 37 21
1
59 49 8
0
1
67 45 14
0
1
45 29 7
0
1
61 48 4
1
39 37 7
1
37 30 21
1
65 56 18
0
1
56 37 22
3
52 48 2
72 61 13
65 41 20
1
41 32 13
3
54 40 0
68 62 8
32 31 24
2
44 31 4
68 59 18
0
1
67 59 0
2
56 36 13
70 53 16
1
51 39 20
2
70 53 6
67 60 11
0
1
57 49 11
3
49 55 5
64 49 13
70 59 15
1
43 27 0
0
4
47 48 0
40 33 11
56 42 18
54 44 20
0
1
54 31 16
2
86 65 6
70 52 11
2
68 55 8
71 53 21
3
55 52 8
42 37 11
69 60 13
0
0
0
4
41 36 2
40 33 11
57 41 14
47 39 19
2
76 60 6
90 70 14
1
40 38 6
3
41 23 0
75 59 6
59 39 11
0
2
31 26 11
73 60 24
0
3
61 45 13
52 33 16
55 37 17
0
2
57 48 0
51 39 3
0
2
50 37 7
52 34 17
2
50 40 9
51 42 11
0
0
0
3
74 67 0
60 42 11
44 39 18
0
1
62 51 13
4
49 38 5
65 49 7
53 39 8
64 48 13
0
2
84 67 11
46 28 18
1
36 20 23
2
89 82 18
46 38 24
0
1
74 48 11
2
65 41 3
73 63 13
1
80 58 2
2
74 77 8
64 42 13
0
3
64 50 3
73 55 13
44 33 20
3
69 54 9
74 56 14
69 68 19
0
1
77 60 0
0
2
85 68 7
65 43 12
0
1
61 45 16
1
45 38 12
2
62 59 17
58 39 22
0
3
81 83 11
71 48 13
71 62 17
0
1
37 28 0
2
65 47 11
46 29 17
2
59 59 13
73 64 17
0
2
81 50 8
60 51 19
0
2
62 49 7
58 56 20
1
62 47 13
1
45 28 16
0
2
59 51 0
41 28 13
1
68 62 1
0
0
4
78 63 7
61 55 12
68 52 19
55 47 20
0
2
68 46 2
63 57 24
1
65 45 21
0
0
0
3
70 57 7
57 49 8
86 67 17
1
73 62 8
1
69 47 18
0
1
60 54 5
0
0
2
57 54 0
38 29 13
3
58 46 0
69 63 6
62 56 17
1
96 84 12
2
72 61 4
78 57 19
1
61 42 12
1
52 44 18
2
53 40 0
61 54 2
1
54 49 3
1
78 53 19
0
1
88 72 4
1
67 51 14
1
55 39 24
1
53 54 10
1
50 36 23
0
1
68 57 13
1
44 36 8
0
1
68 59 17
1
86 63 0
1
47 40 2
1
69 55 18
2
90 74 2
59 40 16
3
51 44 8
68 55 15
89 69 20
3
100 85 2
57 44 6
54 41 11
1
123 96 8
0
1
74 64 21
1
84 61 5
2
68 50 8
62 48 13
0
2
88 75 2
63 46 9
1
87 76 20
0
1
51 36 16
1
84 71 11
0
2
83 75 18
83 52 20
1
64 53 20
2
101 70 0
70 62 15
1
66 60 18
0
1
44 43 19
0
1
57 42 13
2
81 71 19
99 74 21
1
81 66 12
1
81 73 6
1
70 71 2
2
103 82 2
87 78 20
1
69 54 9
0
2
47 39 11
55 44 13
2
78 57 4
72 62 13
0
1
99 89 0
1
98 79 13
1
57 41 18
1
100 70 7
2
68 39 17
109 84 24
2
59 43 22
50 41 24
1
61 47 19
0
1
75 61 15
0
1
85 74 19
1
53 47 3
1
79 55 0
0
0
0
1
69 58 4
0
1
73 54 19
1
67 52 14
1
81 67 20
1
74 56 18
1
80 57 6
1
52 53 2
1
60 46 14
1
74 53 18
1
74 68 4
0
1
55 50 8
2
101 78 0
87 57 19
4
72 68 0
85 63 6
89 61 8
113 69 16
1
96 76 24
1
47 42 13
1
105 92 6
1
73 72 8
0
0
0
1
84 59 17
1
81 68 24
3
79 56 2
103 88 13
96 67 17
4
54 43 1
69 53 8
113 90 12
79 62 19
1
95 88 24
2
96 70 0
96 71 17
0
0
0
1
61 49 19
2
63 53 19
103 74 23
1
87 70 12
1
115 85 16
1
76 72 16
1
88 78 18
1
80 65 17
4
74 58 11
88 67 12
90 72 14
89 81 17
1
66 57 16
4
87 83 0
78 76 14
62 44 17
68 54 19
3
91 63 13
97 74 16
82 62 18
1
84 64 24
1
82 56 12
1
101 80 12
1
80 56 10
0
0
0
2
109 79 16
88 67 18
1
89 88 3
2
75 51 11
95 73 13
0
0
1
102 69 17
2
97 78 6
103 82 18
2
98 82 3
62 50 9
1
108 90 0
1
63 52 6
1
81 64 11
2
53 38 4
91 82 8
1
86 85 15
0
1
86 66 9
0
0
2
82 64 1
71 66 6
2
83 65 0
112 75 24
0
1
83 61 17
1
84 72 13
2
101 92 6
117 83 10
0
2
108 64 6
104 79 17
3
69 40 6
41 31 10
118 92 14
0
1
83 63 13
2
87 65 4
60 46 24
1
77 67 12
0
0
3
111 93 0
98 82 2
103 96 18
2
109 103 2
62 41 18
0
3
66 54 0
89 64 1
114 89 6
1
114 73 7
3
77 56 12
110 88 17
95 75 24
2
73 58 6
92 69 18
1
104 74 24
1
105 97 19
0
2
93 93 18
89 85 24
2
62 41 16
112 94 22
1
108 111 0
0
1
106 98 18
1
94 70 6
1
90 61 18
0
1
73 76 0
0
1
74 56 8
0
0
0
2
151 113 13
110 91 24
2
78 58 13
78 64 21
2
106 95 4
104 78 7
1
67 45 24
1
99 75 8
1
115 92 8
0
2
111 97 7
69 51 19
0
2
94 85 17
89 70 24
2
95 79 6
73 73 24
1
125 112 13
3
102 71 0
67 46 20
75 61 24
0
0
2
117 96 17
85 63 20
0
1
109 100 17
1
89 63 0
0
0
2
90 82 0
94 63 20
2
90 72 11
110 62 24
1
60 53 7
0
2
105 81 13
112 103 18
1
113 94 13
0
3
85 60 2
102 88 13
86 62 18
2
92 76 2
113 94 4
0
3
93 94 1
116 112 12
81 75 17
1
71 62 6
1
92 72 20
0
2
123 107 13
136 97 24
2
113 89 3
55 33 6
2
96 44 3
58 36 11
2
74 52 11
107 89 18
1
122 94 12
1
98 92 4
2
99 93 2
115 78 8
0
1
114 88 11
2
70 59 8
140 101 13
1
100 81 11
2
112 82 8
98 90 24
3
84 70 2
109 99 16
151 122 20
2
97 81 13
136 107 14
4
126 66 0
70 54 13
109 79 19
129 114 21
4
114 83 2
111 101 8
71 53 11
164 140 20
0
0
1
87 73 11
1
114 95 12
0
0
1
105 71 13
1
117 86 0
1
79 51 17
0
0
3
121 112 0
116 97 2
55 35 19
3
90 84 6
98 77 16
73 54 17
3
78 67 8
91 83 14
138 132 20
1
128 85 13
0
1
79 56 23
0
1
141 114 0
1
98 84 17
1
144 109 23
0
1
101 78 8
2
63 61 17
89 71 24
2
120 80 8
106 74 24
1
95 81 13
0
0
1
102 76 24
0
0
2
90 68 9
82 57 18
2
112 83 0
142 102 17
0
2
99 90 12
105 85 13
1
169 137 5
2
127 79 2
134 104 4
0
1
148 114 9
1
90 62 3
0
1
100 57 9
3
120 81 12
73 55 13
93 74 17
0
2
105 78 4
110 117 13
1
96 62 9
3
135 98 8
122 96 11
101 87 22
1
77 58 13
0
0
2
146 121 8
147 98 12
1
97 87 18
0
3
113 87 1
95 78 2
121 90 11
0
0
0
1
94 68 6
1
125 96 1
0
0
2
90 66 1
89 57 24
2
113 93 18
89 74 20
3
141 111 7
108 88 8
97 79 16
3
150 118 5
124 108 7
80 67 19
4
85 60 2
131 117 8
69 60 10
104 94 18
0
2
91 86 3
101 75 18
2
108 77 13
72 54 24
1
126 106 17
2
122 82 8
106 104 24
0
2
65 49 4
130 98 13
1
106 79 0
0
2
126 87 8
143 110 16
1
113 111 18
2
132 114 13
92 49 16
2
131 83 2
126 100 3
3
119 96 12
114 83 19
111 84 24
1
99 88 22
1
128 88 1
0
2
145 124 17
120 108 22
0
1
119 93 2
1
79 73 16
0
1
104 73 13
2
104 73 6
124 76 20
1
119 90 18
2
83 55 2
87 64 6
0
3
110 93 8
119 108 10
80 55 12
0
2
116 86 1
98 88 3
1
120 83 5
1
122 86 12
1
115 87 0
0
2
115 82 13
127 97 20
2
131 110 14
88 82 18
0
2
35 29 3
103 85 6
0
1
109 91 12
2
130 115 8
86 65 12
1
98 102 24
3
99 68 7
132 87 12
136 91 18
2
105 84 1
91 77 17
0
2
116 123 1
149 131 8
2
123 114 2
159 130 12
1
93 72 5
3
109 97 7
109 87 8
101 95 20
0
1
105 72 12
3
86 50 0
104 91 4
117 85 11
1
64 53 12
1
124 102 0
2
104 73 2
157 119 17
1
114 83 18
1
102 78 21
2
67 56 17
91 48 19
0
3
69 58 0
159 146 4
121 98 24
1
108 72 19
1
135 99 17
1
109 83 6
1
113 78 11
0
1
138 140 14
0
0
1
135 76 20
0
0
0
1
152 109 6
1
114 98 20
1
178 137 15
2
122 97 4
173 118 18
1
118 93 20
2
109 79 5
118 98 12
1
97 70 20
1
123 96 6
1
123 104 18
1
121 79 0
0
2
106 79 10
146 88 17
0
2
140 116 13
169 119 18
2
89 63 19
148 109 24
2
117 93 8
141 112 16
2
191 147 16
110 95 20
2
113 75 4
96 65 6
0
2
112 75 8
157 131 13
1
149 145 16
0
1
135 119 20
1
78 55 12
1
111 72 0
2
154 111 7
78 67 15
0
1
181 170 4
1
120 86 6
0
2
161 129 11
136 111 24
1
145 126 6
0
1
111 87 24
1
162 112 2
0
0
1
94 77 24
0
0
0
0
2
98 84 17
121 86 20
0
2
135 102 2
86 72 16
0
2
138 103 13
153 114 18
1
144 139 13
0
0
2
177 154 12
109 72 18
1
134 97 16
0
0
1
148 123 17
0
3
60 44 6
109 76 9
143 122 14
2
138 135 0
111 67 14
2
157 113 4
136 84 8
2
175 132 20
158 136 24
1
173 123 6
0
0
2
134 111 8
147 108 19
3
59 50 3
101 53 21
182 153 23
2
143 105 0
176 165 14
0
2
131 107 13
82 67 24
3
101 89 3
161 125 17
128 110 24
4
131 119 2
127 110 6
145 141 15
130 124 24
0
1
130 91 8
1
107 78 15
0
0
0
0
0
1
126 104 14
2
114 103 4
119 94 9
0
4
161 113 2
121 104 13
123 125 16
87 87 18
1
128 112 7
0
3
106 95 8
155 121 12
104 99 18
0
3
156 115 5
143 107 18
117 111 24
0
2
123 94 6
106 101 9
1
145 111 2
2
127 95 3
140 102 5
1
121 96 0
0
1
143 124 8
3
101 70 2
182 155 6
137 121 18
0
0
1
141 129 19
0
0
0
0
1
140 126 7
0
0
0
1
153 123 6
2
200 155 16
121 97 18
0
3
106 95 4
109 90 11
117 85 20
0
1
120 107 10
4
184 167 0
91 76 11
147 115 15
120 80 17
0
2
91 74 17
202 186 24
0
2
98 80 6
116 96 9
2
157 156 17
137 113 18
2
113 82 6
171 147 17
0
1
171 160 19
1
145 105 18
1
136 96 5
0
3
206 158 7
162 115 9
179 153 12
1
150 139 4
0
1
143 113 15
2
73 55 6
158 92 11
1
197 161 24
0
3
146 112 8
159 130 17
152 108 24
0
2
120 119 2
124 95 11
2
149 130 12
140 133 21
0
0
0
0
1
123 105 8
0
0
2
123 108 6
96 70 11
0
2
126 120 7
134 115 18
0
3
135 121 2
129 117 13
187 124 16
0
0
1
131 100 17
2
102 76 7
166 137 17
2
159 106 3
150 107 8
1
99 76 11
0
0
1
166 135 7
3
162 147 4
107 106 6
123 101 8
1
125 102 14
0
2
88 67 12
174 167 13
0
0
0
2
141 104 12
64 54 24
0
1
144 121 24
0
1
175 149 18
1
150 117 24
0
0
1
132 102 17
0
1
86 63 20
0
0
1
158 97 19
2
101 83 11
174 151 15
0
1
157 149 7
0
0
0
1
133 110 4
0
1
149 132 4
1
166 144 17
1
122 97 4
2
63 53 16
168 137 17
0
0
1
142 123 2
2
195 136 8
123 97 19
1
181 144 23
2
119 81 4
121 104 17
0
3
166 160 2
155 117 13
118 99 14
3
170 116 3
168 94 12
191 159 24
0
2
113 80 4
154 122 17
0
2
157 88 2
205 166 21
1
120 80 20
1
180 156 18
1
197 180 24
0
3
184 121 12
117 96 18
157 89 20
1
127 71 0
1
120 96 13
1
168 140 11
0
1
163 128 13
1
141 112 13
1
150 106 20
1
135 114 3
1
167 135 19
1
158 115 17
1
142 141 18
2
146 116 4
121 78 24
2
171 118 9
181 139 20
2
158 134 0
113 74 4
0
1
196 162 17
0
2
158 95 18
128 108 24
1
129 87 18
2
158 119 18
114 93 20
1
174 140 0
0
0
1
110 94 12
0
4
183 169 7
166 109 12
197 190 18
179 153 22
0
0
1
155 110 7
0
