7 4 5 1 5 1 7 1 7 7 6 4 4 3 8 6 3 2 8 6 7 3 8 4 3
1
5 4 10
1
10 9 15
3
6 5 14
5 4 16
6 5 23
3
8 6 0
5 4 14
7 6 21
1
8 8 12
2
8 7 15
9 8 19
1
10 8 12
1
9 7 15
1
8 6 8
3
9 6 2
7 6 13
10 7 17
1
10 8 9
2
7 7 6
7 7 16
2
10 8 10
8 7 17
2
7 5 12
9 7 22
0
1
8 5 2
1
10 7 20
2
11 9 0
6 4 18
3
10 10 6
10 8 8
7 5 15
1
9 6 14
1
10 8 5
1
8 6 14
0
2
10 6 11
8 8 14
4
12 8 0
12 8 2
9 7 13
12 11 18
3
9 9 4
9 8 18
8 5 20
1
11 10 22
0
1
10 8 0
1
11 8 20
1
10 6 21
0
2
15 13 6
13 10 23
2
9 8 12
15 10 20
1
11 9 2
0
1
15 11 8
0
1
12 12 8
3
16 13 8
14 14 18
12 9 24
0
1
16 10 12
1
7 6 9
1
15 11 8
0
1
11 9 9
1
19 16 20
4
8 8 19
17 12 20
9 8 21
13 7 22
0
1
11 7 4
1
12 9 8
0
1
13 11 9
4
16 13 1
16 10 11
13 13 15
16 15 23
2
17 13 6
6 4 24
0
1
13 10 7
1
18 12 19
2
10 9 2
16 12 6
1
17 12 6
0
2
16 14 8
12 11 22
1
16 10 1
0
0
2
20 17 3
21 16 4
0
0
1
12 10 14
2
12 10 0
21 14 10
0
2
15 12 1
21 14 9
1
12 11 1
1
20 10 16
0
1
13 11 18
2
18 15 0
11 8 1
0
2
17 14 2
16 12 8
4
19 14 3
24 21 9
22 19 10
22 19 21
1
17 17 22
1
18 13 20
3
28 21 1
16 12 17
16 15 23
0
0
1
19 16 2
3
18 17 2
25 23 9
24 22 18
0
1
20 13 14
1
29 22 3
2
20 15 20
24 21 21
0
0
4
21 19 1
26 23 9
23 19 12
21 16 14
0
0
2
26 19 2
15 11 8
1
13 10 21
0
2
22 18 2
23 18 4
3
22 18 10
20 13 12
24 17 22
0
2
27 23 2
21 17 10
0
2
26 19 8
21 17 23
1
26 19 2
0
1
23 16 19
2
21 18 6
20 17 8
1
24 20 1
0
1
23 16 10
1
27 18 4
2
29 23 10
25 17 20
0
1
21 12 22
2
15 11 8
28 17 10
1
28 31 0
2
30 25 2
31 26 19
2
20 19 20
21 20 22
2
26 20 22
33 25 24
1
33 20 0
2
26 19 18
24 20 22
1
21 15 19
4
25 15 11
22 17 15
29 27 18
29 21 21
1
27 20 20
2
25 18 0
26 18 23
2
28 23 6
27 18 18
2
25 26 10
30 27 19
1
24 21 0
2
29 22 14
23 17 22
1
31 26 24
0
1
26 25 13
1
31 23 23
0
0
0
0
2
18 16 9
20 16 15
1
27 16 22
0
1
24 22 24
1
45 40 23
1
33 23 18
1
30 26 1
1
30 24 15
1
30 21 8
0
0
1
30 23 14
1
27 23 19
0
0
2
36 29 1
26 21 6
2
30 21 4
26 22 11
2
30 23 6
25 22 20
1
29 21 16
2
25 18 18
27 18 22
0
1
29 27 5
1
36 30 20
1
24 18 14
0
0
2
42 34 11
34 25 22
2
42 31 9
27 15 10
1
38 22 9
2
28 20 12
39 33 22
3
36 38 14
29 23 20
37 28 22
0
2
38 31 9
42 39 21
1
29 23 14
1
19 14 4
4
46 44 4
34 28 17
29 24 18
40 32 21
1
36 32 4
1
24 21 9
2
38 35 6
45 36 20
0
2
37 34 7
29 25 20
2
42 34 2
30 28 8
3
32 19 4
42 34 10
40 32 18
3
24 22 4
29 22 11
33 29 14
0
3
39 26 1
35 25 18
26 21 22
0
0
2
39 29 9
34 26 24
1
32 30 23
1
31 26 18
0
2
34 27 0
38 28 11
0
1
36 32 0
1
22 19 22
0
1
26 19 9
1
41 36 18
3
32 31 11
34 31 18
42 38 20
0
1
43 36 4
0
1
44 34 0
2
37 31 10
31 27 22
0
1
41 39 7
1
43 24 18
2
27 19 18
38 24 22
1
48 38 10
2
39 38 12
54 38 22
1
44 36 14
1
39 27 9
1
40 29 2
1
24 21 14
1
33 30 12
2
27 22 2
34 29 23
2
49 38 8
48 45 13
1
52 47 1
0
1
47 28 23
1
34 22 9
2
37 31 12
37 34 14
2
50 45 6
41 39 16
2
41 28 2
40 34 22
1
44 45 19
4
32 22 1
41 30 2
26 16 4
33 24 22
2
35 25 0
62 38 10
4
57 43 4
45 36 8
42 40 9
42 34 19
1
31 24 4
0
2
27 22 4
53 33 19
2
37 29 1
55 30 4
0
1
54 57 20
1
50 40 9
0
1
41 31 11
1
58 53 20
1
27 20 19
5
43 37 0
44 34 6
54 45 14
39 33 15
37 32 18
2
51 34 5
34 18 9
1
38 26 22
1
48 34 14
0
0
1
45 30 4
0
0
0
0
0
2
34 32 18
50 48 20
1
51 41 18
2
45 36 0
33 32 23
1
54 41 16
0
1
40 35 23
0
2
37 34 1
53 43 3
0
2
53 41 4
37 21 20
2
46 37 6
48 44 20
4
59 36 6
45 35 11
32 27 13
52 42 20
2
61 52 2
38 26 14
1
58 48 13
1
54 48 1
1
53 45 1
0
0
2
29 24 4
43 32 21
1
57 30 22
3
51 38 0
53 37 11
53 41 12
2
40 28 1
71 62 18
3
57 43 9
52 39 15
44 34 22
1
50 41 5
2
48 49 1
61 44 22
1
19 13 21
0
3
49 39 13
63 51 19
40 37 23
0
3
46 40 0
54 44 19
45 36 24
0
2
46 35 4
59 46 23
0
0
0
0
2
32 25 6
50 42 18
1
47 39 0
0
3
47 40 6
56 39 9
50 40 12
2
52 47 18
37 33 24
1
55 40 20
0
1
67 61 8
0
0
0
2
32 22 6
65 52 11
2
64 47 4
63 62 8
1
28 21 1
3
42 40 8
59 44 17
70 46 19
3
58 40 12
55 51 21
50 36 24
3
33 27 13
45 39 14
47 35 19
0
1
63 51 10
0
3
60 44 0
63 47 12
36 36 20
0
1
64 54 22
0
2
37 33 3
66 34 12
2
70 66 6
65 59 13
1
54 43 15
2
57 40 16
64 62 19
4
30 22 0
73 65 4
67 62 13
53 46 15
1
42 36 19
3
58 47 8
46 43 16
44 40 20
1
38 32 1
3
29 28 8
41 30 10
67 50 14
1
53 39 0
0
5
49 53 9
76 71 14
47 41 15
54 41 20
66 56 21
1
60 47 4
1
56 43 16
2
55 44 20
58 35 23
1
61 48 14
0
1
49 46 13
1
42 29 6
1
47 33 22
1
50 49 23
2
57 45 1
56 52 11
2
73 58 14
60 46 15
0
2
58 46 0
62 59 4
1
75 72 8
2
49 34 8
58 46 19
1
43 36 12
2
55 46 18
62 56 19
0
0
2
46 37 0
55 52 6
1
60 41 19
1
67 63 20
2
63 49 4
52 39 10
0
0
0
0
2
58 64 14
92 88 21
0
1
76 54 9
2
77 58 13
69 57 20
3
74 49 0
60 53 2
39 29 8
2
56 45 15
58 35 22
0
3
52 39 4
72 45 8
63 54 15
0
2
68 47 6
83 81 19
0
0
1
51 34 4
3
74 59 0
40 36 11
56 45 12
2
86 62 11
74 67 20
1
51 39 17
1
70 57 0
2
49 34 8
71 70 16
2
68 62 8
63 49 20
1
54 52 23
2
51 48 18
63 38 19
2
69 55 20
53 43 22
1
67 49 4
0
2
79 63 0
75 66 22
1
80 70 15
1
80 53 14
0
2
50 45 12
51 27 20
0
2
79 66 1
54 47 20
0
0
1
66 54 9
0
3
50 33 14
46 34 19
60 42 22
3
75 62 1
78 53 2
77 56 14
0
1
74 64 6
2
57 45 6
54 48 19
2
82 76 16
68 56 17
1
57 43 9
2
71 68 14
50 34 22
2
73 53 15
65 56 18
1
70 49 20
5
52 47 1
49 39 5
86 68 8
46 48 14
72 40 19
1
77 53 9
1
76 48 20
2
86 77 13
56 43 21
3
54 38 0
80 78 11
44 34 15
1
62 42 0
3
71 63 4
64 45 7
79 62 22
3
67 47 12
41 36 14
66 58 16
1
83 73 6
1
62 48 9
3
41 33 0
64 46 20
68 49 24
1
72 64 8
0
0
2
78 78 15
73 49 23
2
56 46 0
74 58 16
2
74 50 13
80 60 16
0
0
3
81 61 1
103 79 20
68 53 22
0
0
0
0
0
0
2
89 84 8
57 46 18
0
0
0
2
79 69 0
57 40 20
3
40 36 6
57 45 8
49 39 23
0
1
96 76 6
0
1
45 41 19
0
1
88 73 9
0
1
71 53 4
0
1
73 65 13
1
86 73 15
0
1
68 58 18
2
81 68 19
62 66 22
5
52 50 9
96 68 11
86 82 14
45 36 15
87 66 17
1
102 76 19
2
69 43 14
78 60 24
2
64 60 9
74 61 15
1
92 73 17
1
81 55 15
2
80 65 8
61 49 19
1
90 72 8
1
71 55 23
1
77 64 9
0
0
1
81 58 9
0
1
49 38 12
1
62 51 24
2
91 73 16
79 67 20
2
61 47 4
98 83 14
0
1
57 51 18
1
115 63 6
1
88 76 12
1
61 39 13
2
107 83 8
65 53 23
0
0
2
101 74 9
83 63 14
1
104 93 22
1
88 67 0
4
56 52 4
89 69 8
78 69 16
66 53 19
1
69 58 20
2
92 87 8
72 40 14
1
61 47 8
1
111 84 18
0
1
78 73 20
1
70 64 6
2
73 58 11
49 30 15
1
52 41 14
1
59 42 12
0
2
97 98 14
66 48 22
3
65 46 10
64 48 15
87 88 20
1
53 52 11
1
58 42 18
0
3
70 71 8
87 70 14
77 58 20
2
60 64 9
58 46 20
1
100 83 22
5
75 45 9
94 64 11
73 46 13
77 49 14
82 74 20
1
80 59 21
1
96 51 22
2
75 60 10
67 59 20
1
87 61 8
0
3
89 72 8
76 67 9
72 50 12
0
0
0
0
0
4
52 44 0
85 68 4
105 61 8
66 52 9
1
63 55 1
1
119 104 24
2
76 64 1
70 59 23
3
95 94 8
97 70 9
78 70 20
1
78 61 12
0
2
71 65 0
100 85 13
2
63 52 18
75 61 22
1
90 77 10
1
79 64 18
0
1
67 54 11
0
1
76 63 8
1
88 78 22
2
116 99 20
69 48 22
4
80 57 1
102 93 8
66 49 22
77 61 24
1
98 77 1
0
2
85 71 1
110 111 18
1
61 50 6
1
107 110 11
4
79 56 0
62 52 10
110 90 14
59 46 15
4
51 48 8
81 76 9
90 69 16
95 90 19
2
99 74 8
78 65 21
0
1
74 55 9
0
0
1
88 66 20
0
1
90 57 0
1
87 53 15
1
82 58 17
0
3
77 66 1
42 35 2
63 59 10
2
88 79 10
86 73 14
1
69 63 21
0
3
81 55 6
91 77 14
124 99 21
0
2
107 74 1
108 66 10
1
91 61 24
2
79 70 17
76 54 22
0
0
1
107 74 8
1
77 60 20
1
104 61 21
1
100 84 9
4
68 70 5
92 76 8
93 78 15
108 84 20
0
3
96 77 0
80 71 18
65 53 19
2
100 75 10
95 75 21
0
1
82 56 10
1
80 44 10
3
91 71 3
105 82 10
112 116 24
1
79 63 17
1
104 81 10
0
1
87 71 4
1
75 71 23
1
97 78 2
0
1
119 86 0
0
1
86 69 19
1
131 96 3
1
99 85 0
3
86 53 10
72 64 18
87 67 20
0
2
95 85 20
100 92 22
1
133 142 6
0
5
103 87 4
118 94 11
89 78 12
95 73 21
80 47 23
4
91 64 5
113 93 10
94 92 20
69 56 21
1
99 92 20
3
90 67 2
83 84 17
87 59 18
0
1
92 61 18
1
60 44 18
2
99 86 0
76 53 8
1
99 74 13
2
79 65 0
91 85 11
1
89 67 22
0
0
1
96 68 8
2
84 66 8
71 56 18
1
82 62 22
1
105 88 16
1
101 74 8
1
89 83 11
0
1
108 99 20
2
99 95 14
82 91 24
1
83 67 2
1
128 115 14
1
90 68 22
2
88 55 11
90 81 21
2
123 96 2
126 96 7
3
61 55 0
120 87 1
111 81 6
1
105 84 20
2
109 75 11
105 97 20
2
88 59 11
87 73 14
2
78 67 18
95 68 20
2
124 101 12
126 118 16
1
70 60 23
1
126 105 20
3
118 103 8
113 99 15
93 70 19
1
99 94 4
0
0
2
97 63 0
101 80 20
1
125 84 6
0
1
119 91 24
2
101 90 2
66 73 22
0
1
84 70 9
1
87 84 5
0
1
97 72 19
0
0
0
2
111 108 1
112 90 9
2
83 60 14
75 62 19
0
2
105 85 8
89 68 20
0
2
104 84 14
86 61 22
1
82 53 22
2
102 69 0
101 79 8
1
110 77 15
1
88 64 21
0
2
120 110 3
111 80 22
1
118 109 18
0
2
85 61 8
59 46 18
1
87 76 8
2
96 71 1
94 72 8
1
106 88 0
1
48 33 6
0
0
0
2
122 101 6
146 116 15
0
1
124 102 10
2
111 105 1
116 97 10
2
111 88 14
91 83 22
2
84 65 13
85 73 21
1
89 69 4
0
4
69 62 0
93 91 12
113 100 14
85 63 19
1
122 110 22
1
121 123 20
1
60 50 8
1
110 103 15
1
97 57 18
0
1
75 60 6
1
96 83 23
0
2
118 93 2
134 105 20
1
93 79 20
1
135 75 4
2
114 80 15
104 98 21
1
92 66 14
2
95 72 0
130 91 11
2
121 98 1
132 100 23
2
63 40 17
127 95 18
0
1
70 59 9
1
116 90 22
2
124 95 4
116 108 20
1
102 74 9
1
102 84 4
1
80 76 17
3
103 84 0
128 100 1
90 83 16
1
85 78 11
1
76 51 18
0
0
3
146 106 9
151 112 17
107 68 18
1
103 80 22
1
112 76 16
0
3
129 113 4
93 80 8
83 83 21
2
138 111 15
94 74 20
1
127 88 23
2
123 104 11
91 79 18
1
113 94 8
1
102 74 10
0
0
0
1
92 67 0
0
0
2
85 75 15
115 86 18
0
0
1
143 123 22
2
121 99 10
103 88 19
0
3
162 123 0
103 90 6
115 74 23
2
122 98 3
122 85 20
0
1
89 67 18
0
1
117 106 12
0
1
85 43 15
4
104 73 0
99 86 4
88 66 14
117 96 19
0
1
119 93 8
1
107 102 22
1
128 113 11
0
1
160 109 6
3
116 93 1
128 102 4
72 55 14
1
108 88 23
2
85 57 0
133 110 1
1
119 109 15
1
129 122 18
0
4
123 116 0
155 126 5
87 63 14
116 79 19
1
92 80 2
0
0
0
0
1
108 81 22
1
102 64 16
2
89 57 4
104 79 18
1
99 88 1
2
119 110 15
123 103 16
1
126 122 6
3
127 92 9
87 69 16
105 94 22
2
142 124 10
126 86 20
0
2
122 91 2
111 84 19
1
137 92 22
4
112 95 6
140 120 8
111 97 11
98 65 22
1
122 92 18
1
118 109 18
0
3
95 63 2
163 122 14
88 73 15
1
95 69 6
1
79 73 20
1
116 96 11
0
2
118 99 5
138 110 21
0
1
91 64 20
1
100 81 16
0
1
103 75 9
3
184 149 2
91 79 14
137 126 21
1
135 115 6
0
0
1
124 103 22
0
1
119 93 13
2
113 102 4
162 132 6
1
125 89 18
0
3
183 116 10
74 62 12
141 121 19
0
0
0
1
122 89 24
0
0
0
2
166 123 12
135 90 18
1
139 119 14
0
0
3
152 132 1
145 116 7
95 78 19
0
2
98 75 16
111 90 24
1
115 99 20
2
105 74 12
134 108 13
2
165 135 8
136 115 15
2
131 101 20
123 94 22
1
159 118 18
2
91 68 18
141 137 19
0
1
186 134 22
1
194 150 20
0
0
0
0
2
148 96 19
39 36 22
0
3
127 91 17
138 131 18
159 101 22
0
1
136 92 24
0
2
142 117 2
139 105 14
0
1
132 108 18
2
91 65 1
118 106 2
1
139 124 6
1
85 60 11
1
117 111 19
1
127 98 14
2
107 87 19
131 107 21
2
125 91 14
150 110 15
1
146 102 17
1
129 83 9
0
1
92 73 17
0
1
124 78 14
2
122 109 13
144 124 14
3
154 118 6
127 108 19
87 77 20
3
160 143 2
165 124 8
143 106 12
1
115 95 19
0
2
141 138 12
97 74 23
0
3
157 119 10
133 102 15
145 143 23
1
100 91 20
1
81 77 17
2
126 102 3
115 85 6
2
114 83 9
85 66 18
0
0
0
1
150 113 23
2
142 108 14
139 94 19
1
111 91 20
2
133 119 20
117 94 23
3
105 95 6
128 108 8
145 143 22
1
159 101 20
1
102 71 4
3
113 94 8
120 80 10
204 176 23
3
120 97 0
122 90 20
173 152 23
0
0
1
120 114 9
1
164 153 19
0
3
92 72 4
113 104 14
193 158 19
1
118 93 18
0
0
2
144 106 0
179 138 18
0
2
134 78 14
66 72 15
1
175 118 15
0
1
59 43 8
2
148 139 8
121 108 18
2
138 109 19
126 99 20
2
164 153 19
131 123 20
1
166 144 0
1
117 114 6
1
124 91 1
2
106 81 0
155 110 18
2
110 73 0
118 90 14
0
1
128 93 0
1
90 72 23
1
172 117 0
0
6
194 144 8
111 77 9
174 160 10
191 165 14
101 70 16
139 117 18
0
1
152 138 1
1
141 106 14
2
154 126 18
136 121 20
0
1
116 93 8
0
0
2
190 173 9
106 83 19
1
142 95 11
0
1
159 127 13
2
139 101 4
139 112 6
2
179 135 3
162 125 16
3
57 42 4
121 117 8
140 101 10
2
113 87 20
91 76 22
0
1
113 107 3
0
3
204 183 6
141 125 10
93 86 14
1
110 87 14
2
156 128 4
111 83 11
1
131 98 7
3
134 126 0
136 98 12
126 96 16
4
151 134 8
193 141 15
113 86 18
150 123 19
1
185 121 13
0
1
75 69 22
0
1
126 95 1
0
1
126 88 6
0
1
91 73 9
1
159 101 4
0
1
146 112 20
1
102 82 0
1
128 101 13
3
144 108 4
164 156 9
152 147 18
0
1
166 121 2
0
1
123 102 18
0
2
129 112 8
134 112 19
0
0
0
1
129 99 9
2
121 88 2
140 111 23
2
173 180 14
140 107 23
1
147 120 12
0
1
103 73 2
0
2
158 113 7
111 71 13
1
173 146 8
0
2
144 88 1
132 106 3
1
144 127 11
0
1
158 112 14
1
146 101 21
1
142 104 20
4
126 133 9
126 100 14
176 182 20
167 157 21
1
121 102 18
0
1
200 172 11
2
182 165 20
204 132 21
2
142 121 7
167 138 14
1
206 172 10
2
147 112 6
190 167 23
0
0
1
110 83 19
1
132 75 23
1
137 118 19
2
79 60 9
161 149 18
2
97 83 0
125 87 16
2
169 131 8
127 131 15
1
149 97 6
0
0
1
129 78 9
1
139 109 22
2
138 105 8
152 130 23
0
1
154 112 14
1
135 135 2
3
117 111 8
136 109 18
157 123 21
1
163 148 13
1
120 91 24
1
162 126 20
1
139 102 18
5
133 110 6
98 74 10
121 105 14
161 119 15
104 82 20
0
2
124 124 1
172 143 7
1
129 110 20
2
206 137 0
160 110 19
1
120 104 18
0
2
187 142 7
175 144 24
0
2
163 152 0
161 139 9
0
2
139 88 9
158 143 22
3
137 90 12
166 119 17
215 168 22
1
140 119 23
1
123 106 14
0
0
1
246 197 19
1
179 149 15
2
137 103 16
138 103 18
1
155 158 20
2
174 133 6
121 111 18
2
157 135 0
131 101 21
1
101 84 8
1
174 122 0
0
1
164 132 1
