6 1 2 6 1 1 2 6 7 2 1 5 3 8 3 3 2 4 8 7 4 7 1 5 3
1
8 6 3
0
1
8 5 18
0
0
2
5 3 11
7 7 12
0
0
1
8 5 18
2
9 7 19
11 7 23
3
10 8 20
8 6 21
6 3 23
1
4 3 2
0
1
9 6 12
1
9 9 11
2
11 11 8
12 10 20
2
8 7 13
9 8 21
2
9 7 14
14 14 15
2
10 8 2
11 9 12
0
2
8 7 15
7 6 19
2
14 12 2
11 8 15
4
10 8 2
11 9 3
9 7 8
13 10 21
0
0
0
0
0
3
10 7 5
14 11 7
8 6 23
0
3
9 7 13
9 6 16
10 7 21
0
1
10 7 8
0
0
0
1
12 10 24
1
10 7 15
2
8 5 3
14 12 18
1
11 8 24
1
9 7 14
0
2
10 7 0
15 10 11
0
1
13 11 8
0
2
15 9 21
10 9 22
0
0
1
19 19 8
0
1
15 14 16
2
10 6 12
20 13 17
1
13 10 23
2
17 17 2
20 18 20
0
1
16 10 23
2
14 11 18
15 13 24
1
18 17 16
1
21 18 19
0
2
20 13 7
21 16 19
0
2
11 9 11
16 11 18
3
20 17 3
15 8 8
14 9 15
1
18 11 17
1
26 19 3
1
16 14 23
3
20 12 3
14 12 7
15 12 17
1
18 15 21
3
19 18 5
21 18 9
8 10 15
1
17 15 20
1
21 20 18
0
1
20 17 18
1
18 14 8
1
13 11 19
2
22 21 13
10 5 18
1
26 26 13
2
22 14 1
20 13 19
0
0
1
24 16 7
1
25 20 21
2
21 15 6
22 15 13
1
17 14 18
1
21 20 13
3
19 17 0
27 21 2
20 19 18
2
18 13 8
20 14 17
1
22 18 1
0
2
23 20 8
13 11 11
0
3
27 23 1
32 21 7
18 15 23
2
26 18 8
28 17 23
0
0
0
1
26 23 18
0
1
20 16 14
0
3
20 16 12
23 12 18
20 17 21
0
1
11 9 8
2
20 16 3
18 15 18
1
22 18 18
3
21 18 5
20 13 11
27 22 14
0
1
21 17 15
1
26 19 18
3
30 22 5
22 16 12
31 24 13
1
23 20 22
0
0
2
22 13 16
21 16 24
1
24 16 18
2
22 20 7
23 21 14
1
20 18 14
1
20 19 8
0
1
16 10 3
2
22 16 8
27 20 18
1
35 32 0
1
31 22 10
0
2
23 21 11
30 18 13
2
36 39 1
19 16 21
1
29 22 7
4
16 13 7
29 23 15
30 21 16
27 21 23
0
1
31 28 0
2
23 19 15
34 27 18
0
2
23 17 15
21 18 17
0
4
26 19 8
32 32 14
36 24 15
27 21 17
0
4
32 25 0
20 19 3
27 19 11
20 17 16
2
31 25 0
23 21 23
1
30 25 3
0
1
23 19 15
0
1
33 25 23
2
33 28 17
29 23 23
0
1
23 20 21
2
37 34 17
40 29 19
0
3
28 22 3
31 27 10
27 23 19
0
0
0
2
33 28 7
26 21 18
2
33 18 14
37 36 24
0
1
45 43 7
0
0
1
35 31 19
0
3
39 37 3
30 21 11
40 32 13
0
1
35 34 11
1
36 30 18
0
1
26 22 18
1
40 28 21
1
41 32 0
1
31 24 24
1
21 16 18
3
39 23 7
38 32 8
32 20 14
2
27 19 14
39 30 23
2
23 21 0
31 29 9
1
34 30 13
0
1
46 29 5
0
1
29 19 13
1
36 29 14
1
32 31 10
2
31 30 15
40 29 20
1
35 28 8
0
0
2
19 14 0
44 32 13
0
0
0
2
33 25 3
36 29 7
2
28 18 8
39 30 14
1
40 28 21
1
43 36 16
0
1
42 33 17
1
33 31 6
0
2
45 36 6
28 24 18
0
1
48 44 8
1
32 25 7
2
48 35 0
27 26 16
1
21 18 17
4
37 29 6
43 32 8
43 31 9
41 30 18
2
35 23 5
40 28 14
0
1
28 23 14
0
1
35 27 21
1
49 33 11
0
0
0
1
31 30 23
1
52 48 24
1
53 39 17
0
2
50 49 1
33 17 18
0
1
42 30 7
0
0
0
0
1
56 42 13
0
0
1
53 43 12
0
2
41 37 15
44 33 19
4
28 24 3
35 29 8
34 23 12
34 26 13
2
46 39 14
45 34 23
2
47 37 7
38 33 13
1
32 18 8
1
50 41 3
2
46 35 0
44 35 9
0
3
42 36 11
46 38 12
39 32 21
1
57 49 8
2
47 38 1
41 28 13
3
33 21 0
55 35 12
42 37 15
0
3
21 14 2
48 32 3
31 25 23
0
2
36 26 6
41 35 12
1
27 20 0
1
43 31 17
1
49 44 14
2
41 31 2
47 27 18
1
42 36 21
0
2
46 36 1
33 21 12
1
33 28 6
1
50 38 14
2
30 27 1
41 30 12
1
48 40 16
1
35 27 7
4
52 49 0
54 49 12
58 47 13
44 42 21
1
43 33 18
2
35 35 18
44 36 23
1
45 32 10
1
37 33 21
0
0
2
44 33 10
54 39 13
1
48 38 19
1
45 42 22
0
0
1
39 32 13
0
1
41 30 19
2
43 36 17
51 40 24
2
44 33 2
33 23 17
1
45 35 7
1
48 38 13
2
41 34 7
62 51 21
1
36 26 8
0
0
0
1
50 41 11
0
2
54 42 11
69 45 17
0
0
1
44 28 9
0
0
2
57 47 20
61 53 21
0
1
44 35 15
0
2
59 51 8
52 37 23
1
35 29 21
1
26 24 10
1
49 39 17
2
39 31 2
52 36 3
3
47 37 0
56 35 19
34 31 21
0
0
0
2
32 25 19
61 52 20
1
43 35 18
2
63 45 3
66 49 19
0
1
68 54 13
0
0
1
51 38 13
0
1
53 33 6
0
2
63 50 14
45 39 15
0
0
0
1
66 46 17
0
3
50 31 0
59 53 5
70 52 18
1
58 43 9
1
55 46 7
2
57 35 18
66 51 23
0
4
42 42 7
50 50 17
59 42 19
55 49 21
0
1
67 44 18
0
0
2
43 35 4
60 46 20
1
35 25 23
2
57 53 8
38 27 24
2
52 39 0
52 40 23
0
1
58 43 7
0
3
51 41 2
50 46 3
44 34 15
0
0
1
79 54 7
0
1
62 51 0
0
1
57 46 8
1
87 51 18
0
0
2
86 75 7
35 28 19
0
2
75 57 13
56 33 15
0
2
51 44 6
50 40 11
0
1
60 37 0
1
54 38 6
0
0
0
2
65 53 7
34 21 18
1
60 34 18
0
2
46 38 0
52 47 7
0
2
77 64 0
40 30 24
1
77 66 11
0
1
57 43 8
1
50 40 18
2
70 54 7
59 48 9
0
1
76 62 8
0
1
53 41 19
2
79 62 3
64 38 20
0
1
80 65 20
2
86 74 11
74 52 13
0
0
2
69 61 12
55 42 18
0
0
0
1
74 70 13
0
1
64 47 0
1
69 40 24
1
64 46 24
1
73 51 22
1
88 72 14
1
72 62 7
1
70 58 21
2
63 61 1
72 63 13
1
84 82 21
2
58 45 12
74 65 13
1
59 51 7
1
72 51 0
3
82 62 6
69 62 7
57 40 24
1
58 50 23
1
72 64 0
1
78 60 8
0
1
35 32 18
0
0
1
61 45 24
0
2
79 66 9
52 39 22
0
2
69 54 11
79 81 24
1
95 58 13
1
76 54 11
0
1
73 64 17
0
0
0
1
63 47 5
1
72 52 3
1
78 68 11
2
64 55 7
57 38 8
1
70 65 23
0
0
0
3
59 39 3
105 85 4
63 56 13
2
62 41 15
81 56 17
0
0
1
70 53 13
3
75 57 6
66 34 14
74 52 23
0
1
68 57 0
1
73 54 0
1
45 35 11
2
72 60 12
75 58 17
1
47 37 3
1
77 70 0
1
86 69 23
1
34 24 18
0
1
77 64 9
1
70 65 17
3
69 61 10
83 74 14
83 74 17
3
85 61 2
63 49 8
73 46 21
2
67 41 13
75 67 24
0
1
59 42 4
0
0
3
99 86 0
68 41 11
93 89 17
2
78 66 8
73 55 17
1
62 43 11
1
80 77 5
0
0
1
77 63 13
2
77 46 18
86 70 19
2
60 41 0
59 51 24
1
54 50 18
0
2
106 76 11
72 56 19
1
58 42 24
0
1
90 63 23
2
101 79 6
52 42 11
3
104 83 11
96 68 19
77 49 21
2
79 61 16
81 61 24
0
2
97 77 8
68 51 13
1
106 90 13
0
3
96 57 2
83 70 15
94 95 21
0
0
0
1
52 41 19
2
76 51 18
62 50 19
1
68 54 14
2
93 76 3
76 62 15
2
92 85 13
92 78 14
1
77 56 23
0
1
80 59 3
0
1
90 73 24
0
1
95 86 21
1
89 61 0
0
1
89 81 20
0
0
1
85 64 12
2
83 49 19
89 74 21
2
73 55 3
67 48 7
1
57 53 19
1
106 102 13
3
94 76 3
77 66 9
99 81 23
0
1
100 84 3
0
1
73 61 6
0
1
55 37 6
2
95 77 0
67 58 24
1
78 70 7
2
94 69 3
71 52 8
2
96 84 9
83 47 12
2
96 80 13
71 60 18
1
56 56 12
1
104 92 8
1
72 75 0
0
1
70 58 23
1
98 86 24
2
58 57 8
118 87 17
1
84 60 24
1
72 51 21
0
1
94 81 23
2
92 73 2
72 71 8
1
102 92 5
1
97 81 18
1
70 63 3
1
70 47 19
0
0
2
72 57 7
58 46 18
1
59 39 19
0
0
2
94 80 0
79 58 18
1
78 62 24
0
1
53 50 23
3
80 65 13
81 64 19
91 79 21
1
80 65 12
1
106 95 19
2
80 55 3
89 67 8
0
1
98 82 12
2
50 50 2
86 69 4
2
90 71 5
106 85 13
0
3
101 89 0
84 59 14
75 57 21
2
85 69 13
81 72 19
0
0
2
93 74 13
114 103 18
1
76 64 12
1
63 53 2
2
78 58 0
91 74 17
1
117 95 16
1
100 73 7
1
112 101 0
1
127 79 10
1
84 64 11
1
81 73 17
2
73 57 11
99 99 17
2
59 51 7
81 71 12
1
117 90 2
1
73 66 14
1
54 46 18
0
2
77 63 3
97 73 19
1
113 81 15
0
1
109 87 19
0
1
74 68 3
0
0
1
67 59 6
0
0
1
86 79 21
0
0
0
1
105 88 19
1
88 74 8
0
0
2
117 77 6
119 97 24
3
78 42 3
87 76 14
102 79 23
0
0
0
1
100 83 21
2
110 90 2
97 92 15
1
79 60 13
1
123 82 3
0
1
71 52 0
2
92 61 7
114 105 11
1
136 105 7
0
2
117 102 18
81 68 24
1
60 50 8
2
105 96 19
122 127 23
0
2
95 76 6
69 52 8
3
80 70 0
94 81 12
88 72 18
0
0
2
131 87 7
127 112 23
0
2
69 61 7
90 68 11
3
67 68 8
74 60 16
109 84 21
2
102 99 7
118 95 18
0
2
84 81 14
153 129 19
1
97 90 21
1
96 85 8
2
101 79 1
118 93 16
0
0
1
75 66 21
2
89 75 8
103 68 13
0
0
1
77 66 19
0
0
1
83 65 15
1
131 86 13
1
88 84 7
0
0
0
1
107 80 18
0
2
99 79 13
102 79 18
0
0
1
81 72 13
0
0
1
102 78 23
3
87 57 0
81 51 7
119 74 13
1
85 74 6
2
75 67 3
101 86 7
1
102 85 8
0
1
113 109 8
1
84 61 18
1
107 87 19
1
102 62 18
0
0
3
122 97 3
91 61 7
127 118 19
0
0
2
75 46 6
76 68 18
1
138 117 3
1
81 69 0
1
83 62 11
0
3
102 81 14
98 73 19
80 65 21
1
78 57 14
1
133 102 7
1
109 101 0
1
90 79 22
2
115 87 20
128 113 23
1
87 70 20
1
106 104 11
2
100 76 11
110 84 14
1
103 98 13
4
89 75 0
111 84 7
100 86 12
114 93 19
0
0
2
128 93 21
106 74 22
1
97 68 24
1
97 79 8
0
2
109 91 8
104 76 23
1
132 105 13
1
125 93 3
2
121 88 19
87 74 20
1
102 72 6
1
97 62 11
1
124 100 13
1
131 123 0
0
1
120 105 11
1
142 113 23
2
120 115 12
115 107 13
2
94 83 8
96 55 17
1
130 107 8
0
0
0
1
104 93 8
1
84 81 21
1
77 63 21
0
1
90 71 24
0
1
61 52 13
0
1
128 105 19
1
109 76 7
1
108 88 19
1
121 100 13
1
116 93 7
2
131 97 15
135 101 19
0
0
1
115 94 18
1
106 125 7
0
0
2
87 66 0
111 109 2
1
142 88 18
2
124 108 3
111 84 14
0
2
127 76 8
94 86 20
0
2
111 69 5
71 50 19
3
101 80 18
161 158 19
140 118 20
1
132 119 1
1
142 136 24
2
153 75 19
117 85 23
0
0
2
98 64 21
168 117 23
1
105 85 18
1
94 67 5
1
88 53 3
2
133 103 7
114 91 15
0
1
112 100 21
1
109 102 20
0
2
59 39 10
147 121 19
2
113 74 19
114 84 21
2
132 119 0
146 94 3
0
2
123 105 18
127 99 19
1
130 106 14
1
119 102 10
2
118 66 3
107 93 18
1
153 101 0
0
0
1
152 126 11
1
111 98 12
3
176 141 17
99 77 19
142 126 23
0
1
124 109 19
1
149 129 23
3
90 62 3
141 120 7
131 103 20
0
0
0
1
119 95 18
0
0
1
110 106 0
0
1
121 95 2
1
130 102 3
0
3
138 106 0
46 35 21
111 95 23
1
129 119 15
2
148 130 13
104 69 16
3
120 95 0
108 72 5
164 125 13
2
100 91 0
83 65 3
0
0
1
104 82 21
0
1
133 90 21
1
127 87 8
2
74 56 18
155 108 19
0
0
1
77 54 17
1
135 122 7
1
115 76 8
0
1
72 66 11
1
141 110 13
1
122 82 16
0
0
2
126 118 11
140 115 12
1
145 124 8
1
122 113 21
0
0
0
1
83 77 11
0
4
126 108 0
90 78 6
154 104 20
114 88 21
1
98 65 21
2
150 100 3
131 92 11
0
1
107 96 11
1
139 125 8
0
3
111 77 8
154 141 16
126 110 19
2
81 76 9
138 112 24
1
134 104 11
1
144 103 19
0
0
0
0
1
136 104 12
3
99 76 11
112 87 20
161 128 23
1
138 118 11
0
2
106 75 0
104 78 8
1
133 96 7
2
92 89 8
131 86 13
4
142 108 3
138 115 5
110 105 11
125 121 15
0
0
1
129 89 9
1
136 120 23
1
155 125 21
1
92 70 18
1
75 68 15
0
0
1
184 145 19
2
180 131 7
139 87 21
1
147 138 21
1
125 71 8
2
123 77 7
148 121 13
2
165 128 15
144 99 18
0
2
87 75 4
123 78 18
1
121 89 18
0
1
147 107 13
0
0
1
145 100 7
1
141 110 3
0
1
140 114 14
2
131 91 16
187 120 19
0
0
2
143 120 6
140 107 21
0
1
96 81 3
2
152 111 4
126 95 11
2
96 64 3
146 104 21
0
0
1
131 108 19
1
118 118 0
1
116 93 13
1
155 111 15
1
171 151 3
1
99 104 19
2
146 137 2
116 92 11
0
0
0
1
130 99 23
3
152 144 13
139 124 18
127 103 21
0
3
129 97 13
147 136 16
161 128 19
0
0
2
109 107 8
94 54 19
2
135 93 18
121 112 19
0
1
138 141 8
1
152 144 12
0
3
115 83 18
114 82 20
158 141 23
0
4
112 88 3
145 103 10
129 115 12
176 172 21
2
100 79 0
153 165 2
1
170 154 11
1
162 107 18
0
0
1
146 125 5
1
143 119 11
0
1
117 92 8
0
0
0
1
143 102 21
2
189 146 17
156 138 22
1
83 57 0
1
200 184 12
2
137 123 7
109 84 8
2
154 126 19
140 106 21
0
2
156 140 18
145 120 19
0
1
92 67 7
1
126 95 0
1
123 110 13
1
182 144 11
2
85 66 16
184 147 23
1
156 127 13
3
106 85 3
108 88 12
146 115 13
1
164 120 13
1
138 95 19
3
186 113 3
134 90 18
160 139 19
1
100 87 3
1
127 105 13
2
135 104 15
169 170 19
0
1
89 66 10
2
134 122 13
77 54 17
2
197 179 5
177 124 13
2
158 129 9
124 98 17
1
203 170 8
1
143 119 8
0
3
132 106 8
123 116 12
143 108 21
1
140 118 8
0
1
242 229 7
0
0
3
123 92 7
175 154 8
154 158 9
0
0
0
1
178 143 19
2
135 122 0
152 129 19
1
119 84 11
3
148 102 8
162 137 15
164 164 21
2
179 150 8
134 99 24
0
1
160 101 18
0
1
125 97 12
1
110 106 13
2
156 140 7
132 103 13
0
2
121 87 8
163 108 12
2
189 146 3
60 41 18
1
145 115 18
1
148 140 4
0
1
153 108 13
1
169 143 7
2
171 127 18
121 91 21
1
162 129 23
1
162 138 17
2
159 147 14
131 93 21
1
174 114 13
0
4
221 167 2
156 139 4
175 155 13
100 86 15
1
180 133 0
1
135 103 21
0
0
1
168 139 21
1
128 84 24
2
153 121 18
133 111 23
0
1
165 122 3
1
151 129 5
2
136 98 19
147 106 20
1
154 131 2
1
210 175 0
1
143 94 15
2
156 121 1
127 108 22
0
0
0
1
174 172 5
0
2
145 120 6
168 132 19
1
168 106 10
1
173 154 20
0
1
126 102 17
2
165 125 17
140 97 21
1
88 76 0
0
2
186 158 13
119 73 17
1
163 112 14
2
172 131 3
132 98 10
2
147 152 3
174 127 20
1
170 138 23
0
1
170 138 8
2
140 124 18
166 118 23
0
2
171 130 9
190 171 18
1
184 141 3
1
149 114 3
1
162 97 14
3
146 132 2
162 106 7
140 103 23
