7 5 7 7 3 3 5 5 1 6 1 7 4 2 6 6 5 5 7 3 1 2 6 5 5
0
0
0
1
7 6 5
1
8 6 11
1
8 8 23
1
9 7 16
2
8 5 0
10 8 7
1
8 4 13
0
3
9 6 11
7 5 16
9 5 24
2
8 6 2
7 7 18
0
0
2
6 5 0
10 8 15
2
8 7 16
9 9 18
0
4
12 8 1
11 8 7
10 8 16
11 9 21
2
7 4 6
8 6 16
1
12 9 7
0
0
0
1
11 10 7
0
2
18 11 1
7 6 22
0
2
8 7 2
10 8 6
2
7 6 6
10 8 11
1
12 10 9
1
11 10 0
3
16 13 9
9 6 12
9 8 13
1
10 7 6
0
3
11 9 2
13 10 11
13 10 19
2
11 9 6
10 8 9
1
12 9 4
1
13 8 22
1
11 9 13
0
1
14 12 3
0
2
16 15 11
15 12 17
0
0
3
13 11 2
11 7 8
19 12 11
0
1
16 13 7
0
3
20 12 2
12 10 19
14 11 24
0
0
1
9 6 15
0
0
3
14 12 0
6 5 12
18 16 17
0
1
16 12 16
0
0
0
1
18 16 17
0
2
11 9 3
18 15 18
2
20 15 3
11 10 17
0
2
15 12 14
19 16 15
0
0
0
4
22 17 16
18 13 17
15 14 18
10 8 23
1
18 15 1
0
0
2
24 23 1
18 14 6
0
4
20 15 0
19 15 3
15 11 12
22 15 15
0
0
1
17 13 3
2
20 16 5
23 14 17
1
15 13 18
3
18 15 7
20 14 12
24 17 22
1
13 11 2
1
16 13 10
2
21 20 17
14 11 23
1
24 16 3
1
28 21 14
1
21 17 11
1
29 27 6
1
20 15 23
2
26 27 12
25 25 14
1
30 19 17
1
21 13 21
2
17 18 1
23 17 18
1
22 16 18
0
0
1
29 22 18
1
22 17 18
0
3
17 10 3
17 13 10
31 25 15
1
30 22 21
1
21 13 13
0
0
1
27 23 7
2
26 24 3
15 12 18
3
15 15 18
25 23 19
24 21 23
1
21 17 17
0
1
26 21 16
1
29 25 10
0
0
0
1
28 21 9
0
0
1
21 15 18
0
1
24 21 4
1
27 30 3
0
0
3
22 20 2
19 14 3
24 17 12
3
27 20 6
29 24 11
22 14 14
2
31 27 1
36 30 10
1
27 23 2
1
25 17 2
0
1
32 20 1
1
38 30 11
1
23 15 17
1
30 29 19
0
0
1
33 31 6
1
24 20 8
1
31 24 6
0
0
1
29 20 24
3
24 19 4
37 30 14
22 16 18
2
24 17 3
25 20 11
0
0
3
30 19 0
29 22 3
18 13 14
0
1
29 25 24
3
24 21 7
31 27 11
28 25 14
0
2
23 15 0
44 38 14
2
32 25 2
30 23 15
1
28 23 3
2
18 11 10
35 28 24
2
36 21 17
26 22 23
1
28 21 5
0
1
33 33 14
1
26 20 24
0
1
36 34 10
3
35 27 11
33 31 16
32 33 18
1
39 33 16
1
22 21 18
4
37 30 2
34 29 5
46 38 7
38 32 11
1
26 18 5
0
0
2
22 15 15
28 24 22
0
1
31 22 15
2
35 23 2
37 32 6
0
0
2
27 22 13
38 29 16
3
31 22 2
37 27 6
39 36 19
1
33 33 7
2
41 30 2
25 28 24
0
0
0
0
1
44 34 2
1
37 29 0
1
44 35 9
1
35 25 0
3
21 18 1
36 23 18
37 22 24
0
0
0
1
36 30 1
2
31 20 6
35 27 7
2
38 37 16
40 28 19
0
3
39 28 2
38 31 6
42 33 22
1
35 29 15
0
1
34 28 17
1
36 25 24
0
0
2
41 31 2
32 25 15
2
45 42 3
49 43 19
1
56 42 4
2
40 35 9
47 34 20
0
0
3
33 26 11
38 33 12
48 40 24
1
38 30 6
1
37 28 2
1
41 30 23
0
1
45 38 7
0
2
44 33 3
38 26 12
0
0
2
41 29 6
46 32 8
1
35 25 3
1
42 39 23
1
40 27 7
2
45 35 0
38 33 23
2
25 25 0
37 31 11
0
1
32 24 0
1
30 23 7
2
37 27 14
33 26 18
0
0
2
47 31 0
42 41 2
0
1
57 45 12
2
39 29 12
48 45 16
0
2
41 34 4
37 28 11
2
31 26 11
45 33 17
1
45 43 19
1
54 41 15
0
1
40 29 8
0
0
0
1
43 41 0
2
44 40 6
51 44 11
2
42 36 18
49 38 23
1
31 24 21
2
45 36 15
51 41 16
0
0
2
62 48 18
49 41 23
0
1
47 32 9
0
1
39 32 22
0
1
62 49 10
1
62 46 22
1
48 49 23
2
45 32 16
46 30 23
0
1
51 36 4
0
0
1
37 25 11
2
53 46 0
45 29 11
4
38 29 3
44 36 12
41 30 15
41 38 20
3
55 42 9
52 35 11
59 46 24
0
2
55 44 11
52 44 21
2
54 46 14
37 28 18
2
55 45 2
79 65 18
1
42 34 4
0
2
62 50 15
63 54 19
2
53 45 10
56 57 12
0
2
47 30 6
62 40 16
2
65 51 11
56 43 24
0
0
2
42 27 9
36 31 13
0
1
51 51 22
0
1
61 45 22
1
66 58 3
2
55 50 2
44 34 17
3
40 35 0
37 25 5
40 33 22
1
41 33 8
1
63 58 14
0
1
64 49 11
0
1
48 32 12
0
1
49 38 23
3
60 49 4
41 34 9
50 50 23
1
49 39 5
0
1
27 26 24
0
2
46 39 2
61 42 24
0
0
0
0
0
1
59 51 18
3
41 26 0
51 28 4
59 40 22
0
2
43 27 11
34 23 24
1
51 36 6
0
1
68 61 5
0
1
46 32 12
0
4
59 44 5
63 65 9
70 55 17
48 38 18
1
52 39 15
0
0
0
0
0
0
1
49 41 11
1
45 41 16
0
1
67 47 11
1
56 55 0
2
50 31 11
62 54 21
0
1
74 70 4
0
2
59 49 11
77 61 18
2
48 40 12
58 51 14
2
60 47 4
76 64 23
1
51 46 17
2
42 37 1
64 36 16
1
70 50 8
0
0
0
2
77 54 8
42 34 9
0
0
0
3
62 35 14
53 46 16
59 39 18
2
71 47 2
46 41 14
1
60 48 18
2
60 39 11
62 61 14
2
61 48 7
60 41 17
1
27 17 16
1
51 49 4
0
0
1
89 62 12
1
53 44 2
0
0
0
2
40 26 3
37 30 22
0
0
2
66 48 5
71 49 6
1
67 46 0
2
58 52 6
52 36 11
3
47 42 2
56 54 18
94 86 22
1
69 52 9
0
0
2
56 43 4
67 44 8
0
1
86 73 19
1
67 59 0
0
1
43 31 5
1
77 55 9
2
87 74 4
59 39 15
0
1
73 62 23
1
33 25 6
1
73 50 14
2
83 62 14
58 43 23
2
72 62 2
77 59 18
0
1
58 50 24
1
64 47 11
2
65 45 11
69 53 19
1
67 66 2
2
68 49 0
58 50 6
0
0
2
64 57 6
66 43 16
0
0
1
76 76 17
1
28 18 15
1
83 61 15
1
84 78 9
0
1
51 41 11
1
68 50 21
0
0
0
1
67 51 16
0
4
51 46 0
72 74 2
71 52 6
61 47 19
0
3
55 43 2
66 56 9
66 59 19
1
62 48 4
2
61 50 9
51 39 13
0
0
0
1
63 47 23
1
58 53 23
0
0
0
3
58 47 1
78 69 12
101 84 18
1
60 44 14
2
67 43 17
45 32 24
1
79 79 24
1
89 68 11
3
74 56 8
88 76 13
84 56 18
1
71 49 9
1
72 67 15
1
66 57 18
0
0
0
3
56 38 2
67 60 20
58 44 24
3
69 64 6
63 55 15
76 60 23
2
91 75 8
63 59 19
1
66 51 11
1
39 26 12
1
67 60 4
1
90 76 14
1
88 62 2
1
80 66 23
1
98 65 18
2
58 47 15
84 66 22
1
61 47 11
0
0
1
91 64 8
0
3
74 56 3
81 65 15
61 41 16
1
77 60 1
1
65 43 17
1
50 43 12
1
83 63 23
1
90 71 2
3
99 75 11
78 54 17
92 79 24
1
99 84 1
0
1
93 74 3
1
82 76 2
1
90 70 14
0
0
1
54 41 18
0
3
77 64 3
70 57 9
99 78 18
3
87 70 0
77 62 4
57 49 24
0
1
89 59 13
1
83 72 22
0
0
2
87 67 14
73 62 24
3
101 67 5
82 63 7
56 48 10
2
97 86 18
62 44 23
2
89 88 11
90 80 15
1
67 57 11
2
92 72 10
115 91 11
1
68 58 2
0
0
0
2
66 54 1
81 64 5
1
84 61 7
2
89 64 3
89 73 6
5
70 50 1
46 33 7
84 44 11
73 57 12
71 45 24
0
0
1
97 70 0
1
84 71 0
2
76 49 2
60 44 15
2
59 46 0
80 72 7
1
90 56 7
1
74 55 22
0
0
1
76 60 11
2
81 58 22
86 67 23
1
85 75 2
2
63 53 6
98 74 9
1
101 87 1
2
62 51 18
79 53 21
0
2
77 70 6
80 57 14
1
71 56 16
1
80 74 18
0
3
61 50 3
76 53 15
112 86 18
0
0
0
1
120 86 23
0
0
2
93 92 4
83 59 19
0
2
86 71 15
51 39 24
0
1
84 67 16
1
58 33 22
0
1
88 70 16
3
92 76 0
90 77 11
101 58 22
0
2
122 93 6
108 98 15
0
0
3
123 104 7
94 78 9
47 30 16
1
107 95 3
1
56 46 18
0
0
1
80 78 15
2
104 79 13
90 81 14
2
117 84 9
147 122 23
1
120 111 3
2
85 59 5
83 59 14
0
2
92 90 6
99 98 9
1
109 90 24
0
2
108 81 6
105 78 17
0
1
117 88 3
0
1
66 48 22
2
81 71 3
87 63 9
2
62 47 11
85 69 22
2
70 56 17
87 71 23
0
0
2
46 41 2
72 63 6
0
0
2
96 76 3
55 41 5
0
0
1
82 69 21
1
76 55 11
3
84 67 9
82 64 11
96 66 18
3
89 66 14
98 81 15
89 83 23
2
96 76 0
91 64 7
0
2
94 69 5
100 83 16
0
1
100 71 1
0
0
2
109 81 17
68 57 18
3
108 91 2
102 76 16
105 92 19
4
99 72 2
103 89 9
106 88 11
81 79 15
0
1
69 45 2
1
60 48 2
1
103 86 23
0
4
107 79 4
100 67 11
51 36 18
106 70 22
0
0
2
80 64 17
132 102 22
2
95 58 12
95 78 23
2
77 64 18
118 85 23
1
103 83 23
2
89 79 2
158 99 22
0
0
1
91 54 23
0
4
95 69 0
88 77 11
87 68 15
77 64 22
0
2
104 74 7
114 75 15
0
1
92 59 7
5
81 67 0
82 81 3
101 97 7
121 110 12
91 88 18
2
110 90 2
69 43 16
0
2
99 74 0
89 72 16
1
61 45 5
2
93 81 2
81 58 24
3
133 105 0
76 60 22
123 89 24
1
106 86 18
0
2
83 71 2
146 127 6
0
3
90 67 14
98 93 22
112 95 23
1
97 90 2
0
0
2
117 103 6
57 44 15
0
0
3
102 82 1
89 85 5
95 82 22
1
64 48 18
0
0
1
104 69 23
2
102 97 14
102 93 15
0
4
98 77 3
86 64 11
118 101 16
78 53 17
1
94 58 24
1
94 90 0
0
2
102 82 9
100 84 23
0
1
99 90 24
1
84 58 16
5
108 87 2
101 87 3
96 75 16
65 53 17
140 111 24
2
91 83 0
95 83 22
2
115 95 14
86 64 23
2
94 74 5
102 87 14
2
73 66 0
103 80 5
2
104 75 9
108 84 22
3
108 79 0
117 75 1
97 72 23
1
126 112 7
0
3
137 115 7
82 71 8
98 84 16
2
127 98 4
77 66 17
0
0
0
0
1
137 110 22
0
0
0
0
1
112 90 18
1
110 78 4
1
90 73 15
1
107 63 20
3
129 106 2
95 72 6
88 66 23
1
118 113 17
0
2
108 63 8
91 73 24
0
1
83 56 7
2
76 77 0
109 78 15
0
0
1
117 98 11
0
3
109 67 3
101 80 12
116 93 18
0
2
98 84 15
166 142 18
1
91 68 21
0
0
1
126 97 22
1
123 77 0
2
116 98 2
91 74 6
1
98 72 21
1
104 77 18
0
0
1
120 90 23
2
113 84 11
126 100 14
2
100 71 14
119 105 19
2
145 110 7
114 78 22
3
100 79 11
123 73 18
97 76 22
0
1
155 139 18
1
96 67 2
0
3
94 94 7
120 90 11
173 106 21
1
141 130 1
1
98 74 5
1
136 90 2
2
88 77 15
89 61 16
3
91 76 12
100 84 19
118 99 22
3
135 105 0
120 111 11
118 94 16
0
0
0
0
0
0
1
118 83 1
1
91 72 23
1
79 51 22
0
0
0
2
123 98 1
136 109 19
1
139 122 18
1
124 120 2
1
157 119 23
1
114 98 11
1
130 97 24
0
2
115 110 16
114 60 24
0
2
42 31 3
102 85 6
2
118 93 7
82 80 17
0
2
76 66 5
99 65 16
0
3
90 78 3
104 91 15
120 104 22
2
92 79 18
104 84 23
1
102 79 11
1
105 94 8
2
127 102 3
102 70 16
4
181 106 2
160 140 6
92 71 11
133 117 18
0
1
141 110 2
0
1
139 98 6
4
132 100 3
98 72 9
109 86 11
74 54 21
0
3
112 103 2
103 73 6
138 99 18
1
108 88 0
0
0
1
108 94 22
0
1
94 83 18
1
121 104 15
2
119 92 4
145 133 7
0
2
106 104 2
119 109 23
0
1
134 122 12
1
109 98 17
1
107 82 7
3
131 110 4
144 108 14
148 114 17
1
117 75 11
1
127 79 11
3
112 104 5
81 54 9
88 72 13
1
125 101 17
0
2
74 63 11
140 100 14
0
1
138 120 2
1
125 100 14
2
132 82 14
156 142 24
0
2
122 78 6
92 84 15
4
139 109 3
137 106 11
115 86 18
85 67 24
4
115 90 11
112 89 14
97 81 15
107 98 17
1
148 122 19
1
147 132 3
0
1
116 103 7
0
2
107 85 14
129 98 15
0
0
3
150 110 2
147 126 6
103 78 16
0
2
117 72 6
125 99 21
2
94 67 0
144 94 9
1
121 100 3
1
126 84 24
1
106 86 9
0
1
142 119 1
0
2
63 55 11
175 146 21
1
112 87 18
1
142 115 14
0
1
139 77 11
0
2
117 95 2
130 105 16
3
107 102 17
156 73 21
158 129 23
2
134 126 3
120 96 19
0
0
0
1
43 36 2
2
108 110 14
131 114 16
4
119 97 0
104 83 11
127 108 17
128 97 21
0
1
132 86 18
2
127 114 7
98 75 17
1
131 101 23
0
1
57 47 1
1
140 100 9
2
131 121 3
110 89 18
1
147 106 23
3
108 79 4
118 95 9
119 117 14
0
1
98 92 18
1
145 117 0
2
138 124 16
145 118 23
2
110 83 2
123 99 3
2
95 73 6
146 114 16
0
0
2
106 89 14
108 91 17
1
126 94 11
1
143 123 17
0
1
102 109 22
1
144 113 16
2
81 58 1
115 90 4
0
1
105 86 2
2
166 125 11
142 121 14
1
130 107 18
1
211 181 17
0
2
153 121 4
168 161 23
1
162 131 15
0
1
108 74 7
1
108 66 16
0
1
149 131 0
0
0
1
124 108 6
1
136 91 6
0
1
119 88 6
0
4
175 135 2
117 127 8
122 90 22
154 143 24
0
0
1
77 57 18
3
130 89 9
85 70 12
116 80 15
3
127 117 6
112 113 17
157 107 18
1
97 66 0
0
0
0
2
113 92 14
153 109 17
0
2
119 100 6
120 90 7
0
1
156 108 19
1
138 126 3
1
149 120 6
0
1
121 98 17
2
122 104 1
107 95 4
1
138 114 2
4
149 126 0
182 133 2
157 144 7
125 110 15
2
120 101 11
97 80 24
1
158 137 16
1
146 116 5
0
0
1
60 46 18
2
153 107 0
145 111 9
3
138 106 9
101 68 14
166 143 16
0
0
1
153 133 0
3
39 36 0
155 122 3
132 100 17
2
136 72 0
171 156 11
0
0
0
2
111 90 0
136 146 17
3
134 118 0
139 128 2
175 118 19
0
1
140 125 2
1
97 85 10
1
133 106 4
1
115 104 24
1
140 111 14
1
150 116 15
0
2
148 112 4
136 94 12
2
135 119 6
171 144 7
3
112 79 9
150 122 12
117 117 15
2
171 130 14
174 153 22
4
168 116 1
128 127 3
160 153 9
186 149 12
0
4
146 120 1
121 74 9
156 120 15
146 140 19
1
111 66 14
0
1
105 79 11
0
0
0
1
155 122 2
1
137 108 0
3
65 49 3
181 168 6
168 131 14
1
136 90 3
1
98 86 8
1
94 67 22
1
107 83 5
3
135 116 2
161 129 3
150 132 6
1
122 75 15
1
175 157 21
3
140 111 3
139 136 7
140 139 14
1
157 79 24
2
183 133 2
109 72 3
0
2
137 122 11
140 115 17
0
0
3
133 96 10
159 124 11
73 52 22
4
70 63 0
105 94 3
131 111 6
94 72 15
0
1
155 107 18
1
149 126 23
2
177 129 2
159 157 16
2
108 90 7
149 119 17
2
174 122 2
184 178 24
1
171 148 15
0
0
0
2
141 123 14
104 91 22
0
0
1
65 50 14
0
3
163 133 3
164 144 19
93 67 23
1
162 117 3
1
127 106 15
0
0
0
3
187 144 6
109 95 12
180 152 24
2
162 123 14
148 136 16
1
132 98 1
1
186 152 18
0
0
0
0
0
1
154 120 15
2
177 151 6
153 103 24
0
2
150 118 11
146 96 15
0
1
150 127 23
0
1
210 170 15
1
174 151 0
0
1
145 130 15
3
173 147 5
124 91 7
192 141 14
2
112 77 3
101 89 7
3
185 152 3
185 175 7
146 146 12
3
125 101 1
185 135 3
189 129 23
1
123 85 3
0
0
2
165 111 2
181 147 22
1
182 126 3
0
1
172 145 22
0
1
99 80 17
0
0
1
166 155 1
0
3
172 125 7
169 145 14
182 152 16
0
2
224 162 6
158 132 21
3
171 129 7
159 138 16
178 116 23
0
1
141 141 9
0
0
1
177 179 7
2
160 129 1
156 97 5
0
2
121 112 1
126 58 6
1
159 119 18
3
155 120 9
181 128 14
121 99 15
1
181 173 1
2
252 212 22
163 135 24
2
142 112 1
173 164 4
0
2
145 128 15
155 90 19
3
143 81 12
125 110 17
163 120 18
0
1
101 73 11
1
208 187 2
