7 8 1 8 2 1 7 8 3 6 7 5 4 3 7 3 8 8 7 3 5 3 1 1 1
1
9 8 6
2
7 5 1
8 6 18
3
5 4 1
8 5 11
6 5 12
1
11 9 19
0
1
8 6 19
0
1
6 5 17
0
0
1
10 6 17
1
11 10 12
2
9 6 1
12 10 15
1
7 4 18
2
12 12 10
7 6 13
3
11 7 9
8 6 12
13 10 15
1
9 7 3
2
6 3 1
8 7 11
2
8 7 16
10 8 18
1
13 9 6
0
0
1
14 10 7
3
10 9 1
8 6 12
11 10 16
0
3
10 7 11
11 7 19
11 8 21
1
8 6 0
0
1
10 8 20
2
13 11 9
10 8 24
0
0
3
12 9 7
10 9 8
10 8 11
0
1
11 11 16
1
6 4 0
1
14 9 3
2
13 11 12
18 15 17
1
14 11 6
0
2
9 7 1
16 14 5
1
9 9 9
2
16 15 1
11 9 7
1
10 9 16
1
11 10 6
3
11 9 3
10 8 8
16 10 21
2
13 11 6
11 9 14
1
16 15 10
2
13 8 8
15 9 18
1
16 12 8
1
15 12 6
2
20 15 17
14 10 21
2
17 16 12
15 12 18
3
14 11 1
13 10 8
23 23 15
2
16 12 3
16 13 13
0
1
14 12 13
1
17 13 0
1
12 12 16
1
17 12 1
0
2
18 11 3
18 12 7
0
1
17 12 16
2
21 15 3
15 14 7
2
15 12 8
12 7 16
0
1
12 10 18
1
18 13 21
0
1
17 12 18
2
20 11 9
23 19 12
0
2
21 18 8
19 15 12
0
1
15 11 16
1
19 14 3
0
2
23 16 0
29 27 9
2
21 18 3
21 14 7
2
13 11 13
22 18 14
4
14 10 1
17 10 8
17 12 10
24 16 17
0
2
26 24 6
23 17 15
1
23 21 17
1
14 10 18
2
24 17 1
16 12 24
2
28 18 3
25 19 17
0
3
25 20 0
24 18 3
25 16 6
0
3
23 21 1
21 17 6
23 19 18
1
31 28 12
0
3
21 17 1
22 18 2
23 24 8
2
17 14 1
25 22 14
0
0
1
21 15 21
0
0
2
27 26 10
19 15 16
2
29 25 0
26 18 2
1
16 16 12
1
29 24 10
0
1
15 9 8
0
1
23 17 0
1
26 24 0
1
19 14 20
1
26 21 10
1
23 21 10
0
1
19 12 14
1
27 26 16
0
1
26 21 6
0
0
1
33 31 7
0
3
25 22 6
30 26 13
29 22 19
1
15 8 3
2
23 16 9
27 26 10
0
2
26 17 14
28 20 18
0
2
40 30 16
24 17 17
1
27 17 10
1
23 16 3
2
33 24 7
27 22 10
1
22 15 3
1
21 17 10
0
1
36 33 8
0
3
24 21 13
27 20 14
33 32 17
1
18 13 17
1
21 18 20
0
1
33 23 21
1
21 13 0
1
22 16 14
2
32 27 3
31 25 13
1
27 20 16
1
32 24 1
1
33 23 6
0
0
0
0
1
30 20 7
0
0
1
29 21 7
2
27 17 3
32 28 16
1
36 29 19
1
22 17 20
1
23 24 18
1
40 27 20
0
1
33 17 18
0
3
37 35 3
27 21 6
30 22 14
1
41 34 24
0
0
0
0
2
36 30 10
34 30 15
2
45 39 14
34 35 18
0
1
39 32 16
0
1
39 27 11
1
29 24 7
1
36 23 8
0
2
34 21 14
42 31 20
0
0
1
42 36 11
0
1
36 35 6
2
46 37 7
39 34 10
0
2
45 35 7
27 20 16
3
41 34 9
41 37 12
36 30 14
1
24 19 14
2
48 38 18
25 16 19
2
44 34 6
37 30 20
2
28 24 3
30 29 14
1
40 27 10
0
0
2
44 37 12
43 33 15
0
2
54 37 12
37 24 17
2
40 36 12
31 22 17
1
29 19 15
1
39 34 21
3
30 26 1
42 35 3
43 37 17
0
1
21 15 17
3
37 29 2
30 24 12
42 36 19
1
26 24 20
2
43 30 10
42 30 20
0
1
43 30 6
1
38 32 1
2
33 26 11
28 24 18
0
1
32 28 10
2
43 38 1
48 38 21
1
37 27 11
0
2
30 27 1
40 29 10
1
42 34 1
1
18 15 11
1
29 22 1
1
32 25 7
1
49 38 15
1
49 39 4
2
43 30 3
25 23 17
0
0
1
60 45 10
1
35 28 18
0
1
31 21 3
2
44 27 12
42 31 14
2
45 37 7
40 23 10
3
50 45 6
46 38 10
46 35 16
0
2
41 30 3
35 30 21
1
39 29 10
0
1
52 35 7
1
43 35 1
1
34 24 16
2
58 55 1
32 28 13
0
2
53 47 6
46 33 18
2
54 43 6
40 27 18
2
28 19 7
43 40 18
3
41 36 6
62 40 14
43 33 18
1
53 36 9
0
0
2
43 37 1
42 39 17
4
56 47 0
53 44 6
37 31 16
52 40 21
2
47 48 3
40 36 17
2
37 32 14
36 27 16
1
59 49 1
0
2
49 46 13
33 23 21
0
1
57 45 3
0
2
43 36 9
38 34 14
2
70 64 3
35 33 17
2
47 34 4
42 31 10
0
2
49 42 1
60 57 9
1
61 57 16
2
39 32 10
54 41 18
1
48 33 9
0
1
49 45 9
2
61 52 7
42 35 17
0
2
56 41 3
43 32 7
0
1
54 45 3
0
0
0
2
51 41 4
51 48 10
1
49 37 10
1
50 45 4
2
53 49 8
27 26 21
1
34 27 13
1
48 40 1
1
49 38 19
0
2
47 39 0
44 42 6
2
47 37 2
54 40 20
1
51 46 3
1
39 30 1
0
1
52 45 9
0
1
39 35 2
3
39 36 3
45 32 17
56 55 20
1
71 56 7
0
1
45 39 0
3
52 40 9
57 45 13
58 44 14
0
0
1
60 48 16
3
64 44 3
44 35 19
31 23 20
1
52 41 18
0
1
54 49 0
1
43 35 6
2
82 56 7
53 45 8
1
65 52 9
2
36 23 14
40 32 21
0
2
43 37 8
46 37 18
1
44 29 12
2
63 44 11
56 40 12
3
57 55 0
64 38 6
56 43 17
0
1
55 54 14
0
0
0
2
47 41 1
50 35 20
1
44 35 22
0
1
35 30 3
0
1
44 37 0
1
55 42 24
0
2
44 37 1
57 39 3
0
3
51 46 7
52 24 13
59 47 21
1
67 69 4
2
57 41 13
49 48 14
0
1
80 66 7
3
69 66 1
70 58 7
73 65 17
1
53 46 17
1
52 44 6
0
1
47 37 17
1
47 33 6
0
0
2
57 45 10
67 56 12
2
86 63 12
57 47 20
1
56 43 0
0
0
2
44 37 3
52 40 20
3
72 58 0
55 43 3
34 29 6
0
3
76 59 6
44 38 8
39 25 12
1
69 54 3
1
70 59 0
1
60 44 12
0
3
81 50 8
36 25 9
71 48 11
1
67 63 2
2
47 41 11
74 50 21
0
2
50 30 10
63 52 17
1
54 42 16
0
0
0
1
56 47 17
2
51 45 1
65 56 12
0
0
0
1
63 52 12
0
0
2
40 39 6
68 47 7
0
2
52 49 3
52 48 14
3
62 53 0
83 67 11
94 76 13
0
2
85 65 9
58 49 11
0
1
60 52 10
4
63 44 0
41 35 11
60 47 12
65 41 17
2
65 57 3
60 50 6
0
0
2
58 57 1
46 49 14
0
0
1
62 45 9
1
62 44 9
2
75 50 9
77 72 11
1
74 60 0
1
72 73 1
0
0
0
1
53 42 14
0
1
63 58 4
2
80 71 14
45 40 24
3
72 66 6
56 37 7
98 70 8
1
77 53 2
4
58 41 9
56 54 13
83 63 18
66 57 21
2
67 47 10
58 41 18
1
63 47 16
0
0
1
61 42 7
0
1
64 60 14
0
1
56 48 19
1
68 43 9
0
3
55 45 12
51 43 14
43 31 17
3
81 69 1
58 45 10
44 39 14
1
58 50 6
2
72 50 3
73 58 17
0
3
72 62 1
65 52 10
72 43 18
0
2
60 49 10
82 62 14
1
68 52 0
1
57 41 24
2
50 48 1
59 34 7
2
68 58 9
47 34 14
0
3
90 66 3
65 44 18
88 74 20
0
1
67 48 19
1
99 87 10
0
1
81 57 10
2
53 45 1
60 36 16
0
1
82 84 16
0
0
1
68 53 11
0
1
81 53 3
0
3
73 51 4
44 47 10
53 37 14
2
103 100 0
68 44 7
2
88 72 13
73 60 20
3
77 62 9
58 59 20
79 57 21
2
92 59 16
95 64 18
0
1
66 50 1
0
3
83 81 14
59 60 18
59 48 21
0
5
74 53 4
99 87 13
101 80 16
54 37 18
95 68 20
3
86 59 8
60 48 16
67 56 20
2
108 82 3
82 77 19
2
70 53 10
88 54 18
2
51 39 0
57 35 19
2
97 78 1
70 46 3
1
104 101 3
1
71 55 3
1
95 84 4
1
82 56 0
1
77 60 21
1
99 78 16
4
67 51 5
57 50 10
68 63 16
91 68 18
1
104 68 6
0
0
1
67 47 7
1
61 47 20
1
70 54 18
1
105 86 7
0
0
1
89 80 21
1
93 60 3
2
97 66 4
102 95 7
0
1
82 70 1
3
99 80 6
48 38 14
86 58 15
0
2
55 53 1
71 61 6
3
87 86 0
98 82 7
77 58 12
0
2
80 73 13
73 55 18
4
68 49 10
87 70 13
82 70 17
99 63 21
2
116 102 3
72 54 6
2
89 77 3
61 48 17
2
56 49 10
62 56 21
0
1
91 68 7
0
1
71 63 1
0
3
68 54 4
73 65 7
67 50 18
0
0
1
83 63 17
0
0
2
55 52 4
74 60 12
1
84 65 7
2
101 91 8
88 70 10
1
62 51 15
2
67 47 16
104 92 20
0
0
1
89 87 3
0
5
72 68 3
65 57 8
72 66 13
76 58 17
92 79 21
1
75 55 1
0
0
0
0
0
1
128 84 0
3
99 76 3
91 75 15
83 71 24
1
77 65 15
0
2
139 126 1
79 50 15
0
0
1
106 98 9
0
1
97 70 20
0
2
95 89 0
83 65 14
2
120 126 16
90 71 18
1
65 62 7
1
79 57 3
1
78 62 20
1
97 69 6
0
1
80 43 17
2
86 68 13
71 56 21
2
80 64 3
100 68 21
0
0
0
1
102 70 11
1
110 83 18
2
97 80 0
74 66 3
1
73 70 20
2
69 56 14
65 54 16
0
1
73 71 18
0
1
87 71 20
0
1
77 52 1
3
45 37 6
63 67 7
61 48 21
1
113 103 18
1
82 67 12
0
0
1
94 80 0
2
105 69 14
88 59 20
1
120 109 0
0
1
79 53 18
3
72 49 0
137 129 16
113 85 18
2
83 61 14
133 121 20
3
61 46 1
111 84 11
92 88 16
0
3
94 77 9
95 78 14
115 94 18
3
95 94 5
121 95 7
98 81 10
1
90 69 3
1
108 82 3
1
116 93 16
3
89 68 1
104 89 12
78 60 16
0
0
0
1
100 81 18
1
101 97 15
0
1
103 91 23
3
56 48 1
62 37 6
131 95 17
0
0
1
137 113 11
2
96 78 10
111 91 15
1
98 79 16
2
107 101 3
84 74 13
3
85 63 1
72 48 6
96 69 16
0
0
2
83 65 12
51 47 15
0
1
84 61 16
1
85 67 1
0
0
2
98 77 11
104 87 20
1
114 107 19
0
1
109 88 7
1
119 102 15
1
65 59 10
1
89 69 10
2
102 77 16
121 87 20
1
92 80 1
4
111 78 1
122 85 9
94 75 16
140 108 18
2
108 81 8
89 88 9
2
122 96 6
98 88 14
1
88 71 9
1
90 63 15
1
110 90 14
2
134 97 3
119 77 11
1
106 72 13
1
72 44 7
1
90 73 14
1
110 101 0
0
1
100 92 9
3
78 62 1
114 71 15
117 107 17
0
2
91 79 4
102 80 6
1
100 90 7
0
2
112 96 11
97 92 22
0
1
104 85 1
0
1
116 92 1
1
115 108 18
0
3
84 72 4
109 100 7
88 83 9
0
2
117 88 9
82 72 21
1
93 64 0
1
84 59 0
1
89 97 17
3
76 52 15
120 78 17
141 113 19
1
114 79 1
1
106 75 9
1
78 56 20
1
133 108 20
1
108 89 9
2
115 105 2
71 46 6
0
1
99 85 18
1
105 99 3
1
82 58 12
2
86 63 2
95 83 14
0
1
97 80 19
2
124 90 10
102 71 20
1
73 52 0
0
1
97 77 3
0
2
111 102 3
109 80 21
0
2
127 101 17
139 118 22
2
108 83 16
121 79 17
0
1
115 93 19
2
133 81 8
86 69 16
0
0
3
114 102 1
99 62 16
118 67 21
0
1
100 75 19
0
1
148 102 21
0
2
55 49 13
100 76 16
0
1
142 104 14
2
114 97 8
102 73 11
1
102 91 20
2
120 99 9
119 86 14
0
1
115 86 16
2
85 41 8
108 99 18
2
110 99 12
111 95 19
0
0
2
67 62 3
76 74 12
0
0
2
126 77 3
85 75 10
0
2
110 59 17
106 82 18
1
104 77 16
0
3
95 54 9
107 74 13
124 105 14
1
113 88 9
2
107 84 14
136 118 16
1
132 96 13
2
84 70 7
142 119 10
1
113 85 9
2
94 88 10
122 100 16
3
153 122 1
109 87 7
135 86 10
1
87 61 9
2
84 68 1
90 65 3
1
108 77 16
4
123 96 6
73 55 7
108 83 15
131 106 16
1
123 98 9
1
116 98 20
0
1
134 119 0
0
2
87 52 6
114 116 13
3
121 73 0
184 166 7
112 93 18
1
154 112 14
0
3
114 79 4
124 78 6
139 122 19
2
149 125 11
152 101 18
1
133 83 10
2
139 113 14
127 112 20
2
139 114 2
137 92 6
1
160 135 18
0
0
1
134 144 1
1
108 76 4
1
105 89 17
2
132 102 6
137 102 16
2
121 98 9
85 86 14
2
117 100 8
80 61 18
0
0
1
128 107 3
1
73 65 7
3
155 84 13
127 94 14
126 110 24
2
104 86 1
118 90 18
2
150 105 15
106 104 20
2
139 112 9
124 97 16
2
100 80 3
116 85 5
0
0
1
88 87 20
1
128 122 16
0
2
117 85 1
95 87 18
0
1
86 68 1
0
3
96 95 0
152 123 11
171 136 17
1
96 82 17
0
1
134 107 14
3
121 90 0
98 78 1
85 86 6
0
4
137 104 0
89 71 3
155 152 12
141 103 13
0
1
177 156 3
2
110 88 3
134 117 21
0
1
148 119 0
0
4
155 125 9
109 77 10
124 99 11
100 77 16
0
1
120 77 21
0
1
127 108 12
0
0
0
2
174 172 0
110 82 16
1
135 99 3
3
141 125 9
122 92 10
115 111 16
0
1
102 71 11
1
112 79 20
1
147 84 1
2
158 129 17
155 127 20
1
127 105 1
0
0
0
2
94 69 10
158 116 21
1
119 100 19
4
65 56 3
106 83 7
136 109 20
132 80 21
0
1
149 117 24
1
142 116 14
4
124 109 0
115 93 3
126 124 11
97 67 16
1
117 87 20
3
123 106 1
123 111 12
100 88 17
3
118 76 0
115 94 10
117 117 12
5
83 83 1
145 136 5
131 106 11
93 64 16
110 74 17
0
0
0
1
138 89 7
3
152 123 1
134 87 6
155 114 7
2
129 108 0
153 122 8
2
146 133 1
104 91 15
1
147 138 1
0
3
162 135 2
150 123 3
126 77 12
1
116 99 16
0
1
113 96 4
1
124 100 16
2
162 104 3
148 139 10
2
141 113 14
116 90 22
0
4
147 103 7
136 98 8
71 53 9
148 89 13
0
1
110 98 18
2
126 106 0
96 55 20
0
1
92 62 17
0
0
1
107 84 18
1
109 86 0
1
117 83 0
1
101 90 14
2
119 87 4
100 82 14
1
134 105 3
0
0
0
2
103 100 7
138 117 16
1
171 113 13
1
117 67 5
1
161 122 19
1
113 87 17
3
157 128 3
160 143 16
97 62 23
0
1
179 151 20
4
81 59 3
119 92 4
166 138 6
119 93 10
1
124 103 20
0
0
1
81 70 12
1
122 97 15
1
138 130 1
0
1
119 95 11
3
117 104 9
143 124 11
127 89 15
0
2
176 143 8
113 101 14
1
164 124 24
3
179 127 0
107 79 3
96 82 21
3
124 104 3
110 88 16
124 108 17
1
160 135 3
1
159 128 4
0
0
0
1
163 134 1
1
97 97 20
0
2
97 67 0
183 136 1
0
0
2
156 89 7
168 172 18
0
1
141 85 14
1
140 112 20
1
114 76 10
0
1
150 120 14
1
119 102 19
1
95 80 7
1
79 59 7
2
94 90 9
103 88 17
1
72 58 17
1
122 110 10
1
152 88 1
0
4
151 108 1
177 173 9
126 108 14
175 151 16
2
92 82 5
130 107 8
1
113 65 12
0
2
149 127 3
102 69 11
1
99 72 20
0
1
101 77 19
3
145 137 6
138 120 10
157 115 14
0
1
151 99 0
0
0
1
127 106 12
0
2
90 61 1
98 76 16
2
171 133 1
153 113 18
1
147 138 20
3
110 84 3
136 112 8
77 37 17
0
1
138 120 0
2
131 112 14
109 91 18
0
1
90 74 6
1
123 98 7
1
133 88 0
1
133 104 18
1
152 109 22
1
134 109 17
2
118 97 6
150 127 15
0
0
1
152 151 17
1
170 166 0
1
122 100 1
1
77 72 16
0
2
132 94 9
178 127 17
1
154 142 9
2
149 105 3
167 114 11
2
126 100 11
170 128 17
1
134 98 7
2
160 104 12
93 92 16
2
129 117 7
128 93 14
1
133 89 19
3
163 126 9
122 108 10
148 121 11
2
98 79 1
145 91 18
0
2
147 133 14
164 122 16
0
1
142 130 10
2
123 83 8
126 97 21
0
0
0
1
157 120 9
1
164 92 7
2
97 74 12
174 186 20
2
152 129 3
150 91 11
0
0
1
127 97 11
0
0
1
225 182 7
0
0
1
97 67 15
0
0
2
205 193 3
163 124 17
1
105 84 6
0
1
234 162 14
0
0
3
164 111 4
149 129 11
152 88 17
1
159 159 9
3
111 91 1
170 129 14
66 53 20
0
2
186 164 6
190 101 21
0
2
128 104 0
138 113 16
1
145 138 18
0
2
153 112 9
143 123 14
2
129 99 0
173 161 10
1
104 69 9
1
83 77 18
0
1
194 170 12
1
195 170 18
3
117 92 16
98 90 17
140 112 18
1
166 122 20
2
195 167 12
190 180 14
2
169 113 0
255 205 18
0
1
206 154 20
0
0
1
171 155 6
4
149 120 0
106 82 6
175 127 14
134 98 18
0
0
1
165 144 18
2
143 124 11
103 75 14
0
0
1
151 113 14
0
2
176 147 12
122 96 16
2
187 180 5
128 96 6
0
0
2
120 91 4
163 124 14
1
155 139 7
0
0
3
176 130 3
205 157 12
140 122 18
1
165 140 16
2
144 123 1
162 96 15
0
0
1
173 130 14
1
125 99 1
1
208 164 10
1
142 121 3
1
130 92 6
2
162 105 11
149 134 18
2
167 126 7
149 126 18
0
0
