4 8 7 7 2 6 3 4 7 5 5 8 8 4 4 1 3 4 4 8 3 3 7 5 8
2
6 5 2
6 4 22
2
9 8 8
8 8 14
1
8 6 11
1
8 5 24
2
8 6 1
9 5 6
1
7 6 6
1
6 5 7
0
1
10 9 14
2
7 6 11
5 5 22
1
9 8 16
0
2
9 6 1
10 9 11
2
11 8 9
7 6 22
3
8 6 0
10 8 12
8 6 24
1
13 10 10
1
9 9 12
2
8 6 1
7 7 7
0
4
8 5 8
7 6 12
11 9 19
10 8 24
0
3
9 6 8
10 7 9
14 10 10
2
8 7 21
6 5 23
0
1
10 7 11
3
12 9 12
10 7 17
13 9 24
0
1
16 12 2
3
13 12 8
8 6 22
13 8 24
1
11 8 19
2
8 6 8
11 9 10
0
2
12 11 5
13 12 14
0
2
10 7 19
9 6 22
2
12 10 10
10 9 17
2
15 13 3
14 12 20
0
0
1
16 10 3
0
0
0
0
0
0
2
13 9 12
16 11 19
1
15 16 21
0
1
13 10 22
3
17 13 3
13 9 22
17 13 24
1
9 8 9
3
16 13 7
21 17 11
13 10 20
0
0
0
1
13 11 6
1
20 13 12
0
0
3
19 15 5
14 11 6
15 11 21
1
14 15 23
0
4
19 13 4
15 15 11
16 13 17
16 14 22
1
16 11 0
2
25 17 18
16 14 24
1
17 12 20
1
15 12 24
3
19 14 1
15 13 2
13 11 19
0
1
23 18 19
0
3
13 11 5
13 13 6
17 14 24
1
15 14 21
0
3
17 13 5
20 14 17
13 11 23
0
0
1
18 12 19
1
24 14 1
0
2
25 17 0
21 19 5
1
17 16 1
0
1
20 18 16
1
20 15 16
1
18 11 3
1
19 17 19
0
1
17 13 14
2
20 15 8
25 20 17
3
16 11 16
23 17 22
22 15 23
1
24 20 6
2
20 21 1
21 16 23
3
24 21 12
15 12 14
24 20 21
0
0
0
1
21 14 1
0
1
27 25 19
1
27 17 12
2
18 16 0
15 10 24
1
20 16 8
0
0
1
21 18 9
0
0
1
23 16 4
0
0
1
24 21 14
1
24 16 14
0
2
20 13 3
29 22 14
2
11 9 5
31 25 11
1
27 22 18
1
29 23 9
1
33 22 8
4
26 20 1
20 17 8
30 26 23
26 23 24
0
3
28 27 8
23 19 13
27 24 22
0
1
20 17 10
1
19 10 7
2
19 15 3
36 27 22
2
23 20 1
21 15 24
2
20 13 1
24 17 2
1
31 29 24
1
16 14 0
3
32 26 8
21 18 11
31 25 12
3
40 33 10
22 9 21
18 16 22
1
19 14 16
1
34 29 19
2
24 19 11
24 19 14
1
24 18 19
2
20 12 1
28 16 9
0
3
25 22 2
25 15 9
32 22 12
2
36 30 17
29 25 24
0
2
24 20 5
39 36 12
1
30 23 19
2
30 25 11
28 20 16
2
19 11 19
26 23 22
1
29 22 12
4
17 13 3
38 32 8
28 21 22
22 13 24
0
0
2
30 26 7
31 24 14
1
31 28 16
2
24 20 10
26 18 24
3
24 22 3
30 27 11
37 30 19
3
29 26 11
30 25 19
22 18 22
0
2
32 28 4
35 27 5
0
1
32 25 13
2
41 27 1
35 27 9
2
28 23 0
31 30 9
3
24 18 11
41 32 12
25 25 13
1
23 14 13
5
29 21 7
11 9 10
33 29 12
40 33 19
30 23 22
1
39 30 19
1
25 16 23
3
34 23 1
28 21 7
36 29 23
4
30 19 2
35 29 7
27 18 11
28 21 19
0
3
36 30 3
31 27 8
31 27 24
0
0
1
41 33 13
3
31 32 6
37 28 17
36 32 21
0
0
1
24 19 10
1
25 20 21
1
38 32 17
2
36 34 21
27 28 22
1
37 31 6
2
44 30 0
30 23 12
0
1
45 32 17
3
46 43 1
26 18 2
28 19 12
1
29 24 19
2
37 35 14
23 19 24
1
36 33 17
0
1
33 29 5
2
34 24 3
23 20 12
2
36 29 11
30 25 12
1
26 21 22
4
42 35 3
30 26 12
38 30 22
33 24 23
1
36 27 21
2
28 25 3
37 34 24
2
40 37 10
40 27 12
2
23 20 11
45 34 18
0
1
36 24 23
1
42 28 15
2
33 21 13
39 31 22
2
43 35 11
28 20 12
1
48 45 2
0
2
34 26 13
52 38 16
1
26 21 7
2
20 10 0
48 43 1
3
37 26 8
57 65 14
33 20 22
1
48 44 6
0
2
53 41 19
47 39 24
1
35 31 14
2
40 33 2
28 23 6
0
4
42 30 2
38 35 8
36 25 12
35 27 15
1
31 27 24
2
55 35 2
30 28 6
0
0
1
42 32 9
2
41 37 3
51 36 19
2
56 39 3
37 30 14
2
44 33 14
47 37 19
0
1
48 45 22
0
2
51 50 2
34 32 5
0
1
30 27 2
2
45 32 3
39 37 10
1
39 35 20
1
45 38 4
3
45 36 3
47 25 5
39 33 7
1
50 32 8
3
44 41 7
42 33 12
41 36 21
2
49 41 0
31 22 5
1
60 47 14
3
42 41 6
41 36 12
43 31 17
2
47 41 7
36 30 8
1
54 46 0
0
2
37 27 2
46 43 19
4
58 52 3
42 37 7
41 37 8
54 42 10
5
46 42 2
70 55 7
38 33 11
53 37 12
37 29 22
1
42 22 13
3
54 45 1
27 17 5
52 39 11
2
49 36 1
29 21 13
0
1
42 33 6
2
60 57 9
59 38 11
2
39 29 17
41 28 24
4
54 38 11
38 21 13
64 53 17
54 45 23
4
45 38 7
59 65 9
71 61 18
36 31 19
3
50 33 13
64 42 15
30 22 17
1
63 48 22
0
1
42 35 21
0
0
1
55 43 1
0
1
56 37 1
2
35 26 2
46 42 24
2
45 35 3
31 31 23
0
1
50 43 0
0
2
57 52 7
41 30 22
2
32 29 8
45 38 11
0
0
2
34 31 1
46 46 18
1
42 23 24
1
44 26 16
2
48 41 14
50 43 18
1
47 39 11
1
76 56 8
0
3
55 48 11
32 26 19
62 53 22
1
46 39 23
1
45 38 1
1
53 42 14
3
56 51 13
55 40 19
51 42 23
0
0
1
60 45 9
1
36 29 8
0
1
41 27 2
2
48 40 1
58 42 13
1
42 34 22
1
53 41 22
5
50 33 3
49 29 8
56 41 13
42 28 21
45 31 24
2
48 32 10
52 47 19
3
39 34 3
36 20 16
54 61 19
2
45 36 4
50 42 14
2
60 31 2
53 48 8
3
37 37 8
37 22 15
67 43 22
1
54 40 24
2
40 28 5
57 43 10
2
56 41 17
47 37 18
3
61 48 2
39 29 11
50 51 23
2
36 35 2
57 50 24
2
52 39 2
50 46 16
4
51 40 0
67 53 2
57 42 11
64 51 22
2
40 35 11
46 34 23
1
33 29 1
0
1
78 65 2
1
50 53 11
1
52 39 10
2
62 63 21
52 42 24
2
58 55 3
42 29 6
1
53 41 8
0
0
1
48 31 5
1
57 49 2
2
52 36 6
52 37 21
2
61 55 17
40 25 24
1
54 44 12
1
37 29 16
4
27 18 3
79 75 14
65 42 17
64 45 23
1
47 33 0
4
58 48 1
64 51 9
44 38 10
61 50 15
1
62 53 2
0
2
55 50 9
83 83 19
0
1
49 39 22
1
41 29 23
2
69 49 12
64 57 13
0
1
45 38 8
0
2
52 42 1
62 46 13
0
0
2
60 50 13
72 54 18
1
41 32 24
1
69 54 8
1
64 42 1
1
52 40 13
2
73 62 5
55 44 9
3
60 42 2
59 40 19
49 51 22
1
68 47 11
2
54 47 8
66 49 17
1
75 62 12
1
79 68 24
1
61 50 22
0
3
39 26 9
78 57 12
66 63 19
2
55 38 11
83 78 24
1
66 54 8
3
70 57 14
47 42 18
55 51 23
0
1
74 57 11
1
60 38 10
1
64 47 5
2
47 33 7
61 55 19
3
55 41 8
79 53 22
64 58 24
1
62 55 20
0
0
3
46 37 14
73 58 19
68 52 24
1
84 67 2
2
56 46 10
81 76 11
1
50 33 24
0
2
40 23 17
75 58 23
2
89 74 2
66 44 10
1
68 56 20
1
67 58 23
1
49 36 1
1
62 60 3
1
54 33 17
1
55 49 5
0
1
66 47 7
1
75 63 22
0
2
58 49 10
63 51 20
1
64 57 12
2
74 57 1
72 52 12
0
1
84 66 19
1
68 43 10
2
68 54 1
47 40 5
0
1
64 43 19
3
67 58 0
44 36 7
58 43 19
0
1
78 60 22
2
70 62 1
91 61 10
0
1
84 60 8
0
1
64 55 24
2
68 53 2
62 52 7
1
64 50 7
1
38 26 8
0
0
2
65 56 14
84 54 18
2
78 60 8
69 59 23
3
80 48 2
75 64 18
71 59 20
4
63 52 2
67 54 5
47 40 8
89 71 11
0
1
80 49 20
1
69 49 2
3
67 52 3
73 77 7
76 60 13
1
71 60 22
0
0
2
79 71 17
68 61 18
2
49 34 17
51 43 24
3
83 64 6
59 49 9
69 55 18
3
55 46 0
51 40 14
75 66 23
2
90 86 16
80 68 22
0
1
66 44 12
1
73 52 1
0
0
0
2
55 42 7
53 43 8
2
78 74 5
63 61 22
1
94 88 24
1
72 63 19
2
73 70 1
71 60 10
3
50 38 1
110 76 5
87 69 22
4
89 71 1
81 66 11
61 58 12
63 56 20
3
46 33 12
62 50 19
101 75 22
3
64 53 2
77 70 8
106 73 22
2
79 60 8
71 37 24
1
69 51 3
2
69 50 11
84 65 24
2
62 46 6
67 65 23
3
73 65 3
70 40 12
84 82 14
1
54 38 5
2
65 62 3
74 75 15
1
86 71 5
2
67 59 3
59 40 11
1
53 41 0
3
87 68 8
108 82 19
89 69 20
2
99 83 2
80 84 8
4
73 63 11
67 46 12
66 57 15
42 36 23
0
0
0
1
92 60 1
0
1
56 43 11
1
68 54 16
1
68 57 12
2
72 70 4
79 73 7
2
52 39 1
53 39 11
0
2
73 65 10
99 84 16
1
79 79 5
0
1
77 69 11
0
1
88 82 8
0
0
0
0
3
87 63 9
84 75 18
81 55 23
3
46 40 5
61 31 6
63 54 11
3
68 53 1
66 42 2
49 40 19
2
86 66 8
83 61 18
1
98 76 10
0
2
86 78 19
91 59 23
2
86 75 11
87 58 12
1
98 64 4
0
2
104 80 14
66 50 18
2
59 47 10
84 80 12
1
66 51 1
0
2
106 81 11
94 74 19
1
82 51 0
1
59 39 14
1
90 77 8
2
75 71 1
68 49 2
1
57 56 20
4
93 71 11
110 71 18
88 77 20
88 70 23
0
1
82 48 16
0
1
55 42 11
2
76 74 10
104 88 22
1
49 33 9
1
73 51 17
1
92 62 19
2
73 54 4
88 72 24
4
30 23 3
90 64 6
106 61 12
84 76 24
2
91 85 0
83 73 10
1
92 74 19
2
72 69 3
99 81 19
2
99 80 0
82 70 5
1
87 63 22
1
88 80 16
2
121 94 4
90 53 9
3
54 41 1
93 64 11
79 82 24
1
103 88 10
2
54 40 19
97 94 24
0
2
85 58 0
69 61 11
2
59 56 0
69 65 5
0
1
67 45 16
1
84 77 10
0
1
74 64 1
0
0
0
1
92 75 1
1
71 76 1
0
2
74 46 1
110 80 14
1
98 92 1
2
63 50 2
83 62 4
2
92 82 17
86 75 22
2
87 58 3
97 79 12
4
85 83 9
83 73 12
73 59 17
76 51 19
1
98 96 6
0
2
102 86 1
100 74 11
1
100 78 0
2
97 71 12
84 72 19
3
86 56 8
73 53 9
109 97 12
1
86 69 14
0
1
55 49 10
1
77 57 9
3
119 91 7
116 93 16
113 82 22
1
78 64 11
1
74 64 1
1
81 62 2
1
81 63 6
1
83 58 3
0
0
2
92 64 7
61 47 8
1
78 49 7
1
95 73 0
2
79 66 1
85 58 11
1
92 94 24
2
88 61 9
109 66 21
1
83 70 2
1
100 83 22
0
2
73 46 6
109 80 22
0
1
75 50 12
3
86 62 1
57 40 2
99 85 11
0
1
62 40 7
0
0
0
2
90 75 21
90 75 22
2
94 75 5
100 70 21
1
116 77 2
1
82 57 19
0
1
118 91 12
0
3
86 67 13
127 81 18
86 66 19
1
105 79 14
2
110 84 9
129 89 20
1
97 76 9
0
2
107 87 12
107 74 24
1
96 77 19
1
113 87 24
1
102 81 4
1
96 83 9
1
125 67 24
1
122 89 12
0
0
1
85 77 1
1
104 68 9
0
1
68 51 21
1
99 92 22
2
89 57 19
115 109 24
1
82 76 11
1
69 44 19
1
99 90 2
2
86 75 3
85 69 10
3
112 86 1
102 83 12
106 83 24
0
1
88 72 6
1
101 74 6
1
69 40 8
0
2
109 78 17
88 60 22
0
0
1
109 77 3
0
4
84 68 0
115 83 2
85 74 5
88 81 19
2
68 48 6
102 80 23
0
1
102 80 14
1
97 90 22
1
95 76 21
0
2
97 94 5
81 68 10
1
77 61 0
1
67 45 3
0
1
63 51 22
2
118 90 5
59 50 12
0
1
121 97 1
2
93 76 5
97 77 22
3
80 70 2
90 57 12
67 59 17
2
98 76 12
77 68 21
1
80 61 24
1
99 75 8
1
111 106 18
4
67 53 9
87 71 19
81 61 23
122 108 24
0
1
103 79 22
0
3
114 88 9
122 76 11
114 86 23
1
82 75 22
1
59 45 19
0
2
79 64 2
118 104 9
1
120 92 22
0
1
43 43 6
2
120 99 18
103 70 20
0
2
119 95 5
80 58 8
0
0
0
0
2
102 76 11
123 95 23
2
115 95 6
107 88 19
0
5
91 60 1
137 107 8
113 107 11
142 112 13
111 62 24
0
2
97 69 11
92 73 22
0
1
109 72 24
1
75 45 6
1
91 73 9
0
1
106 58 3
0
0
2
115 86 13
111 81 17
1
117 90 24
1
112 91 23
1
141 79 18
2
83 62 2
105 77 6
2
100 93 6
93 75 23
2
127 114 12
102 91 19
2
139 107 9
111 85 19
0
2
75 51 21
107 72 23
1
107 86 1
2
112 91 19
85 71 24
0
0
2
138 108 18
82 72 24
0
1
87 70 11
0
1
99 90 0
0
0
0
2
131 116 2
117 95 24
1
110 97 12
1
126 107 17
1
127 116 2
3
99 81 6
69 60 8
146 108 24
2
148 98 20
124 80 24
2
143 118 1
72 54 22
1
125 98 19
2
91 72 1
66 55 20
1
137 110 24
0
1
141 129 3
1
113 85 11
0
0
3
97 59 2
94 76 15
110 92 24
1
98 85 23
2
105 90 3
123 96 10
3
148 127 1
106 70 11
164 123 23
1
114 94 19
1
135 85 1
1
119 77 14
2
99 74 16
97 75 21
0
0
3
76 52 1
148 117 3
126 117 18
1
133 83 14
0
2
152 129 19
128 94 23
0
1
98 73 4
1
161 135 1
1
147 95 3
1
106 89 19
2
102 87 1
116 99 8
1
70 58 24
2
126 96 9
116 109 19
2
127 103 19
162 142 24
2
132 93 9
96 98 23
4
100 69 1
134 117 19
157 133 20
127 102 24
2
90 72 8
88 65 16
0
4
94 77 0
104 91 18
69 60 20
96 58 24
2
116 99 22
124 125 24
2
101 97 1
119 100 3
1
127 100 18
1
94 64 22
1
114 96 5
0
1
121 126 3
3
110 98 12
148 123 14
150 95 19
0
2
98 74 1
139 111 5
0
1
83 64 22
1
160 139 14
1
112 83 16
2
133 119 1
129 105 18
2
103 76 8
115 96 19
0
1
109 90 10
3
99 88 17
124 79 23
109 82 24
2
141 104 9
96 80 21
0
2
149 105 5
105 84 9
2
124 114 17
122 108 21
1
120 113 7
1
102 91 8
1
94 79 1
1
139 129 2
0
1
123 73 19
0
1
107 94 6
1
162 131 4
0
1
115 102 11
0
2
93 82 5
120 86 8
1
107 87 16
2
119 97 3
187 141 15
0
2
132 91 9
102 65 16
4
124 99 8
96 89 17
118 104 22
130 75 24
4
179 152 0
164 145 7
92 64 10
121 98 13
1
125 104 20
1
129 99 19
1
138 95 24
1
137 90 10
2
136 76 0
92 58 18
0
0
1
164 115 2
0
1
138 108 7
1
103 87 2
1
132 121 13
2
131 107 2
115 86 19
1
174 102 10
3
99 79 2
138 103 10
118 86 12
0
2
110 82 5
133 123 23
1
121 102 19
1
128 99 9
2
83 75 11
77 71 20
1
166 121 3
1
118 88 24
1
124 83 11
1
142 79 3
1
165 122 6
0
0
3
137 116 14
109 92 19
134 91 20
0
4
122 106 1
122 87 12
105 96 22
114 96 23
1
131 109 9
0
0
3
118 76 5
132 108 12
134 82 20
0
1
162 138 21
2
141 91 10
129 107 11
0
0
1
105 72 7
1
117 70 2
1
104 82 22
1
131 112 8
0
2
118 77 10
124 97 16
1
168 163 24
0
1
171 150 3
3
178 146 1
132 127 5
129 99 23
3
181 126 12
124 115 13
111 101 15
2
122 91 7
126 113 17
1
157 126 2
0
2
149 117 3
145 137 8
2
142 116 16
100 100 17
3
157 121 5
105 85 9
96 77 14
2
206 160 5
95 66 9
4
134 91 3
120 101 8
118 82 19
110 81 24
0
1
146 106 3
1
140 117 18
1
121 107 17
0
0
0
1
124 89 13
1
148 102 9
0
5
109 79 11
113 111 14
108 73 16
68 54 17
132 102 20
1
134 112 2
0
0
3
120 85 1
121 92 19
151 126 24
2
174 170 11
155 129 19
0
0
2
185 199 11
127 114 19
2
174 176 4
122 89 23
3
105 64 11
154 119 17
121 68 19
1
113 86 10
1
128 91 17
1
74 47 0
3
129 113 3
228 198 11
79 57 13
1
100 81 14
2
76 57 1
144 103 20
2
176 117 4
152 101 17
1
131 86 20
2
191 118 12
73 60 13
2
197 169 10
152 97 12
2
153 125 3
122 74 20
2
100 75 8
144 132 20
3
126 100 0
96 71 3
119 92 18
2
131 88 17
170 140 21
0
1
102 90 14
1
158 92 9
1
103 94 18
2
174 114 6
112 75 24
0
1
135 113 19
0
2
98 80 11
156 123 23
0
1
189 173 9
1
138 129 13
2
165 110 8
149 110 19
0
2
119 115 8
220 172 21
3
136 133 3
152 147 8
170 140 24
1
135 113 17
3
92 71 0
164 95 9
148 145 21
1
114 99 3
0
1
134 112 14
1
90 85 12
1
122 82 9
0
1
130 116 16
1
149 108 3
1
208 181 5
5
145 129 1
171 139 5
94 79 9
172 129 12
124 94 17
2
178 155 12
155 113 22
3
169 124 19
163 108 20
125 108 24
0
1
149 127 12
2
142 114 2
114 101 11
2
150 88 0
120 85 17
2
127 99 5
145 135 6
2
202 171 8
112 112 23
0
1
74 58 2
2
165 127 3
122 109 24
0
3
143 109 3
126 92 19
130 106 21
1
92 64 23
1
102 71 13
0
0
0
1
139 109 11
1
136 125 2
0
1
109 90 3
0
1
121 83 12
1
138 128 24
1
166 120 24
3
210 157 3
130 116 7
136 111 12
1
130 103 2
1
130 103 24
1
176 114 18
0
2
145 134 9
174 126 11
1
132 104 6
0
2
152 102 3
127 95 24
2
98 76 7
115 91 12
1
176 131 3
1
210 185 2
2
146 109 1
127 108 8
1
134 102 22
2
141 122 2
151 129 4
1
149 144 19
0
2
172 146 11
124 95 17
0
1
125 109 20
0
1
124 93 11
1
122 111 17
1
108 87 19
2
118 79 4
158 138 13
0
0
1
113 112 11
0
3
180 123 1
106 87 11
189 164 19
1
128 110 11
1
195 160 12
2
135 124 12
114 92 22
1
134 101 6
1
132 122 8
2
140 100 19
142 106 20
1
143 107 13
0
1
178 174 3
0
1
134 98 8
1
180 175 14
1
140 95 17
1
103 77 22
1
185 115 8
2
147 123 12
152 105 17
2
198 132 4
130 108 17
0
2
207 147 5
157 126 22
1
113 87 24
1
120 91 7
4
201 166 0
170 111 1
145 127 2
107 100 19
2
163 135 21
156 125 22
1
174 159 11
1
151 123 2
2
181 150 5
140 112 19
0
2
142 89 11
190 162 12
3
141 87 3
136 88 13
219 169 24
2
156 117 8
160 109 18
1
156 137 10
2
136 119 1
131 128 13
1
146 101 7
1
144 108 2
0
1
121 81 24
5
164 146 10
166 122 11
159 125 18
122 119 19
148 135 22
0
3
172 155 9
168 147 18
156 127 23
2
111 91 2
212 165 24
1
148 109 1
0
0
1
217 178 11
0
5
156 98 0
80 59 8
172 140 9
142 86 13
139 130 24
1
171 161 7
2
129 104 7
144 109 19
0
2
135 99 1
166 130 17
1
170 143 6
0
4
204 155 0
162 144 2
122 116 5
159 140 24
1
136 131 5
