5 4 7 7 2 1 8 2 8 1 3 5 3 2 3 3 5 8 4 4 4 5 5 2 2
0
2
8 3 5
6 5 21
0
0
1
7 5 8
1
8 6 6
0
0
0
1
7 6 17
0
1
8 6 9
0
1
8 8 16
0
3
9 7 2
9 8 17
7 5 21
4
6 5 6
7 5 7
9 7 16
13 7 17
4
9 6 3
10 9 16
11 9 20
12 9 23
2
7 5 13
10 8 16
0
1
11 9 4
1
10 9 6
1
11 8 11
1
13 12 2
1
10 8 0
2
7 6 0
8 7 18
0
0
0
0
0
3
14 9 0
12 10 3
11 8 6
0
2
17 12 3
12 10 17
1
8 5 7
0
0
2
10 8 2
11 12 12
0
1
14 11 2
1
15 12 2
0
5
19 17 3
16 12 6
16 12 20
15 13 21
14 12 23
0
1
11 9 0
1
13 11 2
0
0
2
17 11 2
13 9 10
0
2
17 15 1
16 14 6
0
3
15 10 8
16 15 16
18 15 17
1
16 14 0
1
20 17 16
1
17 13 17
1
13 7 23
2
13 10 8
19 14 12
2
17 16 18
17 12 21
1
18 16 5
1
14 11 3
3
11 8 2
16 13 13
16 14 22
1
11 9 16
0
1
14 11 23
3
11 10 0
15 11 2
19 14 13
0
3
21 13 3
16 13 6
21 19 21
1
22 19 17
0
4
16 15 8
26 20 12
29 20 18
14 12 22
1
15 10 2
1
17 16 21
1
23 18 2
1
17 13 15
2
20 18 11
25 20 18
1
15 12 11
0
0
2
17 14 1
15 13 21
0
1
23 17 22
0
2
19 16 8
24 20 18
1
14 11 17
1
17 13 16
0
2
23 16 18
22 13 23
0
1
23 17 12
3
19 14 1
20 19 5
12 9 22
2
22 17 0
21 19 23
4
18 16 3
14 14 6
26 20 17
23 18 23
2
26 20 1
20 18 6
0
0
1
20 11 1
0
0
2
22 17 3
24 16 17
0
0
0
2
18 14 6
26 19 15
2
19 12 6
26 23 12
1
20 16 3
0
2
31 22 1
28 19 5
1
22 20 15
0
0
1
23 18 22
2
26 21 17
23 16 21
1
29 21 0
2
18 13 8
26 22 17
1
29 23 6
0
1
27 22 12
0
2
36 30 3
15 10 15
3
32 29 8
27 26 17
26 18 24
1
22 17 8
1
20 20 13
0
2
18 12 1
18 14 20
1
27 21 2
0
2
31 24 3
22 17 18
3
34 29 3
33 35 20
33 28 24
1
31 26 16
2
20 20 0
26 22 14
1
31 24 8
1
21 13 19
1
32 28 1
1
30 23 8
1
26 25 20
1
29 23 3
2
15 11 2
32 22 17
0
0
0
1
30 24 17
0
2
31 27 6
29 21 8
1
24 16 18
1
34 28 11
0
1
23 14 6
3
48 32 6
26 20 23
48 33 24
4
26 20 0
23 15 6
35 34 7
30 25 10
1
35 31 8
0
3
29 25 6
17 14 11
38 33 21
1
37 35 20
0
1
26 21 2
1
32 27 10
0
1
30 21 11
2
38 34 2
30 17 13
1
40 32 3
1
29 23 18
3
24 20 1
34 29 18
43 35 21
1
30 25 16
0
0
1
30 22 15
0
1
29 27 6
3
40 36 6
31 28 13
33 28 15
2
39 38 19
29 21 22
2
31 23 3
32 22 10
2
26 18 12
45 34 19
1
30 27 24
0
1
18 12 6
2
23 19 8
43 33 13
2
44 43 1
39 26 22
1
26 27 18
1
41 33 3
1
42 32 0
1
24 19 19
1
27 22 10
4
39 26 2
36 24 3
28 23 7
36 31 18
0
1
42 29 24
1
30 22 17
0
2
31 22 0
39 30 8
1
48 41 19
1
34 26 5
0
2
34 28 6
27 17 16
0
2
40 34 13
38 32 19
1
41 32 3
0
2
38 27 6
20 15 17
3
35 31 5
26 18 8
42 30 12
2
34 33 2
41 32 19
0
2
28 22 18
28 25 20
3
48 40 1
33 23 3
49 35 22
1
30 24 6
1
39 26 18
1
30 17 6
0
2
38 27 6
35 26 21
2
40 39 0
51 40 21
2
40 26 15
34 25 19
0
1
43 46 2
2
39 28 2
37 28 8
5
42 37 6
37 38 11
48 33 13
48 39 18
41 33 21
0
2
34 24 8
37 29 17
1
30 21 24
2
41 41 8
46 44 24
2
35 33 0
47 41 21
2
44 33 10
38 33 24
1
33 25 8
1
56 46 21
0
1
38 31 3
1
41 28 8
1
37 31 8
1
32 25 8
3
43 34 1
37 23 3
39 34 20
3
37 32 6
49 47 17
48 28 22
1
46 42 9
0
0
0
2
46 40 8
46 36 17
0
1
44 38 22
0
3
44 40 2
29 23 12
46 39 18
0
0
0
3
53 35 11
57 44 12
36 26 18
2
43 41 10
43 30 11
0
0
2
54 44 2
51 34 19
2
48 39 6
53 45 16
1
43 31 15
2
55 43 3
48 38 23
1
44 35 21
0
0
3
47 43 2
37 29 7
52 43 19
1
50 41 0
2
50 36 3
41 40 24
0
2
61 51 2
29 27 23
0
2
18 13 2
41 36 22
1
51 37 12
3
44 31 0
47 44 3
44 29 20
0
2
47 35 15
41 29 18
0
1
55 45 3
1
52 43 3
2
37 28 10
25 18 20
1
51 42 22
1
50 38 14
0
0
1
45 34 23
2
52 38 8
50 26 16
1
48 38 18
0
1
33 27 3
0
1
71 39 3
1
50 42 4
0
0
0
1
39 31 3
1
55 41 8
3
44 32 1
56 45 16
55 46 17
0
2
58 49 10
57 51 18
1
48 34 18
2
51 44 11
40 29 22
1
51 36 19
0
0
2
62 52 0
36 27 2
1
44 30 0
0
0
0
2
54 34 3
67 50 22
1
63 52 6
2
58 39 2
56 42 17
2
60 54 6
65 46 8
3
42 34 1
48 35 14
70 55 18
1
39 28 8
0
2
41 38 1
56 48 2
1
65 51 17
1
65 51 0
0
1
81 67 8
2
59 44 3
55 49 7
2
51 38 8
65 44 12
2
47 35 0
66 64 13
3
56 43 0
55 43 2
47 30 3
0
1
32 31 18
0
1
55 41 3
1
60 50 2
0
1
49 44 15
0
1
45 39 6
0
1
70 46 15
3
62 54 3
65 56 15
68 48 22
1
54 44 16
0
0
1
50 38 2
1
49 42 20
1
38 33 16
2
51 41 8
55 44 20
2
66 46 2
70 59 7
0
0
0
1
51 37 21
2
68 59 3
55 42 7
1
41 34 9
3
58 49 0
57 43 4
66 46 23
1
67 47 22
0
1
68 58 19
1
55 37 19
1
75 63 0
0
1
53 37 22
1
60 58 13
3
60 53 0
55 53 2
48 31 16
1
55 46 11
0
1
65 51 8
0
1
78 71 6
0
2
64 52 17
65 54 21
1
52 40 0
1
68 53 1
1
73 64 21
2
48 33 6
71 62 13
0
0
1
69 52 15
2
57 42 3
49 42 16
2
61 43 2
72 63 17
1
84 80 23
1
89 77 11
3
60 51 13
64 45 14
63 57 18
1
56 37 13
1
64 51 15
1
57 40 8
0
1
74 65 1
2
64 55 6
80 67 22
1
55 47 11
0
0
0
1
68 44 7
2
63 56 8
65 53 10
0
0
2
79 80 6
34 28 24
0
0
1
39 26 19
1
78 51 22
0
0
0
0
1
82 70 6
1
72 70 21
1
52 47 21
3
61 51 3
71 43 8
49 42 17
0
2
88 51 8
71 51 17
1
70 47 12
1
60 48 6
2
69 48 0
53 46 20
0
0
0
0
2
63 54 17
73 66 19
0
2
91 64 2
68 54 3
1
56 42 17
0
2
79 45 17
66 48 19
1
91 78 22
1
56 42 15
1
87 60 6
1
60 44 1
1
42 39 17
1
69 53 17
2
104 99 0
65 56 1
1
84 75 8
0
1
68 57 20
2
65 54 18
87 66 21
0
1
53 55 22
1
72 51 20
0
2
73 64 0
47 31 22
0
1
76 63 2
1
80 58 18
1
86 73 21
2
64 50 17
65 46 19
1
71 49 0
0
0
3
69 51 8
87 69 17
84 64 19
0
3
79 78 4
88 73 8
80 69 24
0
3
55 52 1
74 60 2
66 60 19
1
95 65 18
1
61 56 14
1
99 72 10
0
0
1
70 52 16
3
86 74 6
90 79 12
90 67 24
1
80 50 11
1
69 46 0
2
93 96 2
69 59 21
2
77 68 3
52 33 19
0
3
97 74 3
80 65 16
82 68 17
1
70 58 2
1
85 67 14
0
0
1
90 80 7
2
72 62 11
54 43 20
1
98 84 21
0
1
81 71 19
1
102 78 22
0
2
77 52 0
104 77 17
1
90 70 13
1
66 57 22
1
40 38 16
2
75 82 3
81 59 4
1
68 57 13
1
98 70 10
2
83 59 3
91 88 23
2
79 55 3
87 55 24
2
95 95 17
75 73 18
0
2
73 56 3
59 50 21
1
60 58 20
0
2
82 84 8
75 64 21
2
74 59 3
77 56 19
0
0
2
94 71 3
84 61 6
1
77 59 10
0
0
2
108 96 8
75 68 22
1
80 57 22
2
82 65 6
30 26 15
1
105 84 4
2
115 95 6
90 72 8
0
0
0
1
74 56 6
2
93 83 6
98 80 8
0
1
85 65 0
2
99 72 16
81 62 18
0
4
64 47 0
92 67 1
85 67 13
117 86 20
0
0
3
103 60 12
64 63 16
75 51 17
2
79 62 6
70 59 7
0
0
1
59 50 17
2
106 87 2
103 79 20
1
28 21 17
1
99 92 19
0
2
52 36 8
89 67 17
2
85 57 21
72 64 22
2
74 75 7
54 46 9
1
103 84 14
0
2
76 54 13
83 59 21
1
94 86 17
2
110 97 11
89 67 22
1
95 58 23
0
2
82 70 3
100 66 17
0
1
87 67 12
0
1
92 77 2
1
88 76 3
0
1
102 83 0
1
106 91 17
2
110 99 6
80 63 22
1
39 26 8
0
1
60 48 21
1
81 56 17
1
107 93 17
2
90 64 16
104 88 21
1
79 60 6
4
110 88 0
106 78 2
106 88 8
47 39 11
2
76 51 5
70 60 16
0
1
64 54 17
1
91 65 15
1
88 61 24
1
69 53 3
1
65 51 24
1
36 23 21
2
84 75 1
104 94 7
1
98 69 1
0
2
84 82 2
89 80 21
0
1
114 86 21
1
92 76 11
2
55 46 2
104 83 6
0
0
2
115 86 15
64 55 24
0
1
92 88 22
0
2
97 81 14
139 119 20
1
77 59 8
1
54 35 14
1
60 47 20
1
83 63 10
0
1
54 53 15
0
1
91 70 22
2
114 80 0
99 76 3
1
131 76 6
0
0
2
114 101 16
95 75 17
0
0
1
97 91 21
1
104 75 14
1
102 74 6
1
86 77 23
2
86 78 0
127 83 11
0
1
59 50 5
2
99 85 6
88 60 11
0
1
80 58 6
1
78 55 21
0
0
0
1
89 71 7
1
60 46 2
0
3
122 113 0
129 93 11
82 76 20
0
1
71 52 12
0
1
113 107 12
0
0
1
76 69 1
0
0
3
88 54 0
110 93 16
113 79 22
0
1
93 82 18
2
89 81 7
87 79 15
0
1
102 75 6
0
0
0
2
88 72 18
99 73 22
3
102 86 5
85 65 17
78 65 24
1
115 91 18
1
84 76 13
2
93 78 2
97 60 21
1
83 57 6
3
91 66 2
124 79 6
64 39 21
1
84 73 21
1
120 95 20
1
96 73 0
2
98 67 20
82 49 21
1
103 80 2
0
0
2
79 58 6
113 87 20
1
93 72 11
1
76 50 22
1
127 99 8
0
1
131 109 22
0
1
139 102 22
3
104 76 2
73 68 3
98 66 5
1
115 92 2
3
121 110 3
87 74 12
137 91 16
3
147 104 6
87 74 17
83 64 23
1
104 93 3
0
1
102 85 10
1
112 71 12
0
1
102 69 6
1
121 77 12
0
1
127 98 17
2
119 73 9
81 75 21
0
0
1
126 98 6
3
120 98 2
121 121 3
100 79 22
1
97 87 0
0
0
1
65 56 1
1
118 83 10
0
3
119 107 8
118 100 15
150 130 23
1
125 108 10
2
101 96 12
102 82 24
1
96 85 22
2
120 83 16
105 76 24
2
109 88 3
81 60 12
1
118 121 6
2
76 53 15
73 54 21
0
2
114 73 15
135 126 16
1
105 83 20
0
0
0
1
77 81 3
3
103 86 3
109 83 4
119 124 12
0
0
1
123 123 0
3
127 112 12
38 26 14
86 75 15
1
109 89 17
0
0
2
147 121 1
112 99 16
1
119 88 12
2
91 65 11
109 71 22
2
99 83 2
120 87 11
1
90 70 2
2
123 121 6
102 76 22
2
76 60 3
80 71 14
1
115 90 8
1
123 104 23
1
157 135 3
1
64 47 24
1
106 97 8
0
0
4
95 64 1
136 101 2
65 57 8
145 95 10
2
110 78 17
99 85 19
2
95 66 18
135 106 24
1
90 80 0
1
83 77 17
2
149 100 10
142 95 22
1
124 96 13
2
82 68 7
111 87 22
0
0
1
129 101 16
1
82 60 17
2
114 83 6
82 82 21
1
92 73 3
2
123 99 2
88 69 21
0
1
147 114 21
2
100 92 2
130 99 10
0
0
1
114 80 17
1
163 148 15
2
121 93 21
135 117 22
0
0
1
133 93 6
0
0
0
3
76 57 5
146 165 11
99 85 19
0
1
115 86 6
2
144 110 3
117 101 22
1
141 127 21
3
108 85 0
135 139 8
100 68 14
2
116 73 11
106 95 21
2
108 109 19
131 90 22
1
100 74 22
1
104 79 8
0
1
109 75 12
2
105 77 8
130 99 17
1
82 69 8
2
103 92 1
125 105 13
1
113 109 10
0
1
132 108 9
0
1
124 91 0
1
94 83 6
1
146 127 17
1
103 92 2
0
3
155 144 3
151 126 8
172 151 23
2
133 108 18
91 81 21
2
105 77 6
87 74 17
1
130 105 19
0
1
92 59 2
0
1
100 85 21
1
111 99 8
4
77 59 0
119 92 13
111 106 17
108 87 18
0
0
1
143 122 6
0
3
140 109 0
137 135 11
129 120 14
1
116 124 17
1
103 87 11
0
2
120 79 3
120 108 6
0
1
116 107 18
3
131 106 0
106 83 2
140 132 17
0
3
125 103 3
109 78 8
103 92 21
1
178 150 6
0
2
155 124 14
115 79 18
1
142 132 16
1
162 130 19
3
103 80 12
141 95 16
89 67 21
0
0
1
94 77 6
1
154 93 17
1
120 103 6
0
1
126 99 0
3
109 81 11
114 98 12
132 95 17
1
76 61 6
0
0
1
136 116 22
2
101 95 12
95 87 22
0
0
1
158 132 10
0
1
74 54 6
1
149 122 18
0
0
0
2
87 82 0
152 90 1
1
128 92 15
1
149 128 17
2
125 87 7
134 117 15
0
2
103 117 6
122 91 17
3
142 107 0
135 114 4
163 119 8
2
106 92 18
92 84 22
2
172 134 0
139 102 17
2
91 62 3
129 113 12
1
145 131 7
1
94 76 11
1
142 112 2
0
0
1
101 83 21
2
83 71 15
120 96 20
1
156 124 0
0
2
190 152 3
126 95 12
3
107 69 2
121 97 6
132 95 8
2
172 111 6
130 97 16
0
2
128 94 8
145 131 10
1
161 130 6
5
127 110 8
157 119 11
126 98 17
111 93 20
119 76 24
1
89 66 6
2
125 117 0
90 77 6
0
1
172 122 6
1
124 95 6
2
109 87 15
178 145 18
0
0
1
130 89 19
0
0
1
117 96 11
2
124 102 3
160 123 12
2
127 110 8
119 108 18
1
96 87 16
0
0
0
0
0
1
93 102 17
1
93 79 19
1
123 103 13
3
79 64 1
125 92 4
173 131 16
1
100 90 21
1
186 135 19
1
130 124 10
3
141 118 3
110 98 4
116 87 11
0
1
119 100 8
0
1
123 111 11
1
105 88 20
2
190 178 10
186 134 17
0
2
123 102 2
114 78 7
1
99 81 3
0
0
1
118 93 8
0
0
0
0
2
139 104 2
156 152 3
2
138 113 3
130 97 23
1
133 96 19
2
124 106 15
164 132 20
2
104 95 4
111 90 8
2
142 111 8
167 122 17
0
2
126 103 3
116 102 17
3
155 122 2
136 107 8
137 123 18
1
154 117 21
0
5
169 151 2
147 123 3
161 135 6
245 216 17
147 129 22
0
1
140 135 18
2
78 61 19
162 146 22
2
149 121 18
190 138 23
1
168 144 3
0
1
165 151 18
1
162 97 17
2
123 86 6
214 131 8
1
125 91 2
3
119 106 0
168 164 18
94 57 19
0
0
1
134 97 7
2
202 188 8
150 110 16
0
0
1
171 154 4
1
93 79 12
1
118 87 13
1
104 71 6
2
136 136 13
148 107 17
1
143 121 3
1
113 105 22
1
168 122 1
0
1
153 128 23
2
154 123 3
149 128 18
0
0
2
125 68 16
154 113 20
0
3
161 142 3
204 149 17
127 85 22
2
118 124 0
139 106 20
1
149 135 10
0
0
4
110 95 3
151 87 6
176 142 8
126 108 14
1
129 108 11
0
1
119 95 3
1
156 118 3
0
1
140 71 21
1
134 109 19
2
127 114 0
137 120 7
1
131 109 22
0
1
132 122 11
0
2
135 127 2
150 131 11
1
167 139 2
0
1
131 129 8
0
0
1
172 132 6
1
197 162 22
1
163 104 16
1
184 136 1
2
141 108 0
152 141 17
0
1
166 120 21
2
112 82 7
150 122 17
2
106 96 11
93 70 22
0
0
2
159 121 3
119 78 15
0
2
89 67 0
105 84 5
0
2
170 142 13
88 69 22
2
133 114 6
162 136 15
2
145 133 6
137 119 12
0
1
139 99 1
0
1
202 166 12
0
3
130 111 0
173 138 11
181 144 16
0
1
165 152 17
2
135 122 16
182 156 22
0
3
150 125 2
154 110 6
134 112 17
3
165 133 6
144 119 16
146 93 23
0
2
187 173 16
140 113 17
1
166 137 16
0
0
4
106 100 2
162 132 10
173 146 16
179 138 21
0
1
140 102 8
0
0
2
146 126 2
223 152 22
0
0
1
68 48 8
1
186 142 1
1
190 171 2
0
1
171 184 0
1
179 119 1
0
1
196 174 24
3
183 137 1
125 99 3
195 134 21
1
150 104 17
4
158 147 0
84 45 3
188 124 13
116 105 15
0
0
2
172 147 11
146 115 19
1
113 81 0
1
120 100 3
1
203 184 6
1
183 103 12
