5 8 3 5 1 7 4 8 3 4 2 8 3 1 8 5 8 4 2 8 5 6 7 1 3
0
0
1
9 8 5
0
0
1
8 5 18
1
8 6 1
1
8 7 11
0
1
10 8 22
0
2
8 6 1
9 8 2
1
13 10 10
1
9 6 7
0
2
7 5 16
10 8 17
2
11 7 1
10 7 11
2
6 5 0
11 8 22
3
9 8 3
12 9 13
7 7 24
2
11 7 6
8 7 19
1
8 7 15
0
3
8 6 1
15 11 5
11 8 19
1
7 5 7
1
14 12 3
1
9 8 14
1
8 8 11
0
2
8 7 19
11 9 24
1
10 7 5
1
15 14 22
3
12 10 7
10 9 11
17 13 14
2
15 11 11
15 14 23
0
0
1
12 11 24
0
1
9 7 6
1
14 10 11
0
1
15 11 0
0
1
15 14 7
0
1
9 7 18
1
13 9 17
3
14 14 11
19 19 17
17 10 21
1
17 13 19
1
17 13 11
1
10 6 19
1
13 12 21
1
18 18 9
0
3
18 14 5
15 13 7
13 9 20
1
14 10 7
0
1
14 15 11
0
4
16 10 3
7 5 7
19 14 8
18 11 19
3
17 17 4
22 18 14
21 12 22
2
16 12 0
15 11 7
2
16 14 6
19 13 9
2
17 12 3
12 11 20
2
18 15 19
14 14 20
0
0
1
13 10 17
1
14 9 22
1
19 14 3
2
25 22 11
15 12 16
1
17 15 19
2
19 18 15
19 16 16
1
18 17 11
0
1
16 15 15
1
14 11 0
1
15 9 22
2
21 17 2
24 18 9
1
20 19 22
0
2
11 8 7
18 15 12
0
1
13 9 16
1
19 14 19
0
1
20 15 5
1
19 16 14
3
20 18 0
21 16 4
23 23 21
0
0
0
2
20 16 9
16 11 20
2
19 15 7
23 17 8
0
0
1
28 21 21
1
18 17 21
0
3
21 16 5
22 16 14
17 15 20
1
25 16 21
2
23 12 1
21 19 22
0
2
23 17 9
26 21 22
2
24 20 16
21 12 21
1
24 23 7
0
3
16 13 1
23 21 3
25 18 14
1
29 19 1
1
21 21 20
1
24 22 19
2
28 20 3
17 18 10
1
27 21 14
1
21 15 1
1
19 17 15
0
0
0
1
21 15 23
0
1
29 21 1
3
25 20 1
30 23 3
21 16 16
0
1
17 9 20
1
23 16 9
5
26 21 0
29 22 3
24 19 4
20 13 11
31 27 16
1
26 18 16
2
20 17 4
13 9 20
1
26 17 16
1
30 29 9
0
1
32 22 9
0
3
30 25 4
28 25 8
16 10 19
0
2
29 24 2
24 21 14
1
15 13 22
2
21 20 6
28 19 24
1
10 7 21
1
27 23 3
2
40 31 5
20 16 19
2
23 19 9
27 22 16
1
18 14 15
3
31 23 1
17 10 14
28 25 22
0
0
5
27 20 2
18 13 3
34 28 7
30 25 11
21 22 22
3
25 18 16
26 22 17
35 25 18
0
0
1
29 22 16
1
37 28 22
2
26 23 5
28 25 19
0
2
26 22 7
36 25 19
2
33 33 14
28 23 17
2
31 22 2
34 17 20
0
2
29 20 5
35 28 19
0
1
37 36 6
2
33 21 3
41 37 8
0
0
1
22 18 9
2
37 27 2
29 24 15
2
23 15 2
25 15 15
1
28 25 16
6
28 22 1
39 32 8
31 27 11
31 18 16
41 34 17
32 28 19
2
29 21 5
33 27 18
0
3
41 28 3
26 19 14
32 25 15
0
1
25 16 19
0
2
30 27 1
30 26 7
2
27 23 1
40 33 19
0
1
45 52 15
2
45 35 7
35 29 12
1
21 16 21
0
0
0
1
27 20 14
1
24 16 1
4
39 31 4
42 30 5
34 28 6
45 35 21
2
23 14 1
36 29 3
0
3
48 50 3
21 17 5
32 23 11
1
38 29 19
2
36 37 5
50 46 17
1
37 34 22
0
2
39 29 3
37 30 14
1
51 41 16
3
28 23 13
17 11 19
36 27 23
2
43 23 3
35 26 24
2
34 26 11
21 16 14
1
27 23 2
2
38 38 16
35 23 19
1
44 30 7
2
34 25 3
38 28 17
0
1
38 33 24
1
35 28 24
1
45 36 2
0
1
38 34 11
2
29 21 11
44 39 22
1
42 25 14
0
2
32 29 5
52 39 19
0
0
3
40 33 10
45 36 14
57 45 15
1
39 33 13
0
0
1
24 18 17
1
26 19 6
1
42 36 14
2
41 30 12
34 25 19
3
42 33 1
33 26 3
30 19 18
0
0
1
40 27 22
2
36 27 0
61 53 22
2
43 35 4
45 30 5
3
30 28 9
39 34 19
54 38 21
1
29 25 16
1
62 42 7
1
33 26 11
0
1
53 43 11
0
2
52 42 8
47 38 14
2
61 45 7
48 34 8
1
47 36 3
1
49 38 14
0
3
54 38 15
50 36 16
30 27 20
0
2
34 27 2
48 40 14
2
48 37 0
50 29 9
2
47 42 5
55 39 22
1
37 20 6
0
1
62 51 14
1
46 34 3
2
27 22 7
50 43 19
1
39 27 15
2
29 30 0
34 25 11
1
22 18 21
2
45 41 5
47 39 19
1
41 25 21
0
2
40 34 15
31 24 20
2
51 41 14
41 32 20
1
49 39 7
3
42 35 7
29 29 11
73 66 12
0
3
57 46 1
42 29 16
55 42 21
1
40 37 7
1
41 31 5
1
47 36 2
1
39 37 22
0
0
1
41 39 7
3
48 43 13
55 42 16
64 46 19
1
50 35 20
2
35 27 19
38 38 22
1
58 33 12
3
49 42 11
32 25 16
44 32 17
1
22 18 8
3
41 36 3
39 32 5
46 41 22
1
52 31 1
2
48 40 8
38 32 22
1
58 37 7
0
3
48 32 0
65 54 7
23 18 22
4
34 23 7
29 23 14
60 48 16
33 27 17
0
2
53 51 1
30 22 6
1
49 49 20
1
69 62 14
2
51 40 14
58 39 18
0
2
58 61 5
46 41 19
3
55 39 0
71 67 21
62 45 22
2
69 56 11
66 59 18
4
56 50 5
28 24 9
54 52 11
48 38 20
1
54 52 9
1
53 38 3
0
1
38 27 21
2
46 42 8
46 31 21
0
0
2
56 40 0
55 42 11
1
67 64 0
1
50 33 15
2
67 63 10
53 44 22
2
56 48 6
49 47 7
2
57 36 0
51 49 4
1
57 48 6
2
33 29 7
66 55 10
0
1
48 40 7
1
44 32 1
1
49 45 5
0
0
2
35 34 12
53 33 19
1
54 39 17
2
63 60 1
50 36 11
1
56 54 0
2
45 37 4
47 36 22
1
44 31 18
0
2
58 50 19
68 60 20
3
52 36 7
70 63 8
71 48 18
1
59 42 7
1
40 40 16
3
48 39 0
68 54 8
53 45 14
1
41 33 16
0
0
2
67 43 7
50 39 15
0
1
58 50 22
2
48 37 5
57 48 20
1
54 41 11
2
57 56 8
73 59 22
1
69 55 14
2
53 46 7
43 36 8
2
69 60 5
79 57 19
1
65 72 17
0
3
56 37 15
63 41 16
63 47 21
1
67 52 14
2
54 33 15
47 35 19
1
73 51 19
1
51 38 22
1
51 33 16
2
61 47 9
55 52 15
3
66 64 5
68 55 10
68 61 11
2
38 30 3
55 42 14
1
78 62 17
0
2
56 39 19
63 56 22
0
2
43 29 0
45 41 10
2
42 30 2
68 54 5
2
63 57 8
51 45 12
2
39 25 9
55 50 22
3
63 51 13
48 37 21
75 65 23
0
3
66 61 0
52 48 1
50 36 11
1
70 66 22
1
52 32 10
1
77 73 9
0
0
0
1
36 33 12
0
1
27 23 0
0
0
2
67 52 1
59 48 9
3
63 50 13
31 19 16
49 41 22
2
67 57 1
43 23 9
1
50 48 1
0
0
1
66 48 19
0
1
36 24 10
0
2
70 49 12
90 73 15
1
64 57 21
1
49 40 21
0
2
55 49 17
54 45 20
2
40 34 11
47 34 23
0
1
45 33 16
3
83 70 0
61 47 12
64 57 15
1
60 51 5
0
1
71 69 19
3
60 56 5
79 76 7
78 68 12
2
72 54 1
68 60 8
3
49 37 5
49 43 9
59 49 19
1
77 62 14
2
52 44 7
52 40 19
1
80 55 19
0
4
68 67 3
94 73 8
66 56 17
83 66 19
0
2
67 58 21
70 57 22
0
1
62 49 7
1
57 50 1
2
81 73 11
49 40 20
3
65 63 0
76 67 6
48 39 15
3
67 45 1
96 73 9
59 43 22
3
55 39 1
78 65 19
69 58 20
1
81 57 11
2
98 67 3
79 73 17
1
65 51 1
0
2
57 34 0
81 56 9
1
54 34 21
1
86 71 14
3
80 84 1
97 88 3
60 47 7
3
66 43 5
68 55 7
57 42 16
1
47 42 23
0
1
78 59 19
0
1
54 45 7
2
82 76 7
64 59 22
1
53 51 17
0
0
0
1
74 54 21
1
49 38 18
2
22 18 7
69 50 12
0
2
68 41 8
47 42 12
1
88 84 24
0
0
5
99 78 4
83 62 5
48 34 9
86 49 16
83 74 21
0
3
60 54 3
52 48 12
44 35 24
1
65 47 18
0
0
1
85 64 21
0
3
74 52 7
75 75 10
47 39 11
1
81 60 19
0
1
90 81 10
1
86 56 20
1
95 91 22
0
2
78 56 15
57 45 19
1
109 93 16
1
90 60 20
1
79 77 15
0
1
88 70 15
4
86 60 7
94 82 8
96 78 14
86 82 20
2
76 65 4
106 81 6
2
76 48 14
107 81 18
1
69 62 6
4
100 75 0
83 78 10
53 42 15
79 65 16
1
92 78 9
2
94 78 9
92 71 11
2
87 73 2
80 81 15
1
88 72 1
0
4
96 78 0
63 45 5
68 63 10
87 59 23
1
79 49 22
3
80 73 1
73 71 7
81 49 16
1
79 79 5
1
89 82 14
0
2
64 55 0
81 60 11
2
87 73 5
88 78 18
1
120 89 14
1
100 85 3
1
69 54 16
0
2
103 96 6
75 60 7
1
80 69 9
2
70 52 20
75 54 22
2
96 78 12
69 50 16
0
1
70 55 7
2
74 58 7
73 56 10
0
1
96 76 18
2
79 71 7
52 44 14
2
64 46 5
58 56 7
0
0
1
75 57 16
1
115 92 24
2
58 49 7
70 64 16
3
79 59 0
75 66 9
100 83 15
0
2
71 53 16
83 68 19
1
75 59 20
0
1
66 46 5
1
84 64 16
3
88 73 6
90 76 13
116 86 16
0
0
2
82 40 20
59 51 21
2
68 46 11
85 76 21
1
85 67 0
2
69 60 5
60 44 11
0
1
46 35 7
1
97 77 7
0
0
0
1
81 79 16
0
2
88 75 11
54 47 18
1
96 80 1
1
66 42 1
2
71 60 5
109 90 19
0
1
54 50 1
1
89 87 20
0
2
67 52 7
117 106 11
1
78 60 16
0
3
98 71 1
109 75 14
83 65 15
0
1
71 54 17
1
50 41 14
0
1
108 93 9
0
3
99 89 0
71 52 7
97 88 19
0
1
87 74 17
1
90 49 7
1
78 61 11
0
1
79 63 21
1
87 76 15
1
83 60 22
1
76 59 11
0
1
114 91 3
0
2
83 60 9
99 108 11
1
74 61 22
1
94 77 22
1
88 67 15
2
101 83 14
54 39 15
2
89 75 8
60 54 19
0
0
3
113 96 0
100 100 9
118 75 21
1
100 70 11
0
3
101 70 5
86 65 22
91 94 24
1
113 76 21
2
100 61 16
109 89 18
0
2
116 105 5
126 90 22
1
94 81 0
0
0
2
103 72 15
56 50 17
2
72 59 7
51 40 22
1
130 124 17
2
99 71 17
109 76 21
1
82 63 15
0
2
99 91 12
113 93 17
0
1
50 46 1
1
109 100 5
1
99 81 6
1
124 114 6
1
106 86 16
2
86 68 16
97 76 19
1
101 72 8
2
103 93 3
97 82 16
0
2
99 79 17
108 75 24
1
119 90 11
0
1
90 73 14
2
61 56 9
92 75 12
0
2
109 106 5
113 92 15
1
82 71 0
2
77 48 1
83 66 3
0
1
105 87 20
2
98 86 2
107 90 6
1
77 69 19
3
134 119 10
98 86 12
79 73 22
2
120 90 15
75 65 19
2
86 59 7
109 91 20
0
2
81 62 9
97 73 14
1
93 74 4
1
110 93 18
3
87 71 7
79 52 9
82 55 19
1
101 73 5
1
63 51 22
0
0
3
90 81 8
97 71 16
95 68 17
2
72 72 11
105 90 14
1
77 59 6
2
102 90 7
112 86 15
1
78 34 20
0
3
105 80 7
108 77 16
87 73 20
1
99 82 3
0
1
71 55 7
0
0
2
137 128 6
91 78 7
2
80 65 0
122 103 3
0
1
91 80 21
0
2
97 86 9
112 77 17
2
104 93 2
99 82 5
3
116 92 0
92 72 15
137 103 22
1
132 105 4
3
87 64 7
114 92 9
84 69 11
1
114 89 16
3
98 73 0
98 71 6
87 84 20
0
2
82 66 2
102 66 10
1
129 118 17
1
85 80 19
1
94 81 15
2
76 63 8
120 113 21
1
98 77 7
0
2
133 102 15
106 88 18
0
0
2
116 84 5
65 48 14
2
96 80 7
99 79 17
1
88 66 14
2
120 113 17
93 73 21
1
144 125 1
2
119 89 15
113 92 19
0
1
113 73 19
4
108 97 3
91 80 5
81 52 7
86 96 15
1
117 110 3
1
87 58 16
0
0
0
4
89 71 0
131 105 15
96 80 20
74 52 21
2
119 85 1
135 82 7
2
107 71 5
110 69 15
0
0
2
115 113 4
132 105 14
1
83 67 2
5
107 75 1
66 47 5
111 90 6
75 67 9
95 67 17
1
80 59 16
0
1
127 73 22
2
114 107 2
128 103 14
1
96 82 9
1
91 83 20
1
112 85 14
1
112 82 14
2
78 62 6
101 62 19
2
121 107 2
103 85 12
2
62 53 14
106 89 21
1
118 93 0
0
0
1
87 67 16
1
119 88 22
1
112 92 14
0
0
3
154 104 14
99 84 16
112 80 19
0
1
111 98 22
3
87 71 3
77 52 7
121 75 9
4
103 79 0
98 66 9
81 69 16
128 95 22
0
1
98 99 7
3
114 91 3
125 120 20
87 45 22
0
1
83 61 9
1
123 120 7
0
4
117 87 3
104 89 6
126 111 11
91 48 19
1
102 100 0
1
93 70 11
1
123 95 17
0
0
1
127 91 7
1
80 62 10
2
107 84 0
125 117 6
0
0
0
1
91 65 14
1
114 100 0
3
123 93 9
92 78 11
129 107 24
1
113 95 5
1
131 85 9
1
133 113 16
1
74 54 13
0
2
130 108 7
141 126 22
1
130 82 0
3
130 91 5
89 81 9
105 84 22
0
0
0
1
129 119 7
2
94 71 0
91 64 6
1
144 120 14
4
124 83 5
90 54 7
155 139 15
125 105 17
1
100 86 15
1
133 74 7
1
169 125 7
1
113 77 17
2
140 125 5
153 139 6
3
102 81 10
115 79 14
134 84 17
1
95 72 9
0
0
1
114 82 11
3
173 131 1
133 82 11
106 101 18
2
139 89 1
94 79 7
0
3
119 98 7
119 75 10
83 74 17
0
0
1
81 54 20
0
1
134 118 20
2
140 90 9
128 94 22
1
131 111 19
3
125 98 1
136 109 6
123 104 16
1
115 96 23
2
97 67 0
144 98 17
3
96 69 7
125 94 21
104 87 24
1
165 129 16
0
0
2
137 119 12
147 127 22
0
3
67 41 1
93 83 11
86 91 16
0
0
0
1
116 93 15
2
96 71 13
128 102 15
2
146 92 8
149 133 11
0
2
104 91 6
146 114 14
0
1
145 130 3
1
112 89 11
3
58 47 10
51 48 15
64 42 16
0
2
116 87 12
125 105 16
0
1
137 89 21
1
127 74 14
2
163 138 7
129 122 21
2
161 135 1
150 110 8
1
95 73 11
0
1
113 106 6
2
140 122 7
140 99 22
2
124 108 5
108 88 22
1
91 59 20
1
143 122 20
1
89 72 3
2
115 85 3
149 141 20
0
0
2
168 140 8
127 102 24
0
2
153 105 0
168 140 11
0
1
82 68 19
4
147 116 3
124 87 15
130 100 20
150 123 22
2
172 155 5
132 92 16
2
109 86 0
115 69 7
2
148 83 2
128 114 18
1
123 100 14
2
50 46 1
127 114 7
3
163 134 1
120 93 11
111 87 15
2
88 57 0
130 84 16
3
153 115 7
131 117 11
125 98 15
1
136 114 12
0
0
1
93 81 3
2
175 154 12
58 44 14
1
132 123 19
2
114 91 5
134 128 6
1
126 113 11
0
1
122 107 1
0
0
1
117 82 11
0
1
83 58 7
1
109 83 22
1
126 92 6
0
1
103 72 11
1
108 90 11
2
118 87 5
182 163 21
0
1
157 118 7
1
143 119 17
2
111 75 11
110 99 16
0
0
2
141 117 16
125 89 21
2
127 112 16
119 108 22
0
2
155 131 6
107 75 15
0
1
136 90 16
2
137 108 1
110 94 20
1
81 65 17
1
117 88 0
1
153 108 19
1
85 63 20
1
113 78 2
2
165 132 3
139 94 15
3
152 127 8
139 120 16
160 130 19
0
1
125 102 20
2
165 105 6
86 66 8
0
0
0
3
135 103 1
108 83 17
129 115 22
2
115 92 13
113 96 14
1
133 98 17
4
100 104 5
140 107 7
166 127 12
153 113 20
0
0
1
136 118 0
0
1
135 118 8
1
127 121 11
1
149 108 6
0
1
132 106 4
1
140 119 16
0
0
1
160 139 19
1
109 107 15
0
1
124 111 0
3
105 92 10
146 89 15
175 159 16
2
188 166 11
110 113 19
1
148 128 5
3
132 114 7
148 134 8
181 173 11
2
61 42 6
114 97 7
0
2
98 73 14
197 134 17
3
109 92 0
108 88 1
187 129 12
3
172 140 16
113 122 20
163 129 22
0
1
193 157 17
1
167 105 5
0
0
1
182 160 5
2
127 102 2
143 93 19
3
110 102 2
146 123 6
147 141 16
1
84 72 3
1
148 111 3
5
110 92 1
94 77 3
129 89 7
90 76 16
125 87 21
1
112 79 19
1
150 144 3
2
111 106 21
150 154 22
3
112 91 5
131 100 21
96 82 24
0
0
1
154 111 6
1
131 87 19
3
201 144 10
72 56 21
97 89 22
2
175 118 5
124 80 22
0
2
141 118 10
105 101 13
1
139 112 5
2
125 91 1
159 127 4
0
3
154 111 9
208 231 21
186 183 24
1
126 97 19
4
151 116 1
169 148 7
134 100 15
162 125 20
2
146 110 5
132 114 14
3
142 85 5
146 127 20
158 139 21
2
124 92 5
92 86 17
0
1
177 126 7
4
80 75 0
110 80 1
127 82 6
106 86 17
3
95 80 1
177 160 6
195 134 14
2
110 91 9
151 87 12
1
127 110 22
0
1
168 116 20
1
177 144 15
3
140 115 3
128 102 7
111 81 19
1
145 119 7
0
1
132 112 5
1
166 112 7
0
2
136 95 7
136 99 21
1
178 136 18
1
184 122 21
2
127 94 6
149 103 9
1
142 104 11
1
168 162 9
3
174 132 12
112 63 14
152 137 16
2
173 158 5
199 198 15
1
116 80 3
1
89 75 6
1
177 182 16
3
133 107 1
187 137 11
151 115 19
3
102 84 5
132 92 7
140 126 14
2
187 175 6
179 130 11
1
119 108 5
2
167 84 3
142 110 20
0
0
2
145 109 0
97 63 5
2
157 108 7
85 70 14
2
141 112 1
154 149 9
3
44 44 5
148 140 17
133 107 20
0
1
198 147 14
0
0
3
208 172 0
163 127 5
145 116 21
0
1
162 120 7
1
135 119 5
1
107 67 7
1
178 175 8
1
124 100 18
2
101 68 9
185 167 16
0
1
130 114 1
0
0
0
1
171 131 9
1
197 154 3
0
0
0
0
1
197 163 16
1
184 145 1
1
218 210 5
0
0
2
141 131 0
153 118 20
3
166 131 2
219 191 8
145 105 11
1
187 181 11
3
157 124 2
154 131 5
111 91 22
1
196 188 11
1
158 121 0
2
157 133 7
219 150 22
1
148 115 9
0
1
134 102 20
0
1
193 162 0
1
177 145 23
1
178 141 5
2
160 132 14
93 62 19
1
161 118 2
3
121 123 1
156 140 5
156 130 15
0
1
174 144 1
1
179 139 1
3
133 111 5
108 85 7
158 124 21
1
90 64 21
1
178 144 17
2
200 135 5
214 183 8
0
