2 7 4 6 1 3 8 6 5 7 3 1 8 4 3 3 3 1 7 8 3 8 7 7 3
1
7 7 2
0
0
0
2
7 5 6
4 3 7
1
7 6 16
0
0
1
9 8 13
0
1
6 5 15
0
4
9 7 9
8 6 12
8 6 16
10 9 19
2
11 8 3
5 4 6
1
9 8 18
3
11 9 0
14 12 1
9 5 19
1
11 9 8
3
12 9 10
11 10 13
11 10 21
1
9 7 22
1
12 10 22
1
10 6 14
1
10 7 6
1
11 9 20
2
5 4 14
9 5 18
2
14 10 18
8 6 19
2
12 8 15
8 5 22
0
0
1
10 7 17
1
13 10 20
1
10 9 1
0
2
15 12 12
14 14 20
1
16 12 12
0
1
11 8 21
1
18 13 6
0
1
11 8 21
2
10 9 9
15 11 19
1
16 15 6
0
3
14 9 8
11 10 9
15 13 10
0
3
13 11 6
10 9 12
15 13 23
2
12 11 3
15 12 19
1
14 13 3
2
14 14 8
9 6 19
1
12 8 1
1
14 9 12
0
2
16 14 1
13 11 5
1
22 20 7
0
2
15 13 0
14 8 16
0
0
2
13 11 3
20 15 19
2
20 14 5
15 15 9
1
18 16 9
0
3
18 17 1
13 11 9
12 10 12
2
19 15 8
17 18 9
1
22 14 23
0
3
16 15 9
18 16 16
6 4 23
0
1
15 16 19
1
20 17 21
0
1
13 10 9
0
0
0
1
17 12 21
0
1
19 18 18
0
3
19 15 6
15 13 10
17 15 17
0
2
23 19 1
18 14 23
1
21 18 3
0
1
16 12 2
2
25 19 9
25 21 13
1
20 18 6
1
22 19 14
1
24 19 19
0
0
0
2
29 23 3
23 19 15
2
27 19 7
22 16 12
1
26 19 2
0
2
17 16 12
27 26 19
0
0
2
17 17 13
24 19 24
1
21 17 10
0
3
24 21 1
24 15 14
24 19 22
0
0
4
20 15 7
23 20 19
25 18 20
29 24 22
2
24 16 2
29 24 7
1
24 16 8
1
12 8 16
0
2
22 13 15
18 13 22
2
25 22 19
23 17 23
0
1
23 19 6
3
27 27 6
31 24 16
18 13 22
0
1
15 11 9
0
4
24 21 6
24 18 16
17 15 21
24 22 23
1
20 17 24
1
20 19 1
2
32 27 8
22 16 23
0
1
20 18 7
0
1
31 24 8
2
28 22 18
34 25 21
0
1
27 22 13
0
0
0
0
0
2
38 32 6
32 28 23
3
29 24 8
29 20 12
36 25 22
2
27 25 17
31 26 20
1
25 19 3
2
31 30 15
30 25 21
1
34 27 2
2
40 26 13
27 21 21
1
23 18 19
1
33 22 16
3
28 21 3
20 19 7
24 22 19
0
2
33 29 8
27 24 21
1
35 22 14
1
39 32 19
1
30 25 3
1
25 18 3
1
33 29 23
1
29 29 15
1
27 23 19
1
23 19 23
0
5
31 28 7
27 20 12
31 25 18
34 30 19
18 14 21
0
1
30 23 23
0
1
37 35 21
2
25 25 1
29 25 10
0
0
0
0
2
41 40 8
30 23 22
2
47 36 7
34 25 13
4
32 19 0
29 24 3
23 17 8
26 23 15
0
1
46 43 21
1
27 21 6
0
0
1
36 32 23
1
35 27 22
2
40 22 2
29 26 12
1
42 38 7
2
23 23 14
24 19 24
1
37 29 2
1
29 23 5
2
39 28 3
32 24 13
1
37 31 6
2
38 32 9
35 22 24
1
40 36 13
1
29 29 3
2
34 20 19
23 19 22
0
2
37 33 1
31 27 19
0
2
28 14 21
39 33 22
1
46 43 8
0
1
35 30 23
0
0
2
31 28 12
46 32 13
1
41 32 21
0
5
37 30 2
41 34 6
28 22 10
35 25 18
43 31 19
0
1
38 30 18
0
0
0
0
0
0
1
30 24 22
0
0
1
52 36 7
1
39 26 1
0
0
0
0
0
0
0
2
34 30 8
31 27 19
1
42 32 8
1
37 28 10
1
51 33 10
2
49 41 7
63 54 9
2
35 28 5
47 42 12
3
37 34 0
29 22 6
29 25 22
3
44 33 7
28 27 14
45 29 15
1
39 33 6
1
37 24 14
1
26 18 3
3
35 29 9
39 33 12
26 20 22
2
53 46 1
56 42 20
2
43 26 18
39 36 19
0
0
0
4
54 46 16
41 32 19
33 25 21
41 28 23
3
31 26 3
47 36 6
41 33 19
0
1
42 26 21
2
32 27 16
34 25 23
2
44 33 16
44 37 23
2
26 17 18
40 28 21
2
39 35 14
40 29 18
1
42 42 24
0
1
55 50 9
0
3
43 35 8
47 39 18
44 38 23
1
45 39 6
1
32 19 1
1
44 35 6
2
39 35 7
51 45 21
0
1
41 28 19
1
39 23 19
1
50 44 12
0
1
36 34 6
0
2
53 38 5
47 36 20
1
47 47 21
1
43 37 6
0
1
47 42 8
1
36 22 12
1
42 34 1
0
1
49 34 19
4
43 31 2
37 28 3
43 38 12
66 52 19
0
3
29 26 16
46 28 18
38 35 21
0
1
26 21 7
1
54 45 8
2
61 33 13
45 28 18
1
50 43 1
2
37 28 14
51 30 19
0
1
50 36 18
3
64 47 6
47 36 22
41 38 24
2
50 46 3
64 55 6
2
56 37 5
55 40 12
0
2
52 39 1
41 33 15
1
39 28 0
0
1
70 66 6
1
32 22 12
3
34 27 1
39 25 6
49 41 17
0
1
48 30 21
1
53 36 21
1
39 22 3
4
42 36 3
39 25 12
60 40 19
68 59 21
0
0
1
60 45 21
0
2
53 43 3
40 28 22
0
2
59 60 3
65 54 11
0
1
66 49 8
2
78 51 3
68 53 22
2
42 30 19
57 48 22
1
60 44 22
1
50 42 13
2
47 43 7
54 39 16
1
65 45 2
1
54 43 19
2
49 47 9
47 43 20
2
75 57 5
54 40 8
1
48 36 22
0
0
1
62 50 21
0
2
59 61 6
67 64 22
2
53 44 6
45 33 21
0
2
76 59 20
58 59 21
2
50 33 7
46 38 17
0
3
51 43 1
48 42 19
79 56 23
0
1
88 67 19
3
49 47 2
42 32 7
62 49 23
0
1
82 63 2
1
70 69 12
2
63 54 7
70 62 21
2
47 40 3
42 39 23
1
54 44 20
1
62 48 21
1
69 53 15
1
42 38 2
1
45 29 1
6
51 38 1
41 31 7
45 29 8
48 41 9
56 51 13
66 50 15
1
55 39 19
1
51 37 15
2
64 59 4
59 45 22
3
45 33 16
60 47 18
69 51 22
1
62 49 14
2
49 39 12
73 53 23
1
55 54 18
0
1
60 61 7
2
56 51 13
53 51 22
1
59 47 20
5
63 46 9
48 36 11
66 34 18
66 59 22
61 52 24
1
51 45 21
1
67 49 16
0
2
25 16 7
83 65 19
1
56 42 6
0
4
65 60 2
81 66 8
53 45 13
56 50 15
0
2
86 75 9
56 47 21
2
62 64 3
54 41 22
2
39 30 7
77 57 20
3
63 46 8
48 42 14
67 51 15
0
2
78 71 1
52 47 8
4
58 45 9
77 76 12
73 54 13
54 39 22
3
64 57 3
67 49 4
71 60 17
0
1
63 42 3
0
1
84 83 6
2
70 54 0
73 60 7
0
1
67 49 19
2
66 52 13
71 66 16
3
47 38 12
46 39 19
61 51 23
1
36 32 19
2
64 50 3
65 52 11
0
0
0
1
59 52 19
2
87 71 0
43 29 22
0
0
1
83 59 13
2
67 57 6
74 51 11
2
77 50 13
49 43 21
4
46 45 5
65 62 7
53 24 8
94 79 23
1
87 68 1
1
62 47 22
1
54 41 18
2
88 82 0
64 46 21
0
2
54 39 21
65 60 23
2
66 50 6
55 45 14
2
49 47 6
81 55 12
3
58 44 10
72 48 15
72 56 23
0
0
1
80 41 8
1
63 50 24
3
55 41 0
80 72 1
61 44 6
0
1
51 42 21
2
71 60 9
75 56 19
0
0
2
60 44 9
50 42 18
0
1
71 70 21
0
1
63 48 18
0
1
68 48 22
1
67 57 22
0
1
79 62 9
1
61 48 9
2
63 52 3
73 58 19
1
50 41 15
1
62 45 9
2
92 75 0
45 36 9
1
65 44 22
0
0
2
91 69 3
90 73 19
3
48 41 5
98 78 6
66 55 22
3
96 85 19
68 49 23
73 63 24
1
66 45 18
2
74 52 8
71 52 16
1
57 38 22
2
65 49 12
38 32 18
1
68 58 12
1
35 18 24
0
1
73 60 16
0
3
67 51 3
75 68 12
40 39 22
2
92 50 9
55 42 16
3
82 68 6
79 61 13
96 67 19
0
1
91 53 15
2
72 56 12
73 53 16
1
68 52 3
1
78 75 13
0
0
0
0
0
1
79 69 8
1
73 65 3
3
66 71 3
45 35 18
59 44 21
1
73 60 3
0
5
83 64 3
80 51 6
70 71 7
107 70 13
86 65 19
2
54 37 7
48 32 14
2
50 40 2
72 52 3
1
82 73 1
0
0
1
72 75 12
0
0
4
95 80 10
89 69 16
73 63 18
70 60 22
0
1
68 52 1
1
81 72 21
1
108 50 18
1
60 42 13
1
70 62 21
3
62 55 7
76 47 12
80 70 24
1
70 62 2
1
108 79 7
1
70 55 7
2
96 88 0
64 63 15
2
98 79 1
83 76 24
2
75 59 3
82 62 23
3
82 76 3
75 74 9
86 55 12
2
52 41 20
61 47 21
0
2
82 64 15
82 67 22
2
71 56 2
79 63 16
2
75 52 7
72 57 19
4
75 70 0
82 64 5
85 79 18
70 50 22
2
72 62 9
51 43 22
1
49 38 22
1
83 60 12
2
82 63 12
78 60 19
1
78 57 12
1
105 80 8
3
83 68 10
95 66 19
72 49 21
0
2
59 44 7
76 67 14
1
95 74 15
2
67 50 3
86 69 7
1
87 75 18
2
64 58 8
89 68 19
1
91 77 6
2
43 36 1
119 102 2
1
90 74 22
2
84 82 1
64 46 12
4
71 64 2
78 76 9
88 66 12
89 71 14
2
91 73 16
72 50 21
1
89 73 18
2
115 94 9
53 53 15
3
91 69 9
63 60 18
109 83 21
2
74 50 1
49 44 11
0
1
51 45 23
0
0
0
1
66 53 18
3
110 77 7
90 50 8
55 51 15
1
66 55 12
0
1
95 77 9
1
86 83 22
1
84 77 0
0
2
107 80 18
76 56 19
2
55 40 18
73 66 22
3
98 79 8
75 49 19
60 53 23
0
1
67 60 12
1
117 111 7
0
0
0
0
0
2
61 45 9
75 53 20
2
103 95 8
89 55 9
3
99 85 0
71 68 19
73 46 21
1
129 92 2
3
97 79 1
66 67 22
111 86 24
0
1
87 58 24
0
1
85 61 19
1
119 100 3
0
2
104 80 10
96 81 15
1
122 109 10
1
89 79 16
0
1
141 133 1
1
72 59 1
1
91 83 1
3
81 60 6
76 68 22
99 84 23
2
90 73 15
117 84 22
1
107 93 16
0
2
90 67 9
66 55 18
2
128 121 2
63 52 13
5
87 59 1
84 64 2
86 73 6
46 42 10
75 59 18
1
112 102 14
0
1
119 118 5
2
67 59 18
118 83 21
1
103 73 23
2
93 71 14
116 112 15
0
0
1
79 58 0
2
88 66 10
71 62 15
0
0
1
130 108 1
1
68 64 24
1
86 83 14
1
71 54 1
2
86 55 6
112 114 23
1
112 109 19
3
87 95 8
93 74 10
89 71 15
0
0
1
103 76 13
0
1
90 70 14
3
98 75 16
98 84 19
83 72 21
1
80 65 1
2
77 71 6
93 65 21
0
2
106 87 13
108 84 21
0
1
121 108 3
3
95 92 1
88 65 5
89 80 12
2
104 75 1
72 62 22
1
84 77 20
1
136 85 7
3
77 57 7
95 85 12
117 107 19
2
78 72 7
111 93 18
0
1
67 44 22
3
77 66 2
86 62 6
90 87 19
1
122 115 13
1
90 71 21
1
73 63 3
0
1
100 76 15
0
0
1
138 120 10
2
118 93 6
94 74 23
2
84 79 3
94 83 12
2
77 62 5
109 101 14
0
2
96 78 6
68 46 18
3
73 56 13
92 72 19
109 83 21
2
118 86 9
83 76 20
1
119 87 2
2
127 129 3
88 87 6
2
119 93 9
95 71 12
2
85 73 10
75 49 19
2
108 94 9
78 63 13
1
118 92 9
1
86 71 13
4
99 107 1
77 55 7
131 72 20
98 74 23
1
104 81 13
1
105 104 12
0
2
101 67 3
110 88 12
0
0
1
112 95 21
3
60 52 1
80 61 3
88 69 21
1
80 72 18
0
0
4
76 56 2
99 85 6
93 68 7
90 72 19
0
0
4
114 90 7
118 82 11
102 78 19
77 63 21
0
0
1
100 94 6
1
85 67 7
0
1
120 99 21
1
114 95 8
0
4
81 62 5
105 85 7
125 103 12
107 78 16
0
4
111 98 8
90 83 12
101 81 21
113 98 24
0
0
1
115 76 9
2
118 105 13
108 86 24
3
111 99 0
116 86 19
118 112 21
0
0
0
0
0
3
112 84 7
110 69 8
84 75 23
0
1
141 133 4
1
124 118 6
3
107 97 0
136 77 8
125 118 12
0
2
123 114 3
130 101 23
2
94 55 2
107 78 12
1
115 97 19
1
122 89 22
1
129 96 12
0
1
122 109 12
1
84 75 23
2
88 71 18
103 105 19
0
0
1
83 54 24
2
79 50 9
141 98 14
0
0
2
154 137 19
78 67 22
1
64 49 24
1
113 71 1
0
2
98 75 7
107 67 12
1
131 110 21
0
0
2
110 77 6
129 98 7
0
1
156 121 23
1
149 152 1
1
138 123 13
1
111 93 10
1
132 108 18
2
110 89 12
145 121 23
0
2
96 91 1
87 68 12
3
116 88 12
102 85 19
113 83 22
0
1
109 83 12
3
93 70 6
96 65 8
133 94 23
0
4
121 89 1
125 90 16
107 105 19
110 90 21
3
149 92 1
139 118 3
90 83 10
0
2
93 81 6
116 86 12
0
1
92 70 6
1
129 77 1
0
0
0
2
136 99 2
146 139 21
0
1
161 151 6
1
93 66 15
1
89 69 18
3
96 81 1
137 132 12
73 60 23
0
2
105 89 15
175 128 19
1
92 89 22
0
3
115 101 14
129 116 19
87 81 23
0
0
1
105 95 3
0
3
155 125 6
126 95 18
122 83 22
2
139 104 7
110 82 10
2
121 87 1
96 87 20
2
83 74 8
141 92 23
1
93 73 9
2
131 101 3
130 92 12
1
93 74 16
3
138 102 9
148 123 12
66 45 16
2
119 98 8
124 87 21
1
132 120 12
0
3
85 78 6
102 93 20
104 84 22
3
127 90 7
108 90 19
162 106 21
1
126 88 6
1
127 113 9
2
116 74 10
99 78 15
0
2
48 35 9
160 145 18
3
119 97 6
134 129 7
109 94 22
2
91 71 2
140 121 19
1
127 96 21
2
114 102 19
136 119 23
4
95 68 5
99 69 7
91 74 8
122 125 23
0
2
123 89 1
113 91 18
2
118 87 12
107 62 13
2
143 129 6
113 101 14
1
114 85 2
0
1
131 93 12
0
1
104 97 14
1
137 110 1
3
151 106 13
96 68 18
106 83 23
2
120 96 1
87 55 12
2
103 75 18
121 94 24
1
96 64 20
0
0
0
2
146 118 12
146 107 22
1
154 117 23
0
0
1
112 78 3
2
145 136 8
83 75 21
0
1
111 64 18
2
114 67 15
112 89 24
1
127 102 16
3
130 102 8
131 113 15
133 92 22
1
102 65 16
1
111 95 7
1
192 158 23
0
2
106 102 8
140 113 15
0
1
118 111 23
2
96 80 12
167 150 18
1
124 102 7
1
124 95 1
0
0
1
106 87 19
0
0
1
145 110 2
1
92 82 24
1
89 54 12
1
152 120 6
2
84 54 1
76 63 23
2
147 110 2
125 82 19
0
0
1
106 78 20
1
114 86 23
1
93 84 8
0
1
161 143 19
2
155 102 8
82 52 12
3
95 75 7
122 89 12
117 98 20
0
1
130 98 12
0
2
129 89 1
105 63 5
0
2
108 99 13
175 128 18
0
0
1
118 108 2
0
0
2
122 80 2
112 96 13
1
138 132 1
2
126 93 8
108 82 12
0
0
0
2
126 65 1
121 83 23
3
104 83 6
188 170 12
171 156 19
2
131 110 3
115 116 13
1
129 105 18
1
179 160 3
0
1
135 116 20
2
108 60 1
155 101 18
3
132 64 18
158 150 21
85 79 23
2
109 89 2
87 71 9
0
1
109 100 20
1
100 81 18
2
109 85 13
138 111 18
1
130 119 13
2
104 78 19
192 138 20
1
107 73 15
2
156 121 3
157 128 16
3
140 98 21
143 109 22
156 137 23
1
112 81 5
3
176 150 1
130 132 9
129 126 11
1
154 121 22
2
143 105 7
114 85 12
1
149 115 24
1
98 79 12
1
99 84 12
0
1
102 84 12
0
1
120 96 7
4
135 121 6
94 85 9
150 128 12
93 90 23
2
110 83 8
108 86 9
1
108 88 1
0
3
145 126 1
114 88 19
133 104 22
1
94 73 9
1
95 58 13
0
2
143 102 5
61 48 7
2
168 160 3
126 104 12
0
0
2
131 99 6
173 124 7
2
142 132 4
117 90 8
1
196 153 12
3
146 135 7
101 71 10
143 103 19
1
143 124 23
0
1
184 173 9
1
100 86 16
0
0
1
150 138 2
1
99 77 21
2
134 103 2
127 93 12
1
167 124 0
0
0
0
1
181 158 17
0
1
92 65 8
1
120 93 21
0
1
123 108 6
2
183 147 1
114 83 6
3
150 130 0
120 82 3
161 116 7
3
136 99 18
117 71 19
131 86 20
2
135 91 7
149 116 12
1
120 93 9
3
102 88 0
159 146 10
171 102 12
0
0
1
136 93 9
1
74 56 2
1
142 137 19
1
154 119 6
1
153 139 23
1
131 93 3
3
176 146 3
77 57 15
160 126 22
1
126 86 1
0
0
3
84 67 8
164 121 9
164 120 15
2
118 93 6
141 94 8
2
104 83 6
142 130 19
2
162 133 6
151 149 21
0
1
152 116 24
2
184 149 5
147 140 23
1
117 86 14
2
141 129 3
102 81 19
2
119 99 1
170 167 5
1
167 145 13
2
154 126 7
158 151 18
3
137 124 3
141 106 9
177 110 14
0
1
149 114 12
2
165 137 14
120 108 16
0
2
122 93 5
181 131 14
0
1
97 90 12
0
0
0
0
1
187 160 3
0
3
163 109 10
121 110 19
160 114 21
2
99 85 16
155 144 19
1
137 115 2
2
113 85 5
102 92 8
1
183 146 12
0
2
169 130 1
189 140 12
2
196 153 13
160 128 24
1
163 117 21
2
160 101 6
130 112 21
2
113 79 2
105 75 8
2
83 72 21
167 106 22
2
167 102 2
179 146 19
1
186 186 12
0
0
0
1
116 94 7
1
182 150 12
0
2
127 84 11
131 111 16
0
3
127 83 1
195 189 6
137 118 21
0
0
2
167 132 9
116 96 18
1
126 82 2
4
123 100 8
125 78 10
129 101 13
130 100 15
1
190 159 21
4
180 133 1
137 94 2
98 80 15
186 115 21
2
125 103 0
119 91 18
3
124 95 7
129 92 18
134 100 19
1
131 126 12
2
142 102 1
136 88 20
2
153 146 13
140 118 23
0
2
132 107 9
72 63 15
1
139 111 7
3
131 90 1
131 109 13
166 166 22
3
137 121 1
147 123 7
151 137 14
0
1
155 124 23
0
2
148 111 1
169 128 8
0
0
2
156 111 16
113 108 21
1
199 153 24
2
160 140 14
119 95 17
1
133 83 12
0
0
0
2
197 170 3
128 125 6
1
126 100 7
4
180 146 2
173 120 13
152 133 19
134 97 20
1
141 127 1
3
203 172 3
157 105 11
191 163 13
3
118 94 13
195 153 16
187 139 21
3
96 85 8
201 161 9
153 108 19
0
2
204 170 18
196 143 20
1
111 83 21
2
165 135 2
179 128 9
1
213 187 12
1
150 135 22
1
143 121 23
1
106 83 10
