2 5 2 6 7 5 3 2 7 2 5 7 3 6 4 6 7 4 2 7 4 7 4 5 1
0
0
0
0
1
7 5 16
0
2
9 7 9
7 6 16
2
7 6 4
10 6 22
1
8 7 2
1
9 6 21
0
0
0
1
12 9 13
2
13 11 6
7 5 18
1
10 8 15
1
13 11 10
2
7 5 5
11 8 23
2
11 7 5
9 7 16
3
13 9 3
8 7 7
9 7 21
0
0
3
13 9 3
12 9 16
8 8 20
2
9 6 19
8 6 20
0
2
12 8 6
10 7 11
0
1
12 9 23
0
0
1
15 12 10
1
8 6 6
1
7 6 15
1
16 15 3
1
16 11 8
0
1
14 14 20
1
13 12 8
0
1
8 7 15
2
10 9 4
16 12 11
0
1
10 10 10
0
0
1
9 8 21
3
7 5 3
16 14 11
13 10 19
0
1
19 13 6
1
16 10 16
1
15 14 5
0
0
4
13 9 2
15 10 7
8 7 12
17 12 16
1
21 17 14
1
20 16 2
1
19 16 12
2
17 9 5
14 10 8
1
21 16 10
2
19 17 12
20 13 23
2
11 6 3
14 12 16
0
0
1
18 15 4
0
1
20 15 4
0
3
13 11 12
13 13 14
16 12 15
0
0
1
15 14 20
0
1
20 16 17
2
20 14 20
23 15 23
3
15 12 1
14 11 17
27 23 19
0
2
27 23 14
20 15 24
0
0
2
20 13 21
22 16 24
1
22 16 8
2
16 14 6
22 21 8
0
1
14 12 3
2
23 14 10
23 18 11
1
23 15 22
4
17 12 0
17 11 1
23 18 8
15 14 17
1
25 22 4
0
2
27 24 4
23 17 14
1
21 18 10
2
24 18 13
24 17 16
0
1
27 17 2
0
1
16 13 1
0
2
19 16 3
27 22 16
0
0
2
21 13 13
23 16 22
1
23 19 15
0
1
12 10 4
2
22 17 6
14 12 14
1
28 21 5
1
21 18 19
1
30 23 11
1
18 15 8
1
28 18 19
1
26 18 11
0
2
24 17 5
18 12 16
0
1
19 16 23
2
26 18 6
30 24 14
1
22 12 19
0
0
1
34 23 12
2
31 21 11
20 19 19
2
31 20 4
27 21 14
0
0
2
23 19 2
25 20 16
0
2
30 28 5
25 20 12
1
16 12 11
3
27 19 0
17 12 6
28 26 21
0
3
34 23 12
37 29 15
24 18 16
1
31 28 20
0
3
21 17 8
39 31 11
21 17 14
2
26 19 21
35 32 23
2
31 19 9
30 20 13
2
30 26 12
38 32 20
1
28 23 18
2
27 18 7
31 25 11
2
25 23 2
20 15 21
1
37 27 22
0
0
1
30 24 14
1
29 21 12
0
1
31 21 2
2
37 36 10
20 14 21
0
0
1
36 30 14
2
25 18 15
28 23 17
2
28 24 15
28 25 21
1
31 23 2
4
38 25 4
39 33 19
35 28 20
35 25 21
0
0
2
34 29 14
30 19 19
0
1
25 22 4
2
29 24 7
29 26 9
2
26 20 6
30 26 22
0
0
1
31 25 14
1
20 20 4
1
28 23 21
4
31 23 1
31 20 8
31 28 19
24 21 21
0
3
38 29 8
34 28 9
26 18 14
1
16 11 11
1
29 22 6
0
1
37 30 19
1
29 20 7
0
0
1
38 25 20
1
32 22 21
3
28 22 4
43 40 13
18 12 21
1
33 28 19
1
39 30 13
1
42 33 12
1
29 14 14
0
1
35 29 13
2
44 34 13
43 38 17
2
24 20 4
36 28 10
2
39 32 7
22 18 18
1
36 30 6
1
22 20 3
0
0
1
39 27 19
1
43 32 20
0
1
43 37 7
1
33 23 20
2
44 22 1
32 25 23
2
38 33 3
41 34 22
0
3
27 17 8
43 34 17
40 36 22
1
43 30 1
1
44 33 13
2
43 28 5
42 31 10
3
52 34 16
47 35 20
27 20 23
4
39 28 3
40 36 4
23 16 5
45 32 6
2
57 48 14
39 30 16
2
35 32 2
39 35 12
3
34 23 10
48 43 12
40 30 19
2
46 37 15
29 22 16
2
49 41 7
45 39 16
0
0
1
55 51 9
2
29 26 4
29 23 5
2
33 27 3
48 37 21
1
43 36 4
2
37 36 8
37 33 14
2
53 39 12
36 27 15
2
40 26 2
24 18 14
1
52 48 8
0
3
26 18 4
37 26 18
55 38 20
0
2
35 29 4
33 24 11
2
39 36 8
53 45 19
2
49 38 15
36 34 19
0
0
3
40 30 6
34 26 11
40 39 20
0
1
40 35 17
1
37 32 14
5
52 41 5
42 36 8
55 53 19
47 36 20
36 26 21
3
57 42 3
52 47 17
52 44 21
0
2
34 30 15
48 36 21
1
56 44 8
0
0
2
42 31 1
46 41 19
2
47 43 12
38 34 15
1
39 35 8
2
51 34 4
52 35 11
4
49 39 4
39 30 10
50 41 14
51 48 19
0
0
0
1
34 28 21
0
1
53 38 14
0
1
40 30 4
0
1
60 53 1
2
60 49 12
53 39 19
2
52 39 11
53 40 21
3
45 34 11
28 25 21
54 37 22
0
0
0
1
39 25 9
1
41 32 15
1
47 34 22
2
36 31 3
41 31 9
0
1
53 46 17
0
1
42 39 9
1
46 39 3
2
58 32 4
40 36 10
1
67 68 19
1
48 31 19
1
59 54 16
1
44 39 9
2
60 32 1
33 32 8
0
0
1
48 40 15
0
2
59 55 5
36 29 7
2
55 41 21
32 26 22
1
46 36 2
1
42 35 4
0
1
59 48 11
1
49 41 3
1
55 40 0
0
0
1
48 34 8
1
33 26 6
0
2
65 63 8
50 42 19
1
56 49 2
3
57 44 13
58 36 16
58 39 18
1
57 41 8
1
55 35 2
0
0
1
42 32 3
1
69 48 8
3
42 30 1
49 42 6
43 39 20
1
53 47 17
1
42 30 5
1
48 47 10
2
47 41 1
55 49 4
0
0
1
45 39 23
0
0
0
2
40 29 4
64 53 15
2
71 64 1
32 19 13
1
64 41 3
1
57 40 23
2
50 41 2
51 36 23
4
68 43 10
50 40 15
70 46 20
53 54 21
1
55 45 11
1
47 38 18
2
54 44 8
51 44 21
0
2
52 37 18
58 42 21
0
1
80 70 5
1
58 53 8
2
62 42 8
45 30 13
3
51 41 6
80 59 16
61 39 17
2
73 51 11
70 65 19
3
63 45 2
53 42 3
51 32 22
2
49 36 8
64 40 16
0
1
65 47 21
2
59 57 3
27 18 10
3
56 40 0
63 45 19
51 38 22
0
2
71 52 12
43 23 21
2
46 35 4
69 56 11
0
0
0
2
56 39 7
75 65 8
0
2
51 40 12
66 55 13
1
67 60 8
1
60 37 18
0
1
71 65 20
2
60 49 17
57 51 19
1
55 43 15
0
1
57 47 13
2
54 49 5
58 48 23
1
71 55 9
2
58 48 13
66 54 23
1
69 54 15
2
63 46 8
54 44 17
1
82 74 21
1
48 51 21
0
1
75 71 16
2
72 60 20
71 67 21
2
23 17 6
73 64 21
2
59 39 9
48 43 19
0
2
71 63 4
32 22 13
0
2
64 39 11
52 36 23
1
48 29 11
0
2
74 59 1
82 73 4
2
65 53 1
65 57 8
0
2
73 63 4
78 76 10
0
1
99 81 11
0
3
81 64 10
51 40 13
44 29 18
4
56 40 0
66 52 19
67 52 20
56 51 21
1
61 45 19
2
51 44 6
58 49 20
0
0
1
65 62 16
4
73 44 1
53 41 4
71 58 13
62 49 19
2
86 66 16
58 47 21
2
66 36 10
61 52 22
1
51 41 19
1
79 73 12
0
0
1
70 63 4
1
57 40 0
1
44 37 15
0
0
1
64 46 8
0
2
89 77 3
61 56 19
0
0
1
54 44 10
1
65 45 21
0
1
74 64 4
0
0
2
94 65 6
75 54 14
1
78 66 2
2
48 33 3
55 48 18
1
54 40 16
3
51 48 4
66 59 15
66 46 16
1
41 30 4
1
44 30 16
0
1
69 50 1
1
53 49 24
3
80 66 11
89 59 15
71 52 16
2
53 42 14
74 58 22
2
85 65 7
82 68 11
2
62 45 1
80 47 19
2
62 48 4
82 65 16
0
0
1
63 51 23
0
2
56 43 3
52 43 13
2
71 71 1
79 62 16
1
58 56 20
2
74 64 2
81 68 7
2
73 75 11
74 48 23
1
90 60 19
1
84 52 13
1
79 54 14
0
2
92 88 10
88 71 11
1
73 65 0
2
55 46 10
70 62 12
2
86 82 1
46 38 11
1
68 50 22
1
62 46 12
0
1
78 63 5
0
1
108 84 9
2
70 57 16
55 47 21
1
69 68 4
3
78 57 3
69 60 19
88 71 20
2
80 68 11
59 49 23
0
0
3
54 47 3
76 74 4
78 55 12
3
87 53 0
81 75 1
88 56 13
0
2
91 69 1
98 67 16
1
95 79 1
0
3
74 61 8
57 52 11
77 53 16
2
108 65 0
79 56 22
0
2
75 62 12
64 53 15
1
65 57 7
0
2
74 59 10
88 79 16
1
59 51 19
0
0
0
0
1
103 88 7
0
1
72 59 8
1
79 65 0
1
82 72 4
0
1
74 63 17
1
68 55 24
1
85 64 23
2
93 68 11
81 62 16
2
59 54 14
72 55 23
2
85 77 4
68 53 24
1
66 54 23
0
0
0
2
89 61 1
51 44 15
1
83 76 17
0
2
38 32 10
88 63 15
3
98 84 8
113 100 12
76 58 19
2
77 76 11
103 77 13
1
64 58 8
1
86 77 1
1
40 28 1
1
85 64 4
1
73 60 14
2
116 70 0
111 70 4
1
63 48 20
1
75 61 2
1
75 60 21
1
92 63 22
0
0
0
0
1
113 94 16
0
2
77 67 4
75 62 10
1
91 81 15
1
73 65 13
0
2
95 76 13
66 52 23
1
85 57 11
0
1
70 54 3
1
105 83 2
1
61 41 10
0
1
81 63 16
0
1
51 37 18
1
98 80 18
1
89 81 12
0
1
102 95 20
1
99 94 16
3
87 83 11
78 51 19
67 47 21
0
0
0
2
52 43 14
79 52 16
5
78 69 0
105 100 3
80 65 4
82 67 5
95 87 16
2
93 73 11
94 73 13
1
96 72 7
0
0
1
104 73 15
0
0
0
0
0
3
89 66 0
71 62 12
74 61 21
1
66 62 3
1
80 54 3
0
1
106 84 11
0
1
61 53 13
0
0
3
68 69 4
103 81 15
121 94 19
3
77 72 5
103 89 9
85 69 15
2
105 97 11
76 58 12
0
0
3
88 64 8
59 41 9
96 78 19
2
93 85 14
54 44 16
3
69 56 2
98 75 3
105 103 16
1
85 69 15
2
106 84 3
94 67 13
1
111 74 8
2
68 53 10
106 80 13
1
94 64 8
1
73 62 15
2
116 103 7
73 71 13
2
135 130 3
75 61 23
2
51 43 14
90 71 15
1
59 43 6
1
127 114 2
1
48 41 21
3
91 70 3
68 55 11
91 80 17
1
88 61 11
2
114 99 8
104 84 17
2
78 76 14
93 81 17
4
81 61 3
89 64 10
77 69 13
107 97 23
0
3
96 78 12
68 53 17
64 48 19
0
1
95 87 4
2
75 57 1
86 77 23
0
1
101 79 12
0
0
1
139 121 16
2
80 75 5
93 52 15
0
2
104 68 8
120 81 21
2
121 108 6
98 75 14
0
1
101 80 19
0
0
2
82 59 4
89 71 5
1
108 92 16
2
85 68 10
81 59 11
0
1
101 78 16
3
93 106 9
94 84 17
54 38 21
3
107 87 6
49 46 11
78 57 13
0
0
2
134 96 4
159 133 8
1
113 68 8
2
102 73 1
98 103 3
2
97 85 13
66 59 23
0
1
98 81 4
2
91 69 3
87 86 9
2
79 62 4
136 112 19
2
79 54 19
104 105 21
0
0
1
115 90 4
0
1
114 92 22
0
1
88 80 15
0
1
90 81 19
0
0
1
104 67 19
1
109 90 10
0
0
1
106 105 6
2
98 72 8
107 91 10
2
93 73 11
110 84 16
2
101 87 6
100 74 23
1
98 87 18
1
99 49 11
2
91 80 3
71 46 14
2
101 75 8
129 118 20
2
122 91 3
128 99 22
0
0
2
125 91 9
95 83 21
2
122 87 9
142 135 11
0
2
117 101 10
78 60 17
0
2
110 114 15
110 87 16
2
126 102 19
131 109 22
0
1
109 78 19
0
0
0
2
78 65 3
104 85 12
1
83 59 7
0
1
100 62 12
3
111 76 3
125 96 11
106 104 22
1
114 84 19
0
2
109 73 6
125 81 20
1
55 46 3
1
73 53 21
1
146 128 22
1
112 82 8
0
0
0
1
84 62 4
0
0
3
72 58 13
94 65 19
68 56 21
2
75 69 8
114 105 15
2
111 95 6
113 81 16
0
1
136 78 17
0
0
0
1
94 61 3
2
135 96 4
121 88 8
0
1
146 107 16
0
2
101 72 8
101 69 21
1
152 108 11
3
112 94 5
119 88 13
117 96 19
2
96 83 1
107 84 23
2
113 78 14
100 90 22
2
127 95 8
98 71 10
0
2
106 92 1
120 110 19
2
109 80 20
120 93 23
1
109 91 14
0
2
107 95 2
65 50 21
6
120 101 1
116 114 3
108 82 6
98 79 11
92 78 16
124 93 21
0
1
123 106 0
0
0
2
119 93 7
108 97 15
0
1
122 114 15
0
1
117 84 11
0
0
2
96 73 0
96 65 15
2
113 86 6
45 36 20
0
3
122 93 1
112 59 8
122 94 23
0
0
0
2
79 62 10
97 70 11
0
0
1
89 81 7
0
1
92 87 8
0
1
137 83 5
2
92 52 13
116 104 14
0
0
1
164 124 14
2
128 86 3
106 105 5
1
127 105 4
2
130 123 1
94 70 14
2
119 94 4
106 98 11
1
128 117 15
0
0
1
127 94 13
0
2
99 78 5
119 105 10
1
105 67 23
0
0
1
94 77 15
1
149 155 16
2
133 114 4
78 70 15
1
193 139 12
0
0
0
2
131 138 10
142 110 11
0
0
1
120 95 23
3
132 113 8
164 140 11
106 82 14
1
107 85 20
2
134 106 20
124 82 21
2
115 89 13
113 74 21
2
103 98 1
104 80 4
1
96 102 11
1
100 76 17
1
118 85 6
0
1
100 90 16
4
90 69 2
135 120 10
111 82 13
129 106 17
0
0
5
136 115 3
69 65 4
100 80 11
120 87 19
183 157 22
3
172 132 10
125 101 20
113 86 21
0
0
3
112 98 1
108 92 3
104 95 16
1
111 96 22
0
1
153 150 23
0
0
2
132 116 11
122 89 23
0
1
101 84 16
1
133 132 23
0
2
139 132 1
135 97 8
1
94 67 15
0
0
1
146 110 18
1
88 64 21
0
0
0
0
1
139 113 16
1
101 86 17
3
109 86 4
115 101 8
137 104 15
0
0
0
2
126 89 4
93 57 22
2
150 97 0
115 118 11
2
168 151 4
107 71 18
0
1
162 113 7
1
167 139 10
0
1
116 76 6
1
103 100 12
1
165 130 20
2
62 41 5
130 74 6
0
1
113 98 7
1
127 93 16
1
118 104 15
2
125 92 4
88 75 12
1
133 91 6
1
152 140 19
3
124 128 3
154 115 17
132 123 23
0
0
0
3
141 124 8
170 148 19
166 112 24
1
98 81 4
1
117 114 5
1
109 98 13
3
128 93 3
131 106 5
185 207 11
1
158 96 1
0
1
109 101 2
0
2
131 110 1
154 82 2
0
1
172 141 21
0
1
143 96 15
1
138 96 16
1
141 117 16
2
180 145 1
164 118 5
0
1
135 101 7
1
92 59 19
2
127 108 1
180 111 7
3
158 152 3
107 95 11
74 61 23
2
143 120 1
130 94 15
4
125 90 10
157 118 11
153 124 20
132 103 21
2
142 107 5
102 94 23
0
2
191 181 4
138 124 18
2
153 145 4
170 144 16
0
1
148 127 2
1
161 133 11
0
2
139 113 5
124 84 6
0
0
1
150 104 13
1
117 94 20
4
167 144 15
147 137 16
113 96 21
146 116 23
2
145 111 8
132 115 23
2
107 76 21
167 121 22
2
164 95 1
136 112 16
1
146 112 11
0
2
143 109 10
117 88 13
2
122 85 10
131 100 16
1
141 136 8
0
0
1
136 145 19
0
2
172 152 4
169 133 13
0
2
159 110 16
177 143 19
1
124 101 23
3
123 114 11
119 80 12
151 132 23
0
0
2
144 119 8
151 129 22
2
128 104 13
196 163 16
4
111 122 6
136 108 13
174 146 16
94 71 21
0
1
156 106 13
1
106 90 5
4
102 60 3
165 157 5
178 125 18
131 101 19
0
2
109 90 10
140 108 15
1
118 102 16
1
110 83 21
1
142 111 21
1
171 144 5
1
109 79 4
1
152 126 23
2
113 79 8
160 144 11
1
130 103 10
0
1
128 93 11
1
164 138 3
0
2
116 101 5
113 98 17
1
135 99 8
0
1
107 67 14
1
121 111 11
2
188 130 5
138 122 23
1
139 95 14
3
121 94 15
144 103 20
119 94 23
2
183 125 4
126 114 12
1
167 158 8
0
1
151 115 3
3
142 83 3
159 150 4
134 91 13
0
3
124 91 4
136 115 8
124 106 14
0
1
149 110 21
1
159 132 23
3
138 106 12
179 157 19
126 92 23
0
0
1
157 142 3
5
111 73 5
185 144 8
117 74 10
178 136 12
147 128 19
0
0
2
175 114 5
115 91 20
2
139 111 4
151 103 15
0
2
171 120 10
205 149 15
0
0
2
138 114 4
119 103 8
0
1
144 108 22
1
133 104 10
1
150 131 4
3
122 87 0
140 141 13
98 75 23
1
131 95 8
0
2
131 99 7
97 70 19
3
99 57 11
133 101 14
145 139 16
0
2
189 133 11
137 127 16
0
3
107 92 15
249 186 22
120 93 23
1
151 111 21
0
0
0
3
145 118 10
109 83 13
110 88 15
3
113 97 3
170 105 16
156 129 19
1
144 139 16
1
126 96 10
3
106 66 1
167 118 12
146 105 15
1
161 151 16
1
150 107 22
1
151 108 3
1
181 118 21
1
171 141 23
1
167 159 8
1
188 139 4
1
134 101 5
1
144 99 3
1
209 150 1
1
147 129 11
1
154 126 24
1
152 89 16
1
170 163 20
1
126 87 8
0
1
170 148 4
0
1
138 101 1
2
186 141 5
181 118 15
4
202 138 2
146 114 3
225 186 4
123 93 8
1
157 113 16
0
3
165 136 4
191 161 9
167 160 20
1
163 136 3
0
0
3
90 61 7
162 140 17
158 122 19
3
106 85 10
115 86 14
140 129 19
0
3
148 130 1
163 114 4
173 137 11
2
170 148 6
189 136 19
1
218 193 5
3
164 129 7
136 105 8
158 127 23
0
0
2
140 99 8
149 121 17
2
164 134 4
141 124 6
1
184 145 3
1
130 120 1
1
168 122 9
1
63 54 8
1
175 167 23
0
1
163 130 13
2
197 177 16
151 134 22
2
134 104 11
165 141 16
1
170 97 10
1
175 148 14
1
139 115 8
1
145 117 21
0
