5 4 1 3 3 5 8 1 5 7 6 6 1 7 7 8 4 6 3 3 7 6 1 3 3
2
9 7 14
1 1 15
2
9 8 13
8 7 17
0
1
7 6 20
1
8 8 11
0
1
9 8 1
1
6 4 9
0
0
1
9 8 8
2
10 9 15
7 5 20
2
5 4 9
11 9 13
3
9 7 15
9 9 16
9 5 21
0
1
10 7 6
1
13 11 20
1
12 10 13
1
12 10 1
2
11 9 6
11 9 10
1
9 6 20
3
15 9 5
10 9 21
12 10 22
1
14 11 19
0
5
10 7 2
12 9 10
13 10 14
9 9 18
10 9 24
1
12 10 14
1
13 12 22
2
13 12 17
14 11 20
4
9 7 1
11 7 2
10 7 5
10 9 20
0
0
0
1
12 10 21
0
1
9 5 18
1
11 7 20
0
1
11 6 6
3
12 11 4
16 15 15
15 10 18
1
13 9 13
0
2
12 11 14
12 10 21
0
0
1
18 18 17
2
12 9 10
13 11 16
2
15 9 5
18 12 17
1
14 11 24
2
14 11 9
18 14 21
1
12 8 23
0
0
1
14 13 10
1
16 13 17
1
15 10 21
3
14 12 8
20 15 9
13 10 14
0
1
17 14 20
0
1
20 17 20
2
19 18 2
16 16 13
0
0
0
0
2
20 18 6
15 13 17
2
21 17 16
25 18 17
4
19 13 4
20 18 6
13 8 9
19 15 15
1
15 12 5
0
1
14 10 15
2
18 15 0
20 16 11
0
3
15 11 6
11 10 10
19 13 15
0
2
14 10 5
14 9 13
1
15 10 9
0
3
20 16 3
20 18 19
27 22 21
1
16 11 5
3
13 11 1
11 10 20
22 22 23
0
1
20 16 4
2
21 19 11
14 10 21
1
21 16 20
2
23 19 13
23 17 15
0
2
18 16 8
16 12 19
2
23 20 11
22 17 14
1
24 22 23
0
0
0
2
15 11 6
19 13 8
2
23 18 8
18 14 17
0
0
0
1
24 19 20
1
24 17 11
0
1
25 21 13
0
1
19 21 20
1
21 17 10
2
22 14 17
22 16 19
2
24 20 1
39 40 11
0
0
0
2
18 13 10
36 32 15
1
19 14 6
0
0
0
0
0
2
25 21 9
25 17 15
2
29 25 0
26 19 5
0
2
19 16 1
18 14 8
1
28 19 11
0
1
25 20 15
0
1
25 20 9
0
2
28 17 15
29 20 21
0
1
19 14 6
2
26 21 8
33 23 16
0
1
25 20 3
2
32 26 8
25 22 16
0
1
39 27 3
0
0
1
18 14 16
0
1
30 26 9
0
1
22 21 18
1
36 31 20
0
0
0
0
1
31 26 5
0
1
28 24 9
1
15 12 3
1
22 17 11
0
1
25 19 10
3
28 25 4
34 30 13
28 20 14
1
40 29 18
1
30 27 13
2
35 30 9
27 23 11
0
2
21 17 0
28 25 10
0
0
2
28 20 5
29 19 20
0
1
39 27 13
2
25 20 3
27 20 13
0
1
31 26 10
0
1
34 26 16
2
31 23 15
28 21 16
1
37 26 3
4
37 27 11
33 25 15
38 31 21
32 28 24
1
31 21 10
1
33 28 8
0
1
32 26 13
2
41 31 6
44 40 20
1
37 31 18
0
1
42 40 11
2
25 20 0
30 25 3
1
45 33 7
0
4
36 27 4
26 22 9
32 23 10
44 30 16
1
38 28 20
0
3
39 30 1
41 36 6
32 22 13
2
36 34 5
46 33 17
1
21 19 19
0
0
1
30 25 23
0
1
43 29 12
2
27 22 13
35 27 14
0
1
33 25 8
2
38 26 10
39 28 13
1
44 31 17
1
38 34 4
0
1
33 29 21
0
1
33 29 10
0
1
13 9 9
0
2
39 26 8
34 24 9
1
40 38 10
1
39 27 5
1
49 39 4
3
39 26 3
40 35 11
17 13 20
2
42 34 6
42 34 21
0
2
46 41 0
31 27 6
1
39 23 0
1
29 20 17
3
41 34 1
42 29 7
44 38 15
1
37 23 9
0
0
1
48 43 17
0
1
55 40 24
0
1
36 27 17
1
57 49 21
0
2
44 45 0
46 31 17
0
2
53 47 4
55 52 8
1
19 13 6
2
36 26 4
39 33 17
1
35 28 16
2
53 47 9
45 36 18
1
53 45 9
1
51 36 20
1
49 36 17
2
42 37 4
47 39 16
2
50 44 4
31 23 17
2
22 18 10
58 44 12
0
0
3
50 28 5
59 46 14
50 30 15
1
38 35 6
0
0
2
32 26 3
42 36 16
0
0
1
34 30 0
0
1
44 32 8
1
50 40 15
0
1
52 47 15
1
39 29 4
2
37 33 16
38 36 18
3
48 29 11
62 46 21
37 33 24
0
1
33 30 6
1
59 48 14
1
61 55 19
1
41 34 8
1
56 40 23
1
58 40 5
0
1
61 37 14
2
40 34 11
58 51 17
0
1
36 28 9
1
48 42 5
1
47 42 4
1
54 45 14
1
36 29 5
0
1
37 27 15
2
43 35 20
49 42 21
0
2
49 41 5
68 47 11
0
1
48 36 17
0
2
54 55 9
54 41 10
1
48 35 13
0
0
0
1
55 48 10
1
61 57 5
2
54 42 8
49 30 11
2
49 37 7
40 20 8
1
54 44 10
2
56 61 10
57 49 20
3
52 39 0
64 51 5
42 34 6
1
75 60 5
3
38 27 10
43 35 11
61 45 20
0
1
50 47 16
3
52 39 14
70 50 15
49 37 17
0
2
63 48 0
41 34 19
3
64 68 6
51 42 9
55 43 19
0
2
59 51 9
43 36 14
3
49 40 6
47 33 13
52 38 23
0
1
54 40 21
0
1
52 43 21
0
0
3
56 53 3
51 52 14
58 45 21
0
2
81 64 6
61 51 15
2
60 59 8
53 38 15
1
38 28 20
0
2
71 46 23
53 47 24
0
0
1
56 47 0
1
52 46 17
1
66 54 11
0
2
62 53 10
70 61 14
0
2
46 39 11
69 66 16
1
60 49 12
0
1
60 48 6
0
1
55 33 10
1
48 37 16
1
56 55 11
3
54 37 10
62 40 11
63 45 17
3
65 54 4
67 42 15
56 44 24
0
1
67 53 21
4
55 50 8
59 42 21
55 43 22
47 40 24
1
41 32 3
0
2
78 55 13
61 49 20
2
43 34 3
33 18 13
0
1
64 38 21
0
0
0
1
52 48 21
1
68 49 6
3
65 49 5
75 65 6
67 55 8
0
3
55 48 10
81 54 15
60 48 17
1
47 42 6
0
3
66 55 17
53 35 19
52 33 24
0
2
76 60 5
39 25 6
1
70 61 5
1
54 48 7
2
69 61 1
39 28 13
1
57 47 20
0
1
72 53 21
1
73 73 20
3
48 46 0
73 61 20
49 43 24
1
56 46 15
0
5
59 43 5
74 53 7
72 57 10
68 70 11
44 29 21
1
68 59 21
3
59 49 0
69 58 10
53 46 15
0
1
52 41 16
1
58 36 6
2
64 48 6
60 38 20
0
3
42 34 3
52 46 5
45 36 14
0
2
75 46 17
54 44 20
0
1
56 27 15
2
45 39 9
52 43 14
1
37 30 18
0
0
0
1
54 38 20
0
3
68 39 3
84 72 5
60 59 21
1
70 56 11
0
1
72 48 3
1
56 39 15
2
85 59 3
81 75 14
1
56 48 9
2
49 32 10
56 41 23
0
1
60 44 5
1
83 62 13
1
52 45 15
2
67 61 6
80 60 15
1
72 56 18
1
69 57 13
4
50 40 9
51 36 13
64 45 21
45 36 24
1
50 38 10
0
0
2
69 69 11
97 92 21
0
1
52 41 12
1
89 72 9
1
79 66 14
1
68 55 20
0
3
80 55 3
75 62 10
44 33 20
0
1
50 31 10
1
63 63 13
0
1
50 38 24
1
76 56 0
0
5
79 74 2
42 37 4
61 44 10
47 44 12
92 71 13
1
89 83 21
1
95 81 24
1
64 52 13
1
55 40 1
1
70 63 9
0
5
74 57 6
69 49 9
74 38 11
88 74 13
77 72 16
2
51 42 5
58 49 6
1
101 68 17
1
85 76 5
1
89 89 15
1
85 62 6
2
108 74 13
66 50 20
0
2
58 50 14
102 88 19
0
2
77 58 7
71 61 8
0
0
0
1
96 68 8
1
63 47 14
3
67 55 11
78 62 13
61 46 16
1
71 63 20
2
90 77 9
80 75 23
0
2
82 72 16
70 53 20
5
83 57 6
94 75 13
87 71 15
60 57 21
92 68 22
3
77 62 1
82 88 5
85 79 10
3
74 64 0
53 50 9
65 53 19
1
70 66 10
1
56 43 21
2
52 41 7
89 75 14
1
88 70 11
2
67 41 6
81 57 9
1
86 61 14
1
79 81 13
0
2
80 55 7
87 86 11
1
87 70 14
1
66 55 16
3
105 80 1
49 39 13
78 70 24
2
96 68 0
82 64 8
3
54 50 0
99 92 10
79 47 21
4
83 73 9
73 50 14
57 53 16
76 55 19
2
81 66 0
75 49 18
1
98 88 7
1
105 91 16
1
77 55 5
0
0
1
87 41 10
1
94 58 5
0
3
102 94 14
90 65 15
63 55 17
0
0
2
85 70 5
55 44 17
3
83 57 1
70 65 14
78 47 17
1
110 80 24
1
63 58 0
0
5
86 84 0
66 63 2
78 70 3
87 67 13
91 74 21
2
74 52 11
95 87 22
1
67 49 6
1
74 56 21
1
95 87 13
0
3
81 51 0
61 53 20
81 64 23
2
67 45 8
90 84 23
3
114 97 3
77 72 14
97 76 21
3
75 48 6
105 69 9
78 59 10
2
90 67 0
86 64 13
2
103 64 15
90 75 19
2
97 63 15
64 54 20
2
93 80 1
84 69 3
0
2
70 48 13
101 79 15
2
95 87 17
83 72 23
1
83 71 14
2
104 91 15
81 61 17
4
108 76 4
84 72 16
82 62 20
73 52 23
1
105 91 5
0
1
102 89 14
3
68 43 8
92 94 15
65 55 20
4
86 67 6
87 90 15
87 44 20
81 62 21
0
2
74 54 4
102 83 9
1
84 56 13
1
82 65 6
2
107 93 19
53 39 21
1
89 77 23
0
0
0
1
83 62 14
2
63 58 1
71 75 21
1
99 96 13
0
0
2
81 63 1
62 51 9
0
2
82 54 0
69 50 8
2
103 89 12
82 80 14
1
107 88 9
0
1
75 69 20
2
99 75 13
93 86 23
3
96 55 7
84 61 22
89 65 23
2
70 59 0
66 63 9
2
96 77 6
88 75 21
1
59 49 5
0
1
86 78 14
2
77 70 8
62 50 20
2
69 64 3
97 64 6
1
108 75 15
0
0
0
0
0
3
116 95 3
54 44 4
70 58 10
1
87 68 6
1
102 70 17
0
0
0
2
96 89 0
85 71 5
2
103 67 15
93 80 21
0
0
1
87 69 24
1
88 76 15
1
101 70 20
3
107 84 6
102 94 10
107 74 17
2
79 54 0
96 70 11
0
2
89 63 2
73 56 15
3
98 72 8
120 106 14
93 91 22
2
67 47 9
107 97 19
2
106 94 16
103 85 24
2
68 53 10
94 60 11
1
96 85 18
0
1
76 57 6
0
1
78 62 5
1
90 92 21
0
0
1
111 76 13
2
123 102 13
81 71 15
0
1
77 47 17
1
96 77 10
2
92 73 14
81 64 17
1
83 76 14
2
91 59 5
66 49 14
2
76 61 9
88 80 20
1
114 90 0
2
114 94 1
88 72 5
0
1
56 51 15
1
88 66 0
1
110 109 10
2
92 72 6
61 33 24
0
1
97 66 4
1
123 99 1
0
0
0
0
2
91 74 2
88 56 11
0
2
92 62 13
84 62 16
1
87 55 4
1
121 100 15
1
109 86 21
3
132 131 3
127 120 8
91 69 14
0
1
85 83 23
2
81 73 8
112 76 10
2
123 87 14
98 74 24
2
81 57 10
138 102 20
1
100 46 8
1
104 90 0
0
0
0
3
94 68 5
111 79 17
117 86 21
0
4
112 102 6
106 85 9
107 95 13
72 68 18
0
0
0
0
0
0
3
113 122 15
143 100 21
119 85 24
1
89 68 14
2
95 79 7
78 67 17
2
113 96 3
116 105 8
1
60 50 14
1
98 73 17
0
2
74 57 9
111 101 21
0
2
98 75 0
105 97 17
3
115 100 9
84 68 19
94 88 20
2
88 59 9
123 79 13
1
114 79 4
2
138 115 4
130 116 18
2
108 83 5
117 113 8
1
97 90 17
1
129 115 6
0
0
1
73 54 3
0
4
73 59 5
64 55 9
141 81 10
99 74 19
2
80 68 13
142 92 24
0
0
0
1
81 57 14
1
83 72 19
1
121 108 9
1
137 112 0
4
103 97 9
86 73 16
110 99 18
89 76 21
1
95 85 19
1
85 67 9
0
2
111 92 21
121 78 24
0
1
79 59 1
1
91 92 10
0
0
1
82 72 1
2
113 119 10
120 86 19
0
1
128 105 10
1
105 92 13
2
97 87 5
144 132 10
0
0
2
70 48 1
113 80 20
1
117 89 1
0
2
125 84 9
107 83 13
2
83 80 0
135 125 14
0
0
2
122 114 11
83 68 13
0
2
115 95 15
102 87 20
1
104 89 9
0
0
1
107 95 13
1
152 119 14
0
1
112 104 9
1
157 110 10
3
115 98 5
83 72 13
135 123 15
0
0
0
0
2
141 117 1
122 100 10
0
1
150 108 1
0
1
96 77 21
1
108 78 10
3
109 93 2
123 84 11
110 88 15
0
0
3
100 77 10
111 97 17
95 76 20
0
0
0
2
96 76 0
114 94 8
1
86 75 21
0
0
3
151 114 0
70 51 4
131 128 14
2
88 74 14
143 111 20
1
87 79 5
1
98 73 10
1
82 60 15
2
119 84 7
102 81 10
2
156 140 9
103 66 13
2
121 99 6
107 91 24
1
98 63 10
1
138 90 6
0
1
116 90 16
2
135 139 2
107 78 6
1
114 102 15
1
112 87 20
0
1
125 120 10
2
140 119 5
103 80 17
3
108 79 11
109 87 23
122 93 24
4
139 93 5
107 78 20
86 71 21
76 59 24
2
104 82 9
140 109 15
1
138 109 2
1
139 125 15
1
109 69 0
0
0
0
4
124 88 4
152 124 16
182 129 17
107 86 21
3
120 106 13
127 94 14
118 97 17
1
88 66 20
0
2
147 118 1
149 137 11
0
2
121 99 15
137 92 16
1
116 80 2
2
93 76 3
97 76 14
1
114 84 0
1
131 128 22
2
90 63 10
137 93 18
0
2
125 77 5
127 106 19
1
101 84 4
0
0
0
0
1
128 81 8
1
117 93 1
1
106 64 0
3
152 132 15
180 165 18
97 73 23
0
1
98 82 13
1
83 74 4
1
157 108 23
1
118 91 20
0
1
138 116 17
2
95 66 9
116 70 21
1
107 85 3
0
2
155 122 0
146 124 13
3
181 156 5
78 56 11
110 98 18
0
1
81 50 14
0
0
0
1
103 92 20
2
106 74 20
110 80 23
0
0
1
86 67 6
0
2
82 70 6
137 136 11
0
2
138 137 0
132 111 19
1
143 122 9
0
1
122 109 14
2
147 122 9
168 148 16
2
122 105 0
132 86 5
1
116 86 0
0
3
148 119 0
137 104 11
124 82 17
0
0
1
152 131 13
1
113 109 3
1
140 108 20
0
2
133 97 5
121 98 8
2
193 165 5
128 94 15
1
96 93 9
2
137 92 3
120 106 14
0
3
105 89 20
88 68 21
103 92 22
2
102 67 1
118 85 15
0
2
96 62 8
149 122 10
0
1
72 44 9
4
170 121 5
134 80 10
158 139 19
133 106 21
2
143 108 1
143 110 12
0
3
119 113 0
97 55 5
131 88 19
0
0
0
1
111 74 15
0
0
0
0
2
92 87 1
134 112 16
1
183 141 8
0
2
165 105 10
101 88 11
0
1
114 86 0
3
98 80 0
63 52 5
155 122 20
0
1
144 127 13
2
162 128 6
121 93 8
0
1
197 180 14
1
49 39 21
0
0
1
121 82 9
2
143 101 17
148 136 19
1
102 80 21
3
127 104 8
80 63 21
134 120 23
5
130 92 8
174 150 10
100 86 19
99 83 21
156 132 24
0
1
102 79 10
1
95 74 11
4
166 145 0
138 96 8
76 78 19
108 80 24
2
163 132 16
143 111 17
2
65 63 14
163 174 20
1
177 171 8
1
144 113 0
1
120 89 14
1
113 79 19
1
140 111 19
2
103 71 1
141 129 15
1
142 113 0
1
116 101 13
1
169 165 15
4
131 107 9
133 113 13
104 94 20
91 63 23
1
122 97 9
0
0
0
3
186 168 6
113 103 11
128 106 13
1
130 100 6
1
139 112 9
1
124 102 13
1
168 133 6
1
152 128 23
2
146 107 1
194 171 16
1
128 105 3
0
0
1
159 147 18
0
3
135 97 8
132 101 19
151 151 20
0
1
115 75 9
0
2
176 173 1
129 111 11
0
0
2
113 101 18
144 105 21
0
2
174 125 11
153 129 20
2
152 119 0
173 144 1
0
0
1
91 73 2
2
156 125 9
135 87 15
1
162 118 9
2
153 106 8
155 112 11
1
109 83 15
3
156 124 5
171 144 9
165 116 12
1
156 96 6
0
1
175 138 20
0
0
2
142 133 19
157 111 23
1
164 127 10
0
1
107 94 3
1
201 164 4
0
0
0
1
177 115 3
1
195 181 11
2
112 85 18
139 117 20
1
137 110 20
0
2
193 176 10
160 138 11
1
143 112 21
1
162 94 13
0
0
0
2
127 81 18
133 84 19
1
104 64 9
0
4
126 102 10
159 100 15
162 116 19
146 101 21
2
189 142 0
148 117 10
0
0
3
152 107 4
153 115 14
119 87 15
3
142 113 0
116 97 14
109 73 15
2
139 124 14
162 134 15
2
205 179 8
194 164 17
1
120 104 3
0
0
2
134 127 6
116 90 9
2
172 119 16
213 141 20
4
93 66 8
178 166 10
145 125 11
127 126 23
0
2
162 148 19
122 106 23
1
175 125 5
3
174 145 8
146 104 13
163 146 16
1
181 142 14
1
137 107 13
1
173 148 11
0
1
108 95 11
1
138 107 24
0
0
2
138 107 13
142 77 16
1
145 120 14
1
163 139 11
1
176 148 20
2
190 158 3
178 151 10
0
4
166 143 4
128 101 13
149 109 19
145 130 24
2
137 105 3
147 98 20
0
1
150 109 6
1
184 127 3
0
0
0
1
138 102 6
2
187 151 8
244 156 22
0
0
2
185 138 9
172 143 17
3
123 110 3
212 211 7
173 154 23
3
128 88 14
88 75 17
98 76 22
2
117 91 3
191 166 13
1
133 101 20
1
135 115 14
0
3
141 90 11
131 88 15
195 170 19
0
0
1
162 132 17
0
2
109 90 13
137 117 19
1
154 135 10
3
89 70 1
110 77 14
168 144 17
2
133 109 0
162 118 21
1
135 119 17
1
159 151 22
3
172 133 10
188 155 12
118 82 20
1
172 139 11
2
95 71 13
130 119 15
0
3
199 155 4
115 101 9
140 105 14
1
166 141 21
1
158 143 1
1
203 165 6
2
184 143 15
193 131 20
3
181 121 13
196 144 19
132 98 24
0
0
