6 1 1 4 4 8 7 2 5 4 6 5 3 4 3 4 5 7 7 2 5 8 8 5 2
0
0
2
8 7 6
7 5 11
2
7 6 10
8 6 17
1
7 5 15
2
7 6 0
7 5 3
1
8 5 0
1
9 8 22
2
8 4 11
10 8 17
1
10 9 16
1
9 6 12
0
3
6 4 0
11 7 1
8 5 17
2
10 8 8
10 8 12
2
13 11 0
10 8 19
3
9 6 3
9 9 18
6 6 22
1
9 7 15
0
1
9 8 21
2
13 10 5
13 10 15
1
10 7 1
1
7 7 8
1
10 7 0
3
12 8 3
9 9 6
9 7 21
1
11 8 10
1
12 9 21
1
16 11 24
3
9 8 4
14 12 6
9 8 14
2
13 9 2
13 13 10
1
6 5 6
2
11 7 14
6 5 21
0
0
1
14 10 11
2
10 9 10
14 15 21
1
13 10 19
3
13 11 11
12 11 18
17 13 22
0
1
13 9 0
1
11 8 21
0
0
1
12 9 8
2
16 12 3
17 12 5
3
12 8 5
12 8 11
14 10 22
0
0
4
16 12 5
16 16 18
14 13 21
13 9 22
1
12 9 23
2
17 15 11
10 7 18
1
10 5 17
0
3
12 9 4
12 10 16
15 10 22
2
20 15 6
17 14 23
1
14 10 22
2
15 11 2
17 14 3
1
18 15 4
0
0
1
10 8 6
0
1
14 11 11
1
20 14 15
0
2
23 21 2
15 11 5
2
18 13 14
21 14 23
0
1
17 12 19
0
2
18 18 17
15 13 23
1
18 12 9
3
21 13 0
18 13 3
25 22 13
0
1
18 14 4
4
21 20 10
17 17 17
19 20 19
14 9 22
0
2
22 20 9
23 17 24
0
3
21 22 5
12 10 9
16 9 14
0
2
15 11 6
22 15 18
2
22 17 9
19 16 13
1
20 18 12
1
17 13 17
3
22 15 0
25 24 5
19 16 8
0
0
1
24 17 4
3
22 18 5
20 18 17
19 14 21
0
3
18 10 6
26 17 16
13 9 23
0
1
17 12 13
2
25 19 0
27 19 6
1
22 20 18
1
15 11 21
3
19 16 3
25 17 15
23 18 18
1
16 11 17
2
30 22 6
19 12 7
1
17 14 11
0
0
0
2
17 11 4
26 17 18
0
1
17 13 14
0
0
0
2
26 24 3
22 16 17
1
25 16 5
0
1
25 21 17
1
23 21 6
0
1
24 17 18
0
1
24 20 18
2
26 19 3
30 26 21
3
23 17 16
28 18 19
19 17 22
1
33 24 17
3
23 21 0
26 19 14
25 16 21
0
2
19 17 10
26 19 18
1
36 23 0
2
34 25 6
31 27 7
1
32 24 17
1
30 19 7
1
43 32 6
1
31 29 17
0
1
30 28 22
0
1
34 26 20
3
31 29 13
40 34 14
28 23 17
0
2
24 22 16
35 24 18
2
24 19 6
28 21 16
0
1
26 17 17
0
0
2
26 21 15
26 22 22
0
0
1
25 19 16
2
26 19 14
37 25 21
0
2
37 27 5
29 18 6
1
29 24 22
1
42 33 9
1
30 29 11
2
27 20 6
32 27 21
2
29 27 15
38 26 18
0
1
33 27 14
1
33 24 16
0
1
41 42 11
2
27 20 3
35 36 18
1
30 21 19
3
35 35 10
20 20 19
31 29 23
2
37 31 3
34 32 8
2
28 22 9
29 23 17
2
36 31 10
42 33 16
2
28 23 11
34 25 23
2
37 27 5
29 22 20
0
0
1
29 22 13
1
34 25 21
1
36 26 23
2
21 14 13
32 28 15
1
18 10 8
1
34 22 4
1
35 24 10
0
2
44 44 14
29 19 20
2
39 32 12
40 30 17
2
36 27 8
27 14 17
0
1
26 20 9
3
29 26 10
35 31 17
16 13 18
1
42 27 0
0
0
0
1
27 20 9
2
44 34 15
42 28 17
3
38 29 11
38 32 17
46 39 18
0
2
27 22 11
33 24 17
1
40 33 6
1
30 26 15
3
41 32 0
43 36 14
43 31 16
1
30 28 5
0
0
0
0
3
42 32 3
29 24 4
39 35 15
1
39 34 21
1
41 34 18
1
36 32 23
0
1
37 29 13
0
3
27 19 5
29 29 11
50 38 23
3
49 35 10
46 38 17
48 41 23
1
32 30 17
3
31 28 3
43 35 15
35 28 17
0
2
23 22 4
38 28 17
0
0
2
44 37 4
37 24 24
1
42 36 18
0
0
1
37 34 5
1
38 33 5
3
46 43 10
53 40 21
49 42 22
3
43 34 16
28 22 18
19 21 21
1
40 39 7
1
52 44 14
1
40 34 15
0
1
36 24 8
2
33 23 6
51 33 8
5
43 38 0
26 26 5
43 38 6
40 29 14
34 25 21
0
0
2
40 28 11
47 39 18
1
37 32 3
1
47 44 9
2
50 45 5
54 49 8
0
1
51 38 14
2
32 30 5
45 37 18
1
41 36 17
1
33 26 13
0
0
0
2
46 35 5
37 33 6
0
0
2
39 34 17
34 30 20
4
50 41 7
39 33 8
54 34 18
55 47 23
2
25 20 10
36 26 18
0
2
53 35 17
44 30 22
1
40 30 10
1
47 40 5
1
48 37 0
2
41 31 9
51 39 22
3
34 33 18
61 43 22
25 19 23
0
0
0
1
49 49 24
2
29 25 5
64 55 22
2
43 34 1
50 34 17
0
0
3
37 32 5
51 39 12
53 37 20
0
1
50 45 10
1
42 31 7
1
54 40 22
0
3
55 49 12
60 46 13
44 40 17
1
53 49 5
1
29 21 15
1
54 35 22
3
40 33 0
58 44 7
31 29 9
2
46 31 0
41 33 3
1
50 34 17
0
1
62 44 9
2
52 55 4
51 51 23
0
0
1
46 45 10
2
59 52 20
44 37 21
1
67 45 19
1
46 32 8
1
58 47 22
2
65 56 0
26 14 3
2
57 39 11
47 35 23
1
66 40 21
0
0
0
1
40 31 20
1
49 35 17
2
54 41 21
30 23 22
0
1
46 37 10
1
46 41 6
1
27 28 24
0
2
59 40 8
71 52 9
2
62 59 19
52 44 24
0
0
1
47 35 21
1
43 33 15
0
1
51 29 4
1
57 40 18
1
42 38 22
0
0
3
46 31 6
49 41 15
70 66 22
1
68 39 16
1
56 30 1
0
0
0
0
1
49 38 11
2
56 48 11
54 39 22
0
0
2
65 53 7
72 52 18
1
59 53 14
0
2
56 48 0
56 43 17
1
53 42 20
0
0
0
2
25 21 20
55 52 21
1
46 32 11
3
72 69 12
55 50 18
57 39 23
0
2
58 56 6
52 38 7
0
2
57 38 5
45 43 14
0
2
58 55 5
56 49 21
2
65 48 12
78 66 17
0
2
58 56 14
77 67 22
2
69 59 8
67 54 21
1
66 45 6
0
0
0
3
62 47 11
50 37 15
60 57 23
2
66 58 10
52 45 15
1
77 61 6
1
45 43 23
2
48 41 10
53 42 20
2
44 35 13
48 37 22
0
1
54 50 24
3
41 28 11
48 37 14
85 73 23
2
73 47 0
55 44 14
0
2
39 34 12
61 50 23
0
2
55 42 0
68 53 3
2
51 51 8
68 54 13
0
1
70 51 9
2
61 46 4
80 71 17
2
66 45 5
44 38 12
1
85 73 7
2
60 61 4
60 67 9
0
0
3
65 53 12
53 39 16
64 50 21
1
63 52 9
0
0
2
64 55 14
93 83 24
2
62 48 14
47 38 16
1
43 43 21
2
59 46 4
57 35 23
1
81 69 5
0
0
0
2
75 54 6
68 57 15
0
0
1
73 62 5
0
1
59 45 23
1
55 39 22
0
3
84 57 3
70 53 11
72 60 22
0
0
3
73 56 8
73 70 11
99 82 20
1
63 54 10
3
53 36 15
60 55 17
59 55 22
0
0
0
1
70 63 0
1
86 72 23
1
82 58 6
0
1
69 51 6
0
2
65 43 10
92 74 23
1
54 51 9
1
85 81 13
0
1
44 42 1
0
2
64 57 6
66 52 18
3
55 42 4
86 60 13
69 66 18
0
0
1
73 65 22
1
74 55 19
3
85 72 6
65 45 12
45 39 15
0
0
1
72 52 21
1
49 39 3
0
0
0
1
63 66 10
1
79 59 5
4
82 73 4
68 50 8
85 72 20
56 50 23
0
0
0
2
63 39 5
47 42 21
3
70 44 8
79 69 10
29 26 14
1
55 48 15
0
1
89 58 9
2
67 54 6
79 70 12
0
0
2
56 47 0
59 50 10
2
85 70 2
73 64 10
2
80 67 6
70 61 22
1
80 55 16
1
63 59 23
2
85 87 19
80 49 24
1
84 60 13
1
84 70 0
0
0
2
84 66 7
43 31 10
0
1
93 82 23
2
82 54 10
67 62 17
2
89 66 7
98 78 10
1
93 65 0
0
2
76 62 6
59 55 12
3
43 32 0
81 73 5
68 61 22
1
78 57 12
1
85 76 22
4
83 61 3
83 82 4
98 87 18
99 69 21
1
74 51 22
1
81 66 17
0
1
81 46 18
1
67 55 11
4
65 54 5
96 75 9
112 103 22
50 44 23
0
2
82 71 6
77 61 11
0
1
98 65 14
1
93 75 3
1
94 77 12
0
0
1
59 47 13
1
85 65 6
2
90 80 20
81 61 22
2
76 67 3
74 64 10
2
89 85 3
80 63 11
0
2
68 46 0
84 61 16
1
71 53 12
2
106 89 0
86 60 5
0
1
62 54 13
2
79 58 8
106 82 17
2
108 75 9
71 40 22
0
1
59 39 10
1
76 56 18
1
93 72 1
1
64 55 5
0
3
80 44 5
62 46 11
72 48 12
0
1
71 49 22
1
74 49 18
0
1
88 75 17
1
71 47 11
1
82 62 3
0
3
97 61 5
79 63 6
81 60 13
1
86 61 17
0
2
71 35 4
70 46 23
1
70 62 0
2
106 87 13
98 75 20
0
0
1
91 90 23
1
109 96 18
1
91 67 0
1
86 71 17
1
47 44 23
1
76 65 8
0
1
85 71 5
1
78 65 9
1
82 47 9
1
108 89 23
0
0
2
93 85 11
57 36 22
2
87 68 6
92 64 17
0
2
111 93 13
71 54 22
0
2
82 58 0
98 96 18
1
110 86 21
2
83 63 4
96 70 13
0
3
81 66 3
92 71 8
85 52 22
0
0
1
54 33 5
2
73 53 8
95 86 22
0
1
77 63 24
2
67 72 18
79 58 19
1
90 81 15
1
68 54 18
1
90 86 23
1
103 81 21
0
2
115 85 5
82 65 24
1
91 65 15
3
86 48 12
70 63 16
90 57 22
3
89 83 5
78 64 10
98 72 23
0
1
88 73 18
2
59 39 10
91 68 17
1
99 80 15
1
91 69 18
0
1
69 63 15
0
2
112 89 12
62 58 13
1
85 59 23
2
99 86 17
81 70 23
1
105 117 3
1
128 96 17
0
1
55 46 20
3
66 54 5
139 123 17
40 33 22
3
103 90 7
98 89 11
91 75 17
2
105 100 9
80 66 22
0
1
114 93 16
0
3
117 116 0
117 75 4
124 106 11
0
0
1
88 80 16
2
112 79 10
128 99 12
1
101 75 23
2
87 68 4
73 51 7
2
76 53 7
114 94 18
1
99 83 23
0
0
1
95 92 23
0
1
80 62 5
0
0
1
80 68 22
4
82 67 6
97 78 9
107 66 13
114 80 20
2
63 44 14
97 81 21
1
111 72 9
2
84 58 5
116 91 6
0
1
87 71 16
2
107 75 15
74 68 22
1
85 53 4
3
114 110 4
99 65 6
107 73 22
0
1
85 81 9
1
90 83 6
0
0
2
109 80 0
114 88 5
0
2
91 69 5
82 52 13
1
97 87 18
2
91 78 5
107 88 13
2
128 115 5
81 52 7
0
2
108 91 4
82 78 6
0
2
79 67 5
98 78 6
2
108 90 0
122 88 7
2
97 72 10
86 67 18
0
1
77 65 13
1
113 96 20
1
113 80 17
1
121 105 18
1
105 89 22
1
100 100 20
1
69 65 17
0
0
2
111 94 0
70 45 7
2
89 61 21
78 53 23
0
0
1
114 81 9
2
99 78 14
101 99 18
0
2
117 93 16
119 121 22
2
99 98 5
110 95 10
0
1
117 81 17
0
0
0
2
110 88 14
116 86 16
1
121 94 23
0
4
130 94 6
80 56 15
92 78 17
68 65 22
0
1
59 53 0
5
88 67 4
80 57 6
112 96 8
77 54 17
101 74 20
2
89 66 5
126 123 10
1
92 75 18
0
1
99 66 12
1
84 84 18
2
113 85 17
114 107 21
0
1
89 66 5
2
108 85 20
87 57 21
3
116 81 11
145 112 20
137 122 21
1
120 101 5
0
0
1
84 69 16
0
1
128 105 12
0
1
125 110 5
2
121 100 3
132 86 16
1
119 88 11
1
111 80 5
4
67 58 3
101 75 8
145 112 15
148 123 17
1
104 97 20
2
105 68 18
72 60 21
1
117 87 0
1
62 56 3
0
2
139 91 12
98 75 22
0
0
2
156 117 6
111 85 22
0
0
0
4
120 89 12
110 81 14
117 88 17
104 83 22
0
2
95 70 3
130 94 5
1
86 55 20
0
1
70 58 17
1
124 95 13
1
144 100 5
0
3
114 105 12
92 69 17
85 74 20
2
112 91 20
119 90 22
1
101 66 14
1
94 70 18
0
2
106 76 13
92 72 15
1
117 66 20
2
116 110 5
157 146 22
2
117 90 18
84 63 23
2
77 55 0
102 80 11
1
100 79 6
1
138 80 17
0
1
117 107 0
2
148 112 0
139 113 10
3
113 96 6
153 129 18
82 51 22
0
1
104 62 8
2
90 75 1
62 56 20
0
1
106 95 13
1
81 52 13
2
111 98 10
116 99 22
1
105 89 5
2
133 131 6
85 60 15
1
75 66 4
3
142 97 5
155 121 6
127 103 19
1
120 83 0
3
146 115 6
132 107 21
138 114 23
2
72 63 18
121 108 22
2
97 68 16
141 107 22
0
1
98 70 24
0
1
110 84 23
1
88 65 9
0
1
137 111 12
0
0
1
92 57 5
3
113 78 0
124 84 6
104 89 10
1
112 98 17
1
96 65 8
0
2
119 115 13
130 124 17
2
115 80 6
130 101 7
1
136 109 18
1
142 135 22
0
1
113 65 17
1
103 74 17
2
130 93 20
140 102 21
1
123 86 4
3
133 117 6
125 74 17
106 81 24
2
153 123 5
153 134 21
3
104 88 7
130 104 17
84 69 23
0
1
97 81 17
1
93 55 21
1
117 82 22
0
1
147 108 0
2
147 93 7
125 87 21
1
137 131 0
1
127 99 20
2
99 79 21
125 111 23
2
217 159 6
100 84 22
0
3
143 125 0
93 75 8
129 115 17
1
133 89 12
1
113 83 14
0
0
1
117 86 8
0
0
3
144 125 0
135 101 10
155 117 12
1
105 84 0
3
93 76 0
143 79 4
141 112 17
1
126 112 5
0
1
175 159 18
3
149 108 5
100 75 10
83 56 16
2
145 120 10
107 74 18
1
79 69 13
3
96 89 4
178 137 12
113 91 22
0
2
101 84 4
128 97 8
0
1
127 84 9
1
101 70 11
4
121 106 10
98 66 12
146 132 15
119 74 18
2
91 60 10
87 61 24
1
149 127 0
3
114 86 5
152 122 13
32 25 20
3
77 66 9
146 128 11
186 166 22
1
157 114 21
0
1
142 138 23
1
164 111 23
2
106 83 0
89 76 10
2
105 104 11
162 121 17
1
121 98 6
1
122 83 12
1
127 109 10
1
114 93 16
0
1
145 101 14
0
0
1
129 118 22
3
111 70 13
137 87 16
176 101 20
2
128 97 14
150 126 22
2
120 96 6
117 80 21
1
119 101 22
2
156 124 16
127 93 24
1
133 91 15
1
128 88 20
1
168 132 15
1
100 85 0
1
93 72 14
2
103 92 6
143 116 13
0
3
117 104 13
98 91 14
152 114 22
2
94 75 7
101 90 24
1
133 108 20
1
141 127 11
0
3
164 95 18
98 82 22
122 110 23
0
1
108 71 16
1
104 73 24
2
153 103 0
105 94 7
1
97 89 16
0
1
130 118 18
0
1
121 103 20
0
1
166 140 22
1
95 82 19
0
2
183 132 10
167 138 12
1
137 102 8
3
161 105 13
110 101 21
116 79 22
1
132 102 22
1
135 111 11
0
0
0
1
163 149 13
2
103 87 11
126 105 20
0
3
180 122 0
125 126 9
134 128 20
0
2
101 102 6
116 87 22
1
139 88 10
1
138 125 5
0
3
182 157 10
120 84 16
152 143 21
0
0
0
0
1
123 101 3
0
2
133 109 4
167 184 23
5
155 136 6
59 43 8
140 112 13
120 114 21
135 110 22
1
116 82 16
4
110 68 16
95 81 18
173 113 20
121 98 21
4
122 105 9
134 119 17
136 113 21
132 132 22
1
142 109 5
0
1
114 112 16
2
133 109 5
160 142 17
1
125 86 5
2
162 148 18
196 143 21
0
0
1
137 106 4
1
175 137 10
0
3
143 128 13
142 130 16
114 81 21
0
2
153 106 18
138 114 22
2
97 63 20
201 166 22
1
150 121 6
2
166 142 12
118 100 21
2
144 105 8
74 63 18
3
114 87 14
130 106 16
176 163 17
2
184 136 5
138 76 22
2
107 88 3
133 94 22
1
98 81 18
2
160 116 7
162 133 12
2
97 84 13
165 167 14
1
97 71 22
1
170 120 22
1
89 85 19
0
0
0
1
167 90 8
3
141 104 5
107 83 9
112 91 20
2
113 71 5
151 123 15
1
80 68 0
0
1
148 108 9
3
169 152 0
117 98 1
123 85 15
2
145 114 11
123 87 18
0
2
171 118 6
130 97 11
0
3
150 120 5
139 92 8
169 155 17
2
150 121 10
141 129 17
2
150 118 17
148 136 18
3
136 91 5
149 130 12
140 101 23
4
149 137 0
99 75 5
161 113 6
91 75 16
0
4
149 134 5
166 119 8
117 86 11
160 137 19
2
162 131 4
132 85 18
3
133 108 5
115 95 13
178 168 22
3
173 171 8
117 96 18
149 124 22
1
75 50 6
0
1
177 142 21
1
169 122 13
0
0
3
169 116 6
170 103 11
178 164 23
0
1
179 124 18
1
189 187 7
0
1
153 108 0
0
0
0
0
2
141 114 0
163 136 22
1
157 164 10
1
115 96 18
0
1
139 115 10
1
204 134 22
2
122 105 17
182 157 22
1
204 182 6
1
133 107 15
1
125 75 15
1
138 134 17
1
188 162 23
0
1
177 131 8
1
130 118 5
1
192 156 7
2
178 143 3
130 124 8
1
158 152 0
0
1
155 152 17
0
2
139 95 11
129 96 20
1
157 147 8
3
140 123 9
134 116 11
146 127 23
2
194 132 5
194 179 16
2
189 139 5
187 168 17
1
139 103 20
1
177 149 11
0
2
160 118 0
170 133 22
1
149 126 22
1
161 157 22
3
192 173 3
143 107 5
211 120 6
0
2
100 81 6
161 129 14
2
127 110 0
115 101 22
0
2
178 135 10
110 97 22
0
0
1
153 140 3
1
154 120 13
0
0
3
141 94 0
125 95 5
199 154 22
1
180 171 13
0
0
1
115 112 10
1
227 171 15
1
173 151 21
1
186 170 8
2
176 117 5
109 91 11
0
1
131 108 4
1
102 96 24
1
133 104 22
1
161 130 0
1
134 116 6
3
160 139 0
145 84 3
164 131 20
2
187 139 12
156 154 17
4
145 135 6
124 98 8
165 118 15
98 75 18
0
0
2
141 125 7
159 130 12
0
1
142 94 23
1
185 139 13
0
2
203 131 2
150 121 5
