7 1 4 7 7 2 6 2 7 5 7 7 8 4 6 3 4 3 8 7 5 8 6 5 7
1
6 5 16
0
0
4
10 10 1
6 5 4
7 4 23
8 6 24
1
11 11 17
5
9 8 1
9 8 3
7 5 4
10 7 18
6 6 19
2
8 6 0
13 10 18
3
6 4 0
10 8 21
12 11 23
1
6 4 9
2
8 6 6
8 6 14
1
7 5 12
0
1
9 7 4
3
9 8 3
8 7 11
7 4 22
3
9 8 0
8 6 14
9 7 15
1
10 8 11
0
0
0
1
12 10 3
1
11 9 19
0
0
2
10 8 10
11 9 18
0
4
13 10 8
15 11 14
9 6 19
16 13 20
1
12 9 3
1
10 9 7
1
14 12 19
1
13 11 18
1
10 7 18
1
13 11 3
1
15 14 9
1
16 13 18
2
12 11 4
13 8 12
2
12 11 3
13 12 16
2
13 12 0
17 15 21
1
15 16 3
0
2
14 12 9
17 15 17
0
3
16 14 6
10 8 16
12 11 24
2
15 11 12
13 9 14
0
1
13 11 6
0
1
17 16 21
2
16 13 22
18 18 24
3
13 13 0
13 11 3
15 11 10
1
17 11 15
2
16 16 0
12 11 2
0
0
0
3
19 16 8
12 10 11
17 14 13
1
13 8 3
0
3
20 18 14
17 11 18
13 10 24
0
0
1
17 14 18
4
14 13 4
14 11 12
12 10 17
13 11 24
1
19 12 19
1
16 12 12
1
16 14 0
1
16 14 24
0
2
17 13 18
20 16 19
2
21 17 0
18 16 18
0
2
16 12 10
15 9 19
3
23 20 2
19 15 3
18 16 21
1
21 12 17
2
12 11 10
14 8 13
3
16 12 6
21 18 18
18 17 22
0
0
3
13 9 2
15 15 10
21 15 21
2
22 21 3
15 12 24
2
13 11 22
25 20 24
1
25 18 12
3
21 17 0
18 14 19
23 22 20
1
21 18 7
2
17 15 10
23 18 21
3
26 24 3
22 19 8
18 13 14
2
21 18 3
18 13 4
1
27 24 3
0
1
19 16 19
0
1
13 12 3
0
1
29 29 11
0
3
23 17 6
27 20 18
19 13 20
1
21 12 18
0
1
13 9 9
2
20 16 8
20 17 23
3
24 20 9
19 14 10
22 15 13
0
1
19 13 19
0
4
27 21 0
21 15 13
36 37 14
20 17 19
4
24 22 10
25 17 12
25 22 13
21 13 18
1
14 10 19
0
1
35 26 12
1
18 16 7
3
27 23 13
21 18 14
23 16 21
0
3
24 16 3
25 14 10
20 15 23
2
29 20 12
26 18 20
1
12 8 23
1
27 19 24
3
16 12 16
21 16 17
21 18 22
3
22 20 6
19 17 11
16 12 14
1
24 17 6
0
0
2
22 20 14
25 19 24
1
26 21 24
0
1
23 18 3
3
25 18 14
27 27 16
19 14 19
1
23 18 20
0
0
1
19 14 0
3
14 10 0
27 21 18
28 21 22
0
0
0
1
21 18 21
1
24 19 3
1
28 25 10
0
0
4
25 22 9
35 28 18
26 21 19
33 26 24
2
17 12 8
22 18 21
0
0
1
24 21 14
1
27 22 10
3
35 22 5
43 37 17
21 14 23
1
27 23 17
6
34 30 2
32 26 10
31 23 11
26 23 13
31 29 16
26 26 20
1
24 19 8
2
21 18 1
27 23 8
1
31 28 16
2
42 28 3
24 19 13
1
32 25 21
2
42 42 3
35 33 14
2
29 25 12
31 28 13
2
32 29 10
35 28 13
2
25 18 4
24 17 12
1
38 28 19
0
1
25 17 9
2
35 29 6
13 9 24
0
4
37 30 9
32 28 13
30 25 14
20 14 23
2
34 25 12
30 25 13
1
22 16 3
2
31 24 3
30 21 14
2
30 24 6
31 23 15
1
37 26 9
0
2
23 19 11
23 19 12
1
44 43 19
3
30 26 11
46 39 18
35 24 24
1
41 31 6
0
0
0
1
25 20 2
1
38 38 5
2
37 32 6
35 30 9
1
23 20 10
0
0
2
40 34 21
30 27 23
2
35 24 8
30 28 16
0
1
35 30 3
1
43 34 6
0
1
40 27 8
2
39 31 21
32 24 24
0
0
3
25 15 11
35 35 12
25 22 20
2
32 27 11
34 28 12
1
35 29 17
2
35 23 19
36 30 21
0
0
4
45 32 3
45 34 4
20 19 12
45 37 24
2
42 29 10
36 33 12
2
42 28 5
36 27 10
2
59 47 3
32 28 16
0
1
28 29 24
1
43 31 12
0
1
22 18 12
1
33 27 6
1
40 34 18
1
39 29 12
3
26 16 6
50 39 18
29 21 20
1
49 37 0
1
37 23 4
1
51 42 11
2
34 34 7
41 32 22
2
45 31 22
52 43 24
0
1
52 40 14
2
39 29 4
44 33 17
1
26 22 3
3
43 37 14
44 33 19
31 27 21
0
1
48 37 5
0
1
44 33 17
1
50 39 5
1
30 23 24
0
2
48 40 4
42 34 11
3
42 33 0
56 41 6
48 33 20
0
1
45 38 21
0
0
2
34 29 12
47 31 24
2
38 26 4
43 35 10
1
40 37 9
2
52 39 21
52 45 22
0
1
41 34 24
2
54 42 2
29 26 17
3
44 37 0
39 30 4
49 33 21
2
34 23 14
38 32 18
5
28 15 4
40 39 10
40 30 14
48 44 20
40 24 22
2
32 20 3
36 26 14
0
1
54 41 21
1
37 28 6
2
37 33 0
42 37 10
2
44 33 3
56 50 22
1
40 26 20
0
1
36 33 14
1
39 27 23
0
2
38 21 4
55 49 19
3
56 44 4
49 40 21
30 25 22
0
0
4
50 37 10
44 32 12
46 28 15
27 24 17
0
0
3
46 40 3
54 49 14
38 34 22
2
59 58 0
32 25 14
0
2
47 37 6
43 29 21
0
1
44 30 10
1
43 41 8
2
32 24 4
44 41 17
0
1
37 30 6
2
48 45 19
37 35 21
1
31 25 17
0
3
42 35 4
23 21 10
48 38 18
0
1
39 35 3
3
43 33 4
52 48 8
67 69 20
2
46 44 3
46 44 24
2
48 35 6
59 47 20
2
48 34 9
55 42 19
0
2
63 62 10
55 33 24
1
52 40 2
0
1
59 50 1
0
2
28 20 6
71 54 22
2
58 48 6
53 44 20
0
0
3
40 22 2
55 46 12
40 30 24
1
35 27 12
0
1
46 38 15
1
59 44 6
2
50 40 15
49 33 24
4
50 31 2
50 35 4
51 42 6
64 49 18
2
44 36 8
57 49 21
1
34 27 3
1
73 65 6
1
52 38 16
1
57 46 21
1
39 28 9
1
36 36 0
2
41 31 11
51 45 24
0
0
1
63 40 7
1
47 39 19
2
58 47 5
60 46 11
1
53 39 20
1
55 41 18
2
39 36 0
59 45 1
2
34 23 10
61 41 22
0
0
0
1
57 55 3
0
1
56 55 2
1
66 57 8
0
2
52 39 3
66 59 21
1
45 43 21
2
50 38 12
77 62 21
0
2
69 48 3
47 46 23
1
44 38 13
2
64 60 9
44 37 20
2
74 66 2
76 61 8
3
43 38 5
56 54 6
73 55 19
0
1
69 56 10
0
0
0
0
0
1
63 57 23
2
50 34 12
58 51 18
0
0
3
51 43 3
59 57 16
68 53 19
1
54 49 19
1
45 32 0
1
81 65 9
3
58 52 10
78 68 14
55 41 18
1
73 51 19
3
87 55 12
55 42 18
67 43 21
0
2
65 66 1
48 44 4
1
34 29 11
3
55 52 10
69 45 13
66 60 15
1
68 55 14
1
60 47 12
2
56 43 7
37 31 12
3
56 39 3
61 51 14
46 32 17
2
78 50 8
52 48 12
0
1
66 52 18
0
1
55 45 4
1
56 46 5
1
58 41 6
0
1
64 57 0
2
71 54 17
48 36 20
0
0
1
63 49 10
1
50 40 12
2
59 48 14
67 64 19
2
74 57 2
69 72 19
1
50 36 23
0
0
1
47 36 18
1
55 41 8
2
47 36 10
73 49 12
3
53 36 1
79 59 22
57 47 24
2
76 71 11
64 53 16
3
44 46 12
57 54 16
90 90 19
2
64 47 0
76 57 12
3
95 94 2
59 52 11
58 41 20
2
50 41 6
85 67 22
1
67 60 3
1
80 54 2
1
97 71 22
2
80 70 3
77 69 19
1
44 33 11
1
54 42 12
0
2
67 46 2
39 35 18
1
74 57 15
4
64 55 8
85 50 11
89 58 12
70 56 14
1
80 53 14
1
64 46 18
2
56 39 0
78 68 21
1
32 27 14
2
60 50 10
69 52 14
2
73 67 3
66 51 23
2
33 24 8
88 73 21
0
1
85 66 21
1
54 50 11
1
70 53 17
1
76 56 9
3
93 75 6
79 68 17
72 67 22
1
74 86 10
0
1
72 59 23
1
86 72 9
1
73 58 4
1
109 93 19
0
0
2
88 78 2
55 42 22
4
53 43 3
75 72 6
45 33 12
63 55 22
0
0
1
78 67 14
1
74 53 18
1
74 55 19
2
70 64 0
101 81 22
0
0
0
0
0
2
74 59 4
69 59 21
3
63 48 5
70 60 9
45 28 18
2
80 50 0
53 35 12
3
79 46 0
59 49 2
62 53 18
0
1
59 50 16
3
107 86 8
61 49 11
95 84 16
2
81 52 11
68 54 18
1
92 74 15
1
88 70 19
1
97 64 22
1
76 63 6
1
72 56 24
2
77 55 8
73 55 21
0
2
66 51 14
89 69 22
1
65 40 8
1
101 84 19
1
50 38 13
4
86 58 0
67 54 8
66 52 18
80 66 21
1
40 31 6
1
77 41 22
1
84 73 18
1
75 68 0
0
4
65 44 0
71 66 1
74 65 7
65 51 22
1
87 65 12
0
0
1
92 91 4
1
48 40 14
0
2
70 55 4
68 49 11
2
78 63 1
67 48 15
1
74 54 4
2
80 70 2
67 60 8
2
64 52 14
82 65 19
2
84 67 13
69 56 18
3
84 74 4
78 55 6
65 48 12
0
2
60 47 4
80 70 11
1
78 56 23
2
105 87 10
64 59 22
2
55 51 0
64 51 4
1
80 57 3
1
64 69 5
1
82 58 21
1
79 78 10
1
56 49 6
1
63 43 13
0
0
4
77 74 0
87 78 13
67 63 18
80 53 23
2
106 98 18
93 76 23
2
112 93 11
87 50 12
3
70 54 4
77 50 22
96 65 23
3
78 73 4
93 86 12
96 99 23
2
51 31 4
70 53 5
1
78 44 21
3
58 57 0
68 67 6
91 78 21
2
85 62 16
66 48 22
2
102 89 4
85 51 22
0
2
94 79 10
67 70 11
1
72 55 6
2
96 82 2
54 48 10
1
76 53 21
3
88 62 2
67 57 4
57 52 20
1
55 52 22
1
89 52 24
2
98 81 12
78 68 21
5
84 83 0
137 86 10
64 47 12
54 40 15
103 104 22
0
1
67 50 12
0
2
80 65 3
106 99 20
1
78 67 14
1
82 73 10
3
78 60 9
89 67 11
61 48 14
1
51 43 10
1
71 64 14
2
77 66 20
99 71 21
0
2
92 64 8
63 50 23
1
61 48 24
1
84 63 12
2
91 68 12
86 75 14
0
0
1
88 77 6
0
2
98 68 18
109 93 19
2
83 55 21
73 52 24
0
1
96 69 9
1
93 65 15
0
0
2
96 92 4
88 72 18
1
83 80 21
2
79 59 20
106 76 24
1
76 59 22
1
69 64 21
2
97 83 18
87 72 20
1
87 68 1
1
56 35 10
1
83 68 10
1
112 89 5
0
1
108 93 24
2
81 65 0
49 34 22
1
91 71 21
2
97 81 1
91 75 14
0
2
94 71 17
86 71 24
1
81 60 16
4
103 78 4
105 93 8
110 92 9
102 95 20
1
59 40 21
2
81 69 8
102 77 18
1
122 109 6
2
76 61 0
68 72 2
2
82 71 5
95 67 18
1
110 72 13
3
102 86 14
106 74 22
94 85 23
2
75 59 20
66 63 21
3
83 52 13
70 60 18
84 70 23
3
75 67 13
83 60 22
71 54 23
1
112 89 0
4
66 53 12
66 60 13
96 69 19
96 70 22
2
71 48 9
100 81 22
2
65 51 6
134 121 19
2
106 93 6
89 95 21
1
69 54 2
1
104 82 9
0
0
2
83 65 4
113 83 13
3
81 62 6
59 47 8
69 42 18
0
3
107 85 11
96 89 12
120 84 17
2
79 61 8
63 52 15
2
98 84 18
82 72 20
4
80 64 1
79 53 9
99 85 12
96 72 13
0
3
107 90 0
55 40 8
84 72 13
2
81 69 6
122 84 21
2
96 72 6
110 94 11
2
92 65 8
101 70 12
1
124 111 21
1
85 81 20
0
1
80 49 3
2
79 63 0
83 52 20
3
90 52 4
99 79 9
72 68 16
3
99 89 2
81 66 10
104 67 12
1
101 85 24
1
74 57 18
2
104 99 12
96 72 18
1
102 75 12
2
87 57 0
108 82 24
3
128 78 6
80 48 11
93 83 24
1
80 52 3
0
0
1
91 73 3
2
94 71 8
52 43 10
1
124 113 3
1
50 35 5
2
102 94 6
82 61 13
1
131 106 11
1
117 85 18
3
96 81 2
109 98 13
111 91 14
2
92 65 3
98 65 7
0
4
81 53 6
69 50 8
87 66 21
74 54 24
2
138 132 0
102 81 22
1
86 71 3
0
0
2
74 62 11
61 52 15
0
0
1
113 79 21
2
90 80 21
110 87 24
2
94 75 10
79 65 16
1
133 109 0
0
0
2
55 47 10
98 66 11
1
106 89 24
2
74 64 6
97 78 13
1
150 128 18
0
1
92 75 9
1
59 43 22
1
92 75 24
1
87 71 20
2
109 85 2
71 51 11
2
115 97 18
117 101 19
2
132 120 15
105 98 22
0
2
138 109 20
98 102 23
2
69 60 6
81 58 9
1
76 69 22
1
110 95 18
0
2
80 74 2
107 81 10
3
106 85 11
111 79 17
99 92 24
0
2
120 97 11
136 137 22
1
82 77 9
2
87 68 21
83 69 23
2
117 95 11
132 132 18
1
110 97 20
1
118 95 20
1
133 92 4
1
149 80 21
1
103 75 21
0
1
135 110 0
1
94 88 2
1
117 72 11
2
80 71 18
92 78 24
3
115 96 10
119 91 16
136 94 24
2
136 86 6
93 65 8
5
110 81 3
109 97 4
107 96 9
120 93 10
74 68 20
1
130 90 24
4
87 83 0
104 85 5
114 96 10
115 98 11
0
0
2
97 63 5
112 90 7
2
72 66 6
88 54 14
2
121 98 0
122 72 18
1
73 60 3
0
0
1
90 63 22
2
106 78 18
102 84 19
1
134 104 4
3
109 100 7
138 115 9
85 77 18
1
99 84 3
2
99 68 2
90 76 3
3
53 44 4
134 111 8
88 88 19
1
101 69 16
1
125 113 12
4
105 92 12
125 83 19
140 114 21
113 109 24
1
92 77 8
1
117 89 4
3
112 96 6
112 93 8
117 81 23
0
1
124 106 18
1
104 72 3
3
70 60 2
98 80 4
129 97 10
2
117 95 19
66 53 23
0
2
100 75 2
111 100 18
1
129 110 10
2
101 67 18
104 74 22
0
1
72 58 18
1
104 73 21
1
166 162 22
1
96 74 10
1
68 48 4
3
104 72 9
163 127 11
65 53 18
0
3
114 96 5
71 53 11
84 66 21
2
94 76 3
89 79 21
0
1
130 152 23
0
1
112 78 22
1
96 78 6
4
140 101 4
104 95 11
103 88 19
106 104 21
2
45 35 17
99 70 20
2
142 120 13
162 139 24
1
115 80 17
1
151 112 0
1
133 85 4
0
1
157 122 19
2
93 68 0
143 102 7
2
85 67 18
100 77 19
0
0
3
139 116 12
114 96 19
129 122 20
2
88 66 8
110 93 10
1
92 63 4
3
145 122 9
119 90 10
113 97 12
2
105 74 9
112 61 17
3
93 85 3
131 128 18
129 93 21
3
121 92 11
111 87 14
115 85 18
2
60 57 0
122 79 2
3
107 78 14
152 130 19
123 99 20
1
105 93 9
1
148 119 7
1
100 84 23
0
2
116 92 3
84 71 4
5
162 130 4
108 93 9
106 74 12
150 140 14
115 78 23
1
152 112 4
1
91 71 3
1
110 89 18
1
81 62 17
0
0
1
158 130 17
1
113 66 21
1
112 72 13
2
113 89 12
139 126 22
4
101 80 10
102 82 17
166 144 19
137 117 24
2
95 66 14
151 84 15
2
133 93 0
125 81 8
5
66 52 10
112 107 11
125 90 12
117 79 13
119 83 18
1
117 72 20
1
124 124 6
2
146 118 0
134 105 24
0
0
0
0
1
116 97 12
2
130 106 19
150 146 22
2
126 102 2
107 99 18
5
151 136 6
92 67 7
75 74 13
151 119 21
139 122 24
0
1
162 135 12
2
125 107 2
123 84 12
2
120 103 2
124 86 3
0
2
122 104 16
127 111 19
3
134 88 0
122 96 20
121 106 24
1
159 123 21
0
4
104 82 0
125 109 3
107 76 5
121 95 15
0
2
124 113 18
121 118 21
1
107 67 12
0
2
117 107 18
107 89 22
1
154 129 22
2
121 91 2
119 117 10
0
0
0
2
143 144 9
143 126 18
1
181 95 24
3
63 44 12
172 141 14
110 80 22
0
0
2
129 114 0
160 144 11
0
1
138 134 2
2
102 91 10
97 88 24
4
180 154 1
127 109 7
94 68 9
107 68 23
3
116 81 0
143 99 19
146 132 22
2
94 73 16
107 78 20
2
93 69 6
78 68 21
4
55 51 6
82 59 8
96 88 11
104 80 21
2
89 68 11
121 121 14
2
91 65 12
169 143 19
0
0
3
102 80 8
47 33 19
144 113 20
3
113 93 2
108 67 3
53 43 21
3
69 50 6
159 150 11
87 60 19
2
140 110 21
130 98 22
1
93 78 13
3
158 123 9
147 132 16
84 82 18
0
1
132 96 8
2
113 104 1
130 112 16
1
157 127 18
1
109 97 4
0
1
118 95 18
0
2
176 120 1
81 72 13
1
123 90 22
3
124 106 11
94 78 16
135 77 17
0
1
149 114 9
1
138 109 12
2
146 136 3
127 96 10
2
150 127 21
131 137 24
1
115 104 17
3
110 95 1
95 61 16
133 106 24
2
149 106 3
147 103 6
1
117 95 23
1
101 82 8
0
4
115 82 1
85 63 4
181 130 9
136 115 12
2
109 84 5
135 93 11
0
2
82 63 12
96 70 21
1
89 77 18
0
0
4
178 178 3
125 102 6
103 82 11
121 114 16
1
136 109 24
1
154 152 24
2
129 90 10
163 124 23
2
120 90 8
161 127 24
0
6
162 97 5
168 146 6
131 114 10
127 109 14
112 74 23
154 119 24
3
157 158 3
130 116 8
134 103 21
2
136 115 12
157 132 22
2
134 114 2
181 178 20
1
174 113 21
0
3
110 98 6
97 101 12
118 102 20
1
144 120 4
2
132 106 3
83 55 16
1
159 115 8
1
176 150 11
2
185 160 8
67 68 10
0
2
99 83 3
145 107 18
1
115 86 20
0
1
192 129 3
0
1
141 108 16
1
140 89 11
0
1
126 112 24
1
144 133 22
3
144 117 0
85 77 9
129 106 14
1
139 124 16
1
97 67 21
2
135 109 10
139 115 12
2
123 101 18
144 117 22
2
193 151 2
113 99 15
2
171 128 6
158 119 24
2
149 107 14
116 97 16
0
1
162 124 6
2
119 91 10
135 140 20
3
127 113 0
147 120 11
135 95 21
0
0
0
0
2
115 90 12
146 148 14
4
131 103 5
120 113 9
178 149 19
140 146 24
0
1
118 87 14
1
126 72 19
2
170 147 0
130 129 4
0
0
1
185 176 4
0
2
179 118 18
181 143 20
1
157 133 21
1
150 115 11
0
1
126 92 11
0
2
154 112 4
102 81 22
1
168 155 7
3
102 84 9
120 102 20
160 126 24
1
209 222 19
5
127 108 3
130 97 4
121 116 18
167 167 20
110 82 21
0
0
0
2
123 100 7
100 73 19
0
2
179 140 20
121 94 24
1
113 80 4
0
1
123 105 18
0
0
1
159 103 3
2
130 84 22
83 76 23
0
2
137 104 0
140 102 12
2
126 102 1
133 102 12
1
143 142 8
2
139 92 9
87 68 10
1
104 72 11
1
172 106 20
2
166 139 9
128 109 14
2
256 219 19
164 135 21
1
149 97 20
1
119 107 3
2
171 90 4
160 126 18
0
1
129 107 22
1
145 96 6
0
1
136 134 18
1
116 81 20
0
1
146 114 0
1
197 157 20
2
171 111 18
138 119 20
0
1
163 121 24
0
0
1
158 122 15
0
1
193 153 14
2
169 156 13
129 95 18
1
158 102 10
2
110 91 8
125 106 11
1
159 118 20
3
128 103 3
127 97 18
216 186 21
3
148 105 0
134 95 3
119 89 24
1
106 91 19
0
0
2
142 123 6
125 77 22
2
158 124 17
112 80 18
2
126 112 19
163 121 21
0
2
151 114 10
136 128 20
1
179 158 2
0
1
120 101 8
0
0
0
0
2
133 104 16
164 101 21
2
139 118 4
112 93 15
2
154 129 8
108 90 20
1
178 149 22
1
138 120 7
0
2
166 151 14
175 132 17
1
185 149 12
0
0
1
108 82 10
1
133 120 16
0
2
137 103 8
158 151 21
4
152 129 0
162 117 7
121 96 8
144 114 11
3
113 79 8
116 96 9
184 152 12
2
212 161 11
155 132 22
1
133 69 22
2
133 100 0
169 155 12
1
186 150 21
4
154 143 1
140 119 8
168 101 19
165 158 22
1
117 90 7
2
207 196 22
132 108 24
1
144 119 2
1
182 170 20
2
137 94 4
109 92 20
1
213 188 23
2
164 112 0
171 162 21
2
227 187 10
132 108 23
2
143 112 0
158 166 12
1
124 91 10
4
129 107 3
141 125 6
58 49 11
101 59 18
1
176 149 24
3
179 148 2
196 158 14
191 183 23
2
140 120 20
111 97 24
2
128 99 11
173 164 12
1
179 143 11
2
121 102 12
156 130 21
1
131 113 8
2
195 177 13
145 128 24
2
130 83 10
230 177 15
2
126 110 12
130 113 23
3
135 112 2
122 111 4
133 97 14
