3 7 1 5 4 7 1 7 3 4 5 5 3 6 7 8 1 8 6 1 6 4 4 2 4
0
1
8 6 18
2
9 6 3
6 5 21
1
8 7 3
2
6 4 13
9 7 14
3
6 4 7
11 9 11
7 6 22
0
2
7 6 5
7 5 7
0
1
11 8 14
3
9 6 7
10 7 9
8 6 13
1
11 9 15
0
0
2
10 8 9
10 12 11
1
14 12 18
1
9 8 3
3
9 7 11
8 6 14
6 3 21
0
2
8 5 7
9 7 22
0
0
4
11 9 3
9 8 10
8 5 15
11 9 18
2
10 5 7
10 7 9
0
1
10 7 5
2
12 12 7
12 9 12
0
1
10 7 4
0
1
10 8 22
0
1
12 11 10
0
1
13 10 10
0
0
2
11 11 13
14 11 24
2
13 11 1
9 6 15
1
14 8 13
0
0
4
12 9 11
17 15 12
13 8 17
11 8 18
1
20 17 15
0
0
3
13 11 3
13 11 4
14 10 21
0
0
0
2
13 9 7
15 12 14
1
9 7 15
2
15 11 15
10 7 21
2
12 10 10
17 17 15
0
1
9 8 15
1
17 12 24
1
17 13 8
1
13 8 18
2
14 10 13
15 12 14
0
1
20 17 24
0
0
4
17 14 3
14 11 4
15 12 7
15 11 23
1
22 18 18
0
1
19 17 18
2
14 12 7
22 14 11
2
16 11 6
18 13 20
0
0
1
21 17 5
0
3
23 17 5
18 17 10
25 27 13
0
2
26 21 14
17 14 20
1
27 20 18
0
1
30 24 1
1
20 16 9
2
20 15 11
5 4 21
0
0
0
1
12 11 17
0
4
16 13 0
13 10 14
20 20 15
19 18 18
1
16 14 5
1
31 24 10
1
19 12 22
3
19 14 11
26 22 13
20 15 18
1
18 18 11
1
22 18 14
1
17 12 20
0
0
0
1
23 18 1
0
2
18 17 11
20 14 14
0
2
24 17 17
22 21 18
3
19 15 4
17 12 9
31 22 15
2
21 14 22
20 17 24
0
1
26 22 13
2
23 22 5
33 26 17
1
28 18 13
2
28 27 10
24 21 21
1
20 19 8
1
20 17 10
2
27 21 8
22 19 15
1
17 17 17
0
1
25 18 12
2
22 16 5
23 21 23
3
24 24 5
25 21 10
23 17 15
1
27 21 22
3
25 22 1
24 17 3
29 24 24
0
1
20 16 12
0
4
33 27 3
14 12 5
34 28 9
31 31 14
0
2
33 24 13
17 14 21
1
24 14 17
2
28 23 4
17 16 7
0
3
25 17 1
31 25 12
20 14 17
1
25 21 4
1
19 17 14
1
22 16 20
1
27 21 21
2
24 22 0
23 18 1
2
23 22 5
18 15 15
1
33 26 20
0
2
39 35 7
29 23 20
1
26 15 10
1
26 17 13
1
32 24 4
0
2
29 21 13
38 30 18
1
39 23 17
1
29 23 10
4
45 42 13
32 28 15
29 24 17
29 17 22
1
37 35 14
2
28 22 9
32 20 11
1
31 25 14
2
25 20 11
32 26 15
2
22 18 2
15 9 24
0
2
26 22 14
35 33 22
1
33 25 18
0
0
1
37 30 13
1
10 6 17
1
37 31 5
1
29 21 7
0
1
25 24 1
0
1
35 23 17
1
34 25 21
1
24 20 24
2
39 27 7
26 18 14
3
29 23 5
23 16 11
26 18 17
1
39 38 18
0
0
1
29 17 18
1
37 36 15
1
30 23 2
0
0
1
22 16 16
0
0
2
35 30 15
35 28 18
0
2
31 26 3
31 28 11
0
2
30 22 2
34 34 17
1
31 20 13
2
38 50 7
18 16 9
0
3
36 28 4
43 36 5
39 30 13
1
25 19 11
1
36 23 18
1
43 36 0
0
1
42 40 7
0
0
0
1
21 16 9
1
32 27 21
0
2
44 32 6
43 34 12
0
1
42 33 1
2
49 37 7
42 28 11
1
39 29 9
3
35 28 0
36 23 1
37 32 4
2
43 32 10
44 43 20
2
60 45 5
36 27 11
0
2
49 37 8
40 35 20
0
2
37 35 7
53 44 23
1
40 30 15
0
1
46 29 17
0
1
44 33 21
1
50 36 11
2
43 32 15
35 27 22
2
50 46 1
29 26 6
1
44 41 24
2
46 36 5
42 28 20
0
0
1
32 25 18
0
3
37 31 0
40 28 17
44 35 22
3
40 32 11
47 42 15
37 26 18
1
47 32 14
2
41 29 23
34 29 24
0
1
44 37 20
1
30 24 7
1
33 31 5
2
52 46 14
44 40 20
1
54 38 5
2
58 50 13
31 27 14
0
1
38 24 13
3
42 36 1
37 32 3
33 25 14
0
2
33 27 10
42 29 24
0
1
40 26 24
2
47 41 3
40 35 14
2
42 35 1
42 25 18
0
1
38 26 21
2
57 52 7
27 17 21
2
53 36 1
44 34 24
1
47 41 7
5
48 44 5
50 43 8
53 38 9
51 43 11
43 26 14
0
1
35 29 1
1
33 25 5
1
48 39 15
1
43 37 17
0
2
43 32 1
37 27 14
3
52 48 13
43 40 17
50 45 21
0
2
49 43 12
47 29 22
1
53 44 7
1
45 34 21
1
56 42 21
1
41 28 10
0
2
50 46 5
42 37 11
1
48 41 1
3
61 45 13
62 52 19
44 25 23
1
56 46 17
2
71 65 13
36 26 17
2
46 39 13
49 28 24
2
66 48 5
58 52 21
1
64 63 11
2
34 30 5
36 32 22
0
2
33 32 3
30 30 23
1
53 45 18
2
68 49 5
59 46 17
0
0
0
2
49 40 3
55 31 17
2
42 36 7
70 48 14
1
70 49 3
0
0
1
43 36 8
0
2
42 34 7
44 32 20
1
36 29 0
2
61 45 4
43 34 18
1
27 19 11
1
48 39 13
0
2
40 31 1
61 32 13
0
0
2
51 42 15
63 52 20
0
1
81 60 0
0
0
1
32 22 12
2
45 36 3
36 30 14
1
62 44 24
0
0
4
68 55 5
64 48 14
55 55 21
52 38 24
1
66 57 7
0
0
1
66 51 12
1
64 42 5
1
62 47 14
2
45 38 4
52 45 15
1
59 41 22
2
55 49 14
56 40 15
1
56 39 18
1
82 73 19
2
67 41 0
52 37 17
1
64 50 4
1
36 25 8
2
53 41 7
60 44 20
2
61 48 22
50 33 24
1
60 54 4
1
59 46 13
1
70 57 13
2
75 53 9
57 42 18
1
74 59 10
1
56 43 1
2
57 52 5
47 43 17
1
38 30 20
0
0
2
66 57 10
50 31 21
1
55 36 21
2
53 40 5
64 58 13
0
0
1
51 45 14
0
0
3
43 25 3
59 48 15
40 28 17
1
60 51 1
0
2
36 24 2
63 48 20
0
1
54 48 22
0
1
48 31 6
2
60 50 7
57 52 17
1
66 65 12
2
59 49 13
41 36 22
0
1
46 41 5
1
101 89 13
3
53 44 15
56 43 20
51 44 21
1
68 56 22
0
2
57 50 1
68 62 17
1
66 52 18
0
0
1
61 40 21
1
70 62 15
0
2
61 45 5
80 65 14
2
80 62 1
75 51 9
0
1
78 60 11
0
1
51 37 13
0
1
64 42 18
0
1
64 57 21
2
76 62 13
90 64 17
1
60 57 10
1
55 48 6
1
72 57 5
1
66 52 14
0
0
0
1
53 49 5
2
88 75 10
71 55 15
2
44 28 3
80 67 18
2
68 57 1
47 37 14
2
72 60 18
66 60 22
2
26 17 5
75 54 13
1
55 27 15
0
1
49 46 11
1
73 63 20
3
64 60 8
51 36 13
54 42 17
1
33 20 17
0
1
66 48 6
0
1
72 59 5
0
0
4
60 42 10
59 55 11
58 51 12
92 70 17
0
0
0
0
0
1
68 51 14
1
92 74 5
1
52 51 22
1
97 96 8
2
56 47 17
90 72 22
1
108 74 17
0
2
55 38 1
66 43 18
1
80 61 17
1
50 42 10
2
59 56 9
56 39 10
1
71 56 20
0
0
1
58 45 22
2
51 39 3
69 65 17
2
59 30 18
70 56 22
1
75 63 1
1
69 49 10
2
102 89 3
48 43 24
2
50 33 8
61 50 10
0
1
94 81 15
2
69 75 3
70 62 9
2
81 62 0
75 56 13
0
2
85 52 17
63 53 20
1
59 46 1
1
84 62 17
3
59 52 4
46 37 5
74 62 18
2
78 56 17
56 45 20
0
0
0
0
0
2
76 61 7
80 54 14
2
66 46 11
100 75 17
0
2
91 71 4
84 86 20
0
1
80 71 20
1
45 36 10
0
4
68 45 5
58 49 7
45 32 8
85 80 14
2
92 72 1
75 65 16
2
81 57 13
85 66 17
2
89 55 17
84 57 21
2
62 57 12
67 49 14
0
3
73 65 4
61 50 5
64 58 9
0
0
1
77 63 15
1
84 50 22
1
70 57 5
1
80 50 8
1
101 64 7
2
74 66 14
81 64 17
0
2
77 59 7
64 45 11
2
44 35 9
81 68 22
0
1
74 73 13
0
2
110 91 1
64 44 20
2
62 48 1
86 64 24
2
84 46 15
79 80 17
1
111 89 3
1
63 44 18
0
3
83 72 3
72 63 5
93 65 17
0
1
91 86 0
1
96 84 14
0
1
86 70 15
1
94 63 5
1
100 81 13
2
77 73 1
62 51 15
1
87 70 17
3
111 115 7
74 70 8
82 61 24
1
84 60 5
0
1
55 35 24
2
87 76 14
81 75 17
0
1
106 61 17
3
51 40 1
82 49 14
96 64 15
1
66 67 1
0
2
73 52 11
72 68 12
2
93 85 11
56 40 15
0
2
98 88 10
79 53 11
0
1
81 61 18
0
1
101 89 9
4
109 81 0
85 68 3
132 105 7
74 62 24
1
108 88 22
1
71 56 9
0
1
66 42 23
4
86 70 5
73 51 7
92 83 8
80 72 9
1
59 47 14
2
89 63 13
112 101 15
0
0
2
86 84 18
82 73 22
0
0
2
97 84 3
57 46 4
0
0
0
1
78 74 17
2
79 67 10
125 98 18
0
1
91 75 12
0
0
1
82 75 9
1
106 99 11
1
84 80 21
0
3
119 91 3
90 68 9
69 63 17
4
75 53 1
73 59 4
102 79 9
109 76 15
1
102 88 4
0
0
3
81 68 3
88 71 17
86 68 21
1
90 73 21
0
0
2
107 73 1
107 87 17
1
84 77 17
0
1
114 89 20
0
3
61 58 6
108 84 12
116 91 17
0
1
82 75 9
1
131 103 3
0
2
68 60 7
58 36 13
1
44 40 10
0
2
105 78 4
71 55 13
1
112 93 1
0
3
72 54 3
79 56 9
121 74 17
0
0
0
0
1
101 88 24
2
106 77 4
97 77 12
0
1
89 75 13
2
113 107 9
94 52 13
1
90 72 18
0
2
88 80 11
97 54 18
2
96 70 4
73 70 14
0
0
1
68 45 5
2
94 79 1
75 55 10
2
62 50 1
116 103 5
1
71 55 21
0
1
88 73 7
2
108 95 14
105 88 19
2
80 56 14
67 59 17
0
4
90 77 1
89 63 7
116 97 13
91 98 18
1
84 41 0
2
103 85 5
68 55 7
2
106 52 5
91 70 7
1
128 104 17
0
0
0
2
100 77 4
107 82 16
0
2
83 82 17
105 86 18
5
121 94 0
82 71 1
98 66 5
96 86 13
108 84 22
2
128 107 0
99 88 3
2
80 75 18
87 67 21
0
3
129 90 4
97 91 8
79 57 20
1
50 39 22
1
93 83 23
1
112 92 18
2
109 86 15
100 81 18
2
88 63 8
89 68 12
1
90 82 17
1
103 51 20
0
0
1
102 89 20
0
3
88 68 13
108 106 15
110 80 18
0
1
84 67 14
0
2
126 103 4
104 70 24
1
105 100 1
1
116 87 10
1
67 51 3
1
116 87 14
2
86 70 13
113 74 20
0
0
0
2
82 63 7
73 39 20
0
1
94 81 18
1
117 103 15
1
90 74 13
2
110 97 13
86 76 15
3
113 85 8
93 83 11
82 68 20
0
0
2
98 80 18
109 81 22
0
0
1
86 58 5
1
74 55 14
0
1
94 81 10
2
99 67 9
94 58 20
0
0
2
130 104 11
84 45 12
3
109 106 1
96 89 3
88 60 10
2
100 75 11
98 86 17
1
108 88 12
2
119 85 5
85 61 8
0
3
95 78 0
109 91 11
104 98 17
2
97 78 19
130 106 21
1
113 93 24
1
96 74 9
2
86 68 10
102 93 22
2
104 88 13
114 86 22
1
125 99 5
1
83 65 17
1
89 91 18
1
110 92 11
2
118 75 2
104 85 11
1
107 69 4
0
3
98 70 11
102 87 15
88 71 22
0
1
127 116 1
0
2
136 99 5
60 53 13
0
1
122 85 7
1
97 74 17
2
106 73 1
79 59 19
0
2
120 85 1
110 85 14
3
76 60 14
70 53 18
72 56 24
2
98 85 7
104 95 17
2
121 118 0
149 120 15
0
1
87 84 18
1
118 85 11
1
97 82 1
0
1
86 62 7
1
122 94 21
1
117 99 11
0
0
1
133 138 14
3
73 57 0
85 57 14
82 79 15
2
104 82 5
109 90 23
0
3
137 112 1
127 99 10
118 87 15
0
2
127 86 5
104 74 13
0
2
145 99 5
104 104 10
2
106 71 10
102 83 11
1
97 83 14
1
115 100 15
0
1
102 81 11
1
97 71 7
0
1
114 104 24
0
0
3
108 79 7
117 90 22
116 87 24
1
152 109 15
2
141 116 9
138 123 17
0
3
154 129 4
85 75 12
129 115 13
0
0
0
1
92 70 9
2
132 113 7
101 80 12
0
3
140 92 15
157 128 21
104 80 22
0
0
1
139 127 5
2
131 93 7
111 78 11
2
133 111 17
141 90 20
1
101 76 23
2
117 83 9
84 60 13
1
144 109 15
1
109 87 1
0
2
119 91 5
152 120 13
0
3
143 131 1
97 78 22
128 116 24
2
96 75 1
114 77 11
2
97 68 9
102 77 12
1
127 74 4
1
175 162 5
1
114 93 15
0
1
120 112 20
1
109 97 15
1
119 115 11
2
137 79 1
105 86 13
1
127 112 4
0
1
169 129 17
0
0
2
141 120 12
52 52 13
0
0
0
1
106 69 4
1
149 146 8
0
2
117 86 1
140 115 17
1
141 116 16
0
0
3
144 107 13
111 102 15
169 124 16
0
0
0
2
134 109 1
82 49 10
3
131 94 7
141 94 14
130 111 24
1
110 95 8
1
137 115 8
2
141 126 7
178 173 23
1
97 77 21
1
176 149 14
1
100 61 6
1
139 123 10
4
125 111 7
123 97 8
86 72 11
136 108 14
3
110 60 15
117 111 21
112 86 22
3
104 58 7
128 85 12
99 75 13
1
146 112 4
3
147 147 9
94 73 15
113 79 21
0
0
1
127 106 1
2
181 180 16
155 127 18
0
0
0
1
144 128 13
0
0
1
115 95 17
1
143 118 3
2
89 66 3
74 47 20
2
119 96 22
67 52 24
2
137 80 4
132 105 8
1
135 103 11
0
1
122 93 16
5
185 172 2
140 127 4
136 116 7
129 106 16
151 113 20
0
1
134 114 14
0
1
102 86 24
4
130 100 1
136 102 9
115 90 14
148 93 18
1
141 104 24
0
2
75 60 5
107 101 24
2
156 131 14
156 137 22
2
155 106 5
64 51 20
2
168 157 1
137 107 20
1
103 96 10
0
2
124 110 12
145 118 18
0
0
0
1
101 95 5
1
120 98 18
0
2
166 127 9
145 148 14
1
129 110 3
3
101 81 14
125 100 17
154 125 20
1
131 127 1
1
165 102 22
2
90 72 4
129 122 15
1
147 123 16
1
78 61 10
2
110 102 3
122 77 5
1
128 99 20
1
178 145 7
0
1
116 88 0
0
1
140 154 11
1
106 84 8
3
131 107 7
149 131 14
133 106 18
1
144 131 11
2
77 69 7
118 111 20
4
134 92 5
146 137 10
122 101 16
124 105 21
3
119 98 10
154 103 17
97 59 24
2
137 100 1
99 79 15
1
103 79 1
0
3
164 120 0
144 128 7
162 112 17
3
94 73 19
140 111 21
123 91 24
0
2
133 107 11
144 139 21
0
0
1
129 100 5
0
1
194 129 5
1
154 95 1
0
1
118 87 10
0
0
0
1
158 114 17
2
170 126 7
159 133 9
0
2
140 119 1
131 108 7
3
135 127 5
134 98 7
97 73 12
0
3
150 137 8
170 152 15
162 121 20
1
109 89 3
4
135 112 0
95 64 1
159 133 10
158 130 23
1
115 83 15
2
107 92 18
85 63 23
1
162 138 13
1
145 108 17
1
118 75 7
0
0
1
129 96 18
1
171 155 11
1
93 86 15
1
75 52 1
1
150 148 1
1
131 101 14
1
162 134 15
0
1
148 132 3
1
165 144 1
0
1
136 118 10
2
79 52 18
102 70 22
1
141 144 3
2
178 130 1
106 73 17
2
146 123 8
161 102 22
0
0
1
187 123 17
0
0
0
2
149 146 1
114 76 5
0
0
0
2
108 86 0
188 141 1
1
156 133 18
0
1
77 62 13
2
160 113 17
168 158 21
1
190 122 14
1
181 137 4
3
162 129 3
145 121 15
148 113 24
3
201 163 11
116 82 13
196 152 20
2
134 99 12
112 101 21
2
124 79 8
135 124 15
1
122 97 18
2
103 77 10
103 82 17
2
131 102 1
110 79 18
1
137 106 14
1
123 92 20
0
2
165 124 3
145 111 5
1
118 88 18
2
148 116 11
166 117 12
1
122 99 18
0
2
189 153 1
151 137 3
1
94 95 15
2
194 172 7
213 180 14
0
0
0
0
2
107 107 5
157 110 23
2
150 123 7
175 134 17
2
161 116 0
140 113 19
2
124 105 4
178 97 11
1
130 109 15
2
136 105 5
152 133 7
1
148 130 4
2
134 121 10
167 126 13
2
151 111 4
162 143 18
2
165 138 7
201 144 10
0
1
111 83 15
2
132 104 2
148 98 12
0
1
130 112 19
1
158 126 7
3
157 128 1
173 182 14
131 101 17
1
150 119 17
1
158 142 21
2
94 66 15
112 96 17
3
169 122 1
159 90 9
127 101 10
2
173 141 1
125 91 7
0
0
1
108 81 20
1
84 51 15
2
205 207 17
186 159 18
1
152 99 4
1
175 150 1
0
2
163 119 12
201 147 24
1
150 130 14
1
116 90 15
2
128 94 5
223 127 14
2
155 125 1
162 127 5
1
169 127 18
1
149 114 5
4
96 93 5
125 104 8
192 157 13
148 119 15
1
179 145 21
0
2
81 53 3
193 159 13
0
1
97 81 20
1
128 107 12
3
168 128 4
190 125 9
112 104 20
1
110 83 15
0
0
0
0
2
167 107 13
104 83 15
3
129 95 9
143 111 11
154 102 17
1
111 87 15
1
148 133 10
1
154 111 6
0
2
150 112 11
169 135 24
0
1
139 109 5
4
177 144 13
173 143 18
165 135 20
119 86 24
2
165 116 7
130 91 15
3
197 175 9
107 75 20
209 132 21
0
0
2
166 142 3
129 85 11
0
2
144 108 11
180 186 13
1
158 136 5
1
198 152 20
1
149 125 20
2
99 84 9
152 128 10
0
2
157 115 11
150 103 18
1
186 129 10
1
137 123 5
