6 1 6 6 4 6 1 2 3 7 5 3 4 2 3 6 8 4 8 4 8 1 5 5 4
1
7 7 3
2
10 9 12
6 4 23
1
6 5 13
0
0
1
9 6 22
2
10 8 3
6 4 11
3
8 7 14
7 5 16
9 8 23
4
9 5 1
6 5 10
5 4 14
8 5 15
0
0
0
0
1
5 4 24
3
10 7 2
9 7 3
9 7 19
0
3
9 9 12
7 6 15
15 12 22
0
2
12 9 12
8 6 18
0
2
11 9 4
13 9 24
3
13 11 8
11 8 10
8 8 22
2
7 6 2
12 9 9
1
13 11 7
1
10 8 9
1
16 14 5
1
10 8 5
2
9 7 12
10 8 20
1
8 8 12
0
1
11 10 16
0
0
1
21 16 8
2
15 11 9
12 10 22
1
13 12 20
0
0
1
10 9 13
1
19 15 10
3
12 8 15
13 11 21
17 16 24
1
17 15 20
0
2
9 6 0
12 10 18
3
8 7 0
11 9 7
10 8 19
1
13 10 24
3
14 13 3
12 6 20
16 16 22
4
12 10 5
17 17 12
9 7 19
13 10 23
0
1
13 13 15
1
16 11 15
1
16 12 9
1
13 9 5
0
2
14 8 3
19 12 16
1
17 13 24
1
16 12 20
0
3
11 7 3
17 12 10
16 13 14
4
13 13 5
13 9 7
16 14 18
19 15 24
0
0
1
18 15 9
2
17 13 18
22 16 22
0
0
3
16 13 5
17 16 11
17 12 15
0
0
0
1
14 11 4
0
1
23 21 2
2
15 11 8
13 11 9
1
16 13 14
2
24 20 8
18 16 22
0
1
19 18 15
3
11 8 12
23 17 17
10 9 18
0
2
15 12 11
24 20 18
1
20 18 16
0
0
1
21 13 23
5
22 19 3
17 13 6
15 11 9
20 15 17
21 17 18
0
1
13 12 23
2
16 15 5
21 19 19
1
30 25 0
0
2
23 17 9
18 12 20
0
2
24 16 7
19 13 22
1
26 19 17
2
22 21 9
22 24 18
2
20 17 23
13 11 24
0
1
21 14 2
2
24 20 0
24 19 7
2
29 19 6
24 20 21
0
2
21 17 12
17 13 16
0
1
18 11 18
0
2
21 14 5
22 15 15
0
1
20 17 15
2
18 11 2
22 17 22
0
2
34 27 17
28 24 20
0
2
25 24 0
24 15 14
1
31 21 15
1
30 18 4
1
29 25 13
1
17 12 2
1
20 17 20
3
28 23 10
31 23 20
33 23 24
0
1
23 16 14
1
27 23 19
1
21 19 16
2
40 38 0
33 29 23
1
28 21 10
2
36 29 3
30 26 8
3
28 20 9
25 18 16
37 28 19
0
1
24 21 21
3
24 14 3
30 25 6
26 23 24
1
19 16 20
1
33 27 9
1
27 16 4
0
2
25 21 0
27 22 24
2
33 26 0
17 13 8
2
29 23 8
30 24 18
0
1
26 20 0
1
24 15 15
3
34 26 2
27 25 15
25 23 22
4
26 19 7
36 25 9
33 30 18
23 17 20
0
1
24 19 24
1
25 21 10
0
2
26 23 3
17 15 17
0
2
29 21 5
21 13 10
3
40 27 2
42 41 14
30 33 20
1
40 32 5
0
1
32 32 13
2
31 23 23
29 22 24
4
31 24 4
34 29 5
38 28 12
34 26 18
1
22 21 11
2
37 31 9
25 15 20
1
47 39 4
1
30 31 9
0
4
32 25 13
31 31 19
21 17 20
26 20 22
1
32 25 3
2
25 18 15
24 19 22
1
28 25 4
2
46 31 18
41 32 19
3
39 33 0
22 16 9
52 37 18
0
3
37 31 9
31 22 16
39 33 18
1
36 27 10
1
23 18 10
0
2
36 33 4
41 28 24
0
2
22 16 15
35 26 16
0
1
27 23 17
0
0
0
0
0
2
28 20 20
30 21 24
0
0
1
46 32 20
1
36 31 16
1
26 22 24
3
46 46 9
34 23 12
32 24 20
1
46 39 9
0
2
38 29 18
31 27 20
1
35 28 15
1
28 21 11
1
33 30 2
1
37 28 3
0
1
42 30 20
0
1
42 36 22
0
3
52 44 9
38 36 17
40 29 20
2
38 30 9
31 25 15
3
41 28 4
38 32 5
42 39 11
2
39 41 3
31 19 23
0
1
34 28 18
0
1
42 35 3
1
48 39 17
0
2
26 23 2
38 33 10
1
29 21 2
0
0
0
3
39 31 2
29 22 3
24 18 13
0
1
40 25 4
3
46 36 7
34 30 9
47 37 17
1
38 30 18
2
50 45 12
28 22 16
4
47 39 0
41 42 4
42 22 9
39 31 12
0
0
0
0
2
34 26 0
51 37 18
2
51 44 11
36 32 20
0
1
45 39 18
1
47 28 18
0
0
2
43 31 2
44 34 16
2
34 28 18
48 36 20
1
45 33 20
0
2
40 33 18
38 24 22
2
33 28 0
45 43 15
0
1
46 34 5
1
27 18 2
1
30 18 9
0
0
1
48 36 16
3
37 26 7
53 40 9
63 43 19
2
41 31 0
41 29 23
1
26 24 5
1
54 41 7
3
43 33 8
59 46 10
35 32 15
1
30 24 16
1
44 36 14
2
47 45 9
48 41 22
0
1
44 34 17
3
30 23 0
50 40 5
43 38 9
1
44 32 22
0
3
38 35 0
39 27 9
36 23 16
3
53 52 0
41 31 2
36 24 24
1
33 27 8
4
51 34 0
45 40 15
45 36 18
52 39 20
0
2
39 29 21
40 33 23
2
44 29 8
48 37 11
1
57 55 4
1
52 42 15
2
38 27 0
43 39 19
0
0
0
1
34 24 6
0
2
46 41 0
55 41 21
1
49 39 2
0
1
52 40 10
0
1
64 61 15
3
63 58 8
49 36 10
46 37 11
0
2
41 23 5
56 43 18
2
42 32 2
50 40 24
0
0
3
54 38 2
36 30 17
53 40 19
1
42 36 15
2
44 44 4
62 57 19
3
38 32 5
42 38 7
55 40 16
3
61 41 0
42 41 14
48 33 16
3
64 47 10
39 30 18
41 38 19
1
69 58 20
2
68 55 15
71 65 21
1
36 31 20
0
1
55 41 9
1
64 61 2
0
0
1
65 52 3
2
53 42 19
60 40 20
1
53 40 0
0
1
41 31 18
1
71 54 20
1
68 59 3
1
42 31 2
1
53 37 9
1
49 40 18
1
60 54 17
0
2
47 40 18
45 37 24
2
43 34 5
36 29 23
2
57 48 9
61 46 13
0
2
50 48 2
49 39 23
1
47 38 5
1
59 48 16
5
80 57 6
47 36 9
63 43 10
55 48 19
44 33 20
0
0
1
46 42 16
1
65 54 22
2
50 33 8
63 54 19
2
52 35 15
63 49 24
1
55 50 4
0
1
60 56 9
1
49 37 20
1
52 39 20
0
1
53 39 17
1
67 52 23
0
2
60 52 16
53 43 18
1
83 56 16
0
3
58 47 2
53 39 16
45 38 24
1
46 40 18
1
68 46 16
3
55 40 2
64 51 17
63 48 18
2
43 38 15
55 50 16
0
1
61 42 12
2
44 35 4
56 44 23
1
51 45 19
2
80 56 3
62 48 16
2
68 56 2
81 62 18
1
58 45 22
3
47 38 2
40 35 12
50 31 15
1
68 60 10
0
0
0
0
0
1
60 47 2
1
87 68 9
2
56 51 0
64 52 16
1
61 62 12
1
62 57 17
0
2
65 57 9
64 50 19
0
0
0
1
42 33 8
2
68 44 0
57 48 9
2
45 43 10
76 55 12
2
41 31 12
68 51 16
3
76 51 4
85 76 10
84 68 22
0
2
50 51 5
97 78 8
1
55 50 12
0
0
5
52 40 5
57 37 8
65 53 9
73 65 17
84 79 23
1
60 49 9
0
1
46 37 18
0
1
55 41 15
2
79 60 0
57 40 1
0
1
75 69 0
3
80 80 15
76 62 16
66 59 23
2
85 66 9
75 70 19
1
63 41 18
0
1
69 54 18
1
57 50 4
1
69 56 22
3
57 45 3
67 59 14
58 47 15
1
56 40 9
0
0
2
82 73 3
58 41 9
1
86 71 24
1
65 56 3
2
60 52 11
68 55 20
0
1
74 66 10
1
66 54 12
4
65 41 2
76 63 7
62 44 9
69 57 20
1
62 43 18
0
1
87 68 24
1
59 48 24
2
63 51 3
65 59 16
0
1
65 60 0
0
0
2
82 54 18
48 31 20
0
1
60 51 5
1
42 44 18
1
51 45 20
2
63 55 2
75 68 10
0
2
72 44 4
73 63 23
0
0
1
63 45 3
1
94 80 14
2
90 64 18
68 56 20
0
2
80 55 16
67 49 22
2
80 43 22
68 53 23
0
1
56 51 9
2
70 44 20
63 53 23
2
96 86 9
67 61 18
2
81 60 18
59 37 20
1
47 39 4
0
2
84 55 8
67 57 24
1
79 72 20
1
72 59 23
5
86 83 4
89 80 5
69 49 16
77 54 17
61 53 19
2
66 46 16
64 72 23
1
83 60 0
2
77 57 5
77 71 14
2
82 63 14
61 49 24
3
79 44 10
47 41 18
71 49 22
2
82 66 0
91 75 18
3
87 76 3
72 56 15
85 59 17
0
0
1
45 29 5
0
2
62 55 7
66 51 18
0
0
3
75 69 7
59 49 18
65 50 19
1
69 57 15
2
61 50 0
85 73 17
1
67 54 18
4
79 80 2
54 46 11
92 79 15
74 74 17
2
76 59 8
69 60 24
2
88 76 2
75 56 18
2
62 51 14
67 54 19
2
67 50 0
64 60 2
1
97 77 20
2
59 45 0
51 43 9
1
83 57 10
0
3
68 51 4
119 97 16
61 57 20
0
2
84 60 9
82 60 20
3
109 88 8
92 80 9
96 69 23
0
0
1
67 57 0
2
84 74 20
66 55 23
1
71 57 3
2
51 36 4
74 57 10
1
66 43 18
2
95 92 0
77 69 16
1
89 84 16
0
0
2
68 60 15
54 36 20
1
83 71 12
1
90 93 20
0
2
70 56 13
96 61 16
0
0
0
1
59 50 6
0
3
75 61 3
53 43 10
93 81 16
0
2
79 68 16
94 92 20
1
91 64 17
1
93 78 15
0
2
73 66 0
90 90 2
0
1
73 63 3
0
0
1
86 74 11
1
80 49 16
0
2
93 70 9
79 63 20
0
1
82 63 16
4
61 38 2
83 85 16
72 55 18
114 67 24
1
73 79 6
0
2
96 78 5
59 40 17
1
82 67 15
2
82 56 22
91 89 23
3
91 79 2
90 72 16
80 66 17
1
84 65 0
1
82 61 15
0
1
89 82 13
4
71 61 9
101 63 13
90 84 16
115 105 20
1
87 80 9
1
96 74 14
1
86 73 9
0
1
112 106 20
1
107 102 3
0
1
74 61 9
0
1
99 86 23
0
1
105 73 20
3
88 82 3
78 73 12
96 83 17
2
87 63 2
97 76 17
0
1
73 69 7
1
70 57 10
0
0
0
1
101 105 4
1
127 104 4
0
2
73 58 2
122 88 7
2
109 101 8
136 114 15
1
87 61 0
1
77 69 23
0
2
67 50 17
83 49 20
0
2
94 66 15
100 84 16
1
120 111 16
2
107 63 6
88 75 22
1
73 72 22
0
1
69 68 8
2
90 77 9
71 59 24
1
88 59 10
1
77 61 0
2
52 43 18
71 57 20
2
110 102 9
95 61 20
0
1
96 78 23
0
1
88 83 4
3
96 95 2
101 81 5
93 74 15
4
102 71 3
98 59 4
93 69 15
110 92 18
2
96 92 2
106 89 3
2
99 75 10
96 76 16
1
120 99 5
1
78 53 0
0
0
0
0
3
110 89 0
89 83 5
68 64 10
3
56 54 10
78 56 17
90 64 20
0
2
95 89 20
110 94 22
0
2
77 63 14
95 82 19
1
94 62 11
2
96 77 9
87 74 17
0
1
81 67 9
1
79 62 17
1
63 53 24
0
3
73 63 10
74 65 11
63 57 14
0
1
102 82 7
1
124 108 5
1
93 67 16
1
104 93 23
3
66 54 18
132 103 22
121 109 24
0
0
1
102 66 16
0
0
0
0
1
71 48 9
0
4
90 58 8
101 81 12
92 67 15
77 67 19
1
107 96 23
1
109 85 12
0
1
118 81 12
3
134 101 2
71 60 12
89 75 22
1
101 90 12
0
4
101 86 2
103 84 9
108 93 16
138 93 18
0
1
69 57 9
1
114 87 10
0
1
143 104 16
2
103 88 18
87 73 22
2
75 54 15
95 81 22
1
104 80 3
0
0
3
102 84 12
64 35 18
127 105 23
1
76 72 20
2
92 65 16
90 85 18
1
127 102 12
2
98 83 12
77 65 23
1
103 68 2
1
65 53 18
0
3
115 86 4
109 79 15
97 73 16
0
3
124 86 10
91 69 16
117 75 18
0
4
76 65 12
111 80 16
115 88 22
87 79 23
0
0
0
1
122 97 22
0
2
74 47 16
105 83 22
1
118 69 22
2
89 78 16
109 67 17
0
0
1
100 65 20
1
81 57 24
3
77 64 0
90 60 8
82 75 18
0
2
105 95 4
101 83 10
0
0
1
121 94 19
3
82 73 0
108 87 10
97 80 23
0
2
80 56 4
101 77 10
2
126 101 10
97 68 15
1
115 101 5
1
114 86 22
2
151 114 4
102 89 16
1
44 31 18
2
106 92 0
115 99 20
1
144 115 14
2
76 65 7
99 75 22
4
111 61 2
78 67 4
95 65 9
129 115 15
2
104 99 9
101 95 20
1
110 71 16
1
92 70 19
0
2
111 81 2
104 81 5
2
115 94 0
86 77 5
0
0
2
136 98 3
110 90 10
0
2
117 106 9
98 79 19
1
99 63 2
0
0
2
115 82 4
129 111 20
2
143 123 8
89 64 18
2
149 107 16
76 56 17
1
97 74 15
0
3
109 81 5
109 90 23
118 88 24
0
1
120 94 0
1
159 115 19
0
2
106 98 9
93 82 23
0
1
115 72 18
1
101 72 8
0
2
79 71 12
100 85 15
0
2
99 83 15
102 86 19
1
110 75 18
0
0
0
0
1
107 87 10
1
182 158 9
1
69 54 2
1
112 99 22
0
1
109 76 4
3
131 101 2
55 37 9
110 92 19
0
1
95 66 15
1
117 107 16
1
124 102 22
2
106 79 2
91 65 3
0
2
138 104 9
141 113 21
1
75 62 17
1
70 63 11
1
87 77 19
2
98 87 4
90 72 14
0
1
129 119 18
0
0
2
153 133 5
139 77 16
4
134 102 8
163 146 16
144 131 18
74 62 23
0
1
97 67 14
1
114 99 18
0
2
136 122 16
177 148 20
1
112 73 22
2
119 117 8
107 77 20
1
114 81 14
2
136 110 0
93 73 24
3
94 71 7
145 109 10
102 95 14
1
105 68 3
1
82 61 7
3
123 93 19
116 93 22
68 50 23
3
124 103 0
120 118 5
140 134 22
2
97 89 0
79 60 17
3
137 121 7
134 100 9
113 67 20
3
135 103 0
113 109 5
136 118 17
2
109 94 10
131 90 15
3
132 97 2
111 88 10
128 97 24
1
148 117 20
0
0
3
105 85 2
132 111 8
134 95 17
1
174 147 4
1
113 95 15
1
97 85 24
0
1
133 108 15
2
130 87 8
102 76 19
1
141 90 16
0
3
163 172 3
109 88 10
118 88 23
0
2
83 69 10
132 91 17
2
115 83 2
95 91 5
1
103 81 16
2
114 74 3
86 63 11
1
138 93 0
0
0
2
138 121 0
95 77 5
2
139 118 15
55 49 16
2
133 110 20
141 115 24
2
131 123 4
164 129 5
0
1
102 83 18
2
96 89 21
83 65 22
0
1
140 102 12
0
1
137 99 9
0
2
121 98 15
148 112 18
1
130 91 17
0
0
3
73 58 15
121 96 17
123 98 18
1
138 100 12
2
95 84 2
72 44 18
1
113 90 5
0
2
106 82 10
122 92 15
0
0
0
1
142 94 2
3
150 105 1
130 104 12
115 100 15
2
153 131 7
136 111 14
0
1
121 79 16
2
97 77 9
132 120 16
1
113 88 16
0
0
1
111 88 4
0
0
1
135 111 12
1
88 72 20
1
93 86 16
3
102 63 2
176 150 22
131 97 24
2
124 111 20
153 143 24
0
1
106 83 15
0
0
1
100 84 4
3
106 80 10
125 117 16
146 131 18
2
160 120 5
122 130 18
1
136 112 3
3
154 114 3
152 150 9
163 120 20
2
130 99 12
125 97 16
0
0
0
1
117 94 18
0
2
108 120 8
125 84 10
0
1
134 110 4
0
0
1
187 124 19
0
1
88 72 16
0
1
145 124 23
2
125 88 9
107 82 24
1
125 98 3
1
139 98 23
1
137 121 2
0
3
146 116 0
114 101 4
113 90 20
0
0
1
138 108 10
2
114 82 9
90 68 19
1
102 57 18
1
200 159 5
0
1
88 71 2
3
128 117 2
153 115 8
113 96 20
1
114 93 16
2
130 88 16
86 60 20
0
2
145 118 23
135 96 24
2
151 145 10
144 122 23
0
0
2
118 106 13
133 92 15
3
112 79 1
128 87 9
157 120 18
1
151 138 18
1
190 133 18
3
128 103 16
102 80 20
146 112 23
1
159 125 16
1
124 132 23
3
125 113 2
117 116 4
153 114 16
2
144 108 5
162 102 15
1
103 82 20
0
2
154 152 6
154 124 11
0
1
77 61 22
0
1
129 111 20
2
144 94 2
145 106 23
2
137 147 23
138 95 24
0
0
1
174 152 2
3
171 154 0
162 132 9
141 112 23
2
107 84 9
129 89 14
0
3
137 128 9
215 176 20
103 81 23
3
123 104 10
123 109 18
153 135 24
1
143 142 11
2
149 126 5
106 88 10
1
118 79 5
1
136 111 8
0
0
0
0
3
165 131 12
147 131 16
171 115 20
3
143 104 3
163 137 9
168 138 23
2
164 142 14
236 155 17
0
0
0
1
74 71 15
0
1
89 75 7
2
145 108 12
159 149 18
2
87 66 6
130 96 18
0
1
152 125 23
2
145 135 3
149 104 11
2
150 100 3
115 78 17
0
2
156 111 7
98 69 17
0
3
97 68 15
90 72 20
143 134 23
0
1
138 97 20
1
141 128 2
2
129 107 8
178 168 9
1
156 119 3
1
110 89 20
0
2
133 101 5
120 93 11
0
1
109 88 18
0
1
150 120 5
0
0
0
2
165 158 5
180 149 18
1
177 129 14
3
123 108 0
167 139 4
191 146 24
2
142 125 19
109 92 22
2
170 128 0
159 133 4
2
131 104 0
125 117 19
1
121 111 8
1
147 97 23
0
1
117 87 4
0
2
87 74 18
102 86 22
3
123 95 2
127 113 8
145 104 15
2
156 132 4
147 94 10
1
175 111 9
1
138 79 16
1
142 104 9
0
0
0
2
145 132 18
158 130 24
1
121 106 17
1
143 101 18
2
174 122 7
143 135 10
0
1
123 120 18
0
1
161 123 19
1
102 79 18
1
114 96 18
1
201 152 6
1
138 125 4
1
120 78 20
2
124 98 3
119 96 18
0
2
127 118 19
121 107 22
4
133 113 8
114 81 22
93 74 23
175 143 24
2
163 143 0
108 88 5
0
1
128 94 20
1
182 143 4
1
212 149 19
2
172 124 5
175 151 18
1
170 117 18
1
175 141 7
3
119 118 9
100 85 18
142 109 24
0
0
0
0
1
116 113 3
0
1
169 139 13
0
1
74 74 2
1
141 119 4
0
1
172 159 4
2
145 104 0
179 132 24
2
145 123 9
150 120 16
0
1
214 203 3
0
2
152 102 0
148 126 23
0
2
140 106 9
163 120 19
0
2
170 112 15
142 109 17
1
96 86 9
4
189 182 4
127 100 14
163 125 16
193 137 20
1
143 112 6
3
156 123 12
139 118 13
199 160 18
0
