4 7 2 3 7 5 1 8 2 1 1 7 6 1 3 3 2 4 4 5 5 7 8 1 6
0
2
7 5 11
6 5 16
3
10 8 5
4 4 14
6 5 24
1
6 4 11
2
5 4 8
8 7 15
0
0
0
0
1
7 6 4
2
7 5 1
8 6 12
0
1
13 11 15
0
3
7 6 1
11 8 14
10 7 15
1
7 6 19
1
6 5 8
1
7 4 0
0
0
1
10 8 12
1
10 8 22
0
1
11 6 8
0
1
10 8 17
0
2
10 6 14
7 6 24
2
13 12 4
16 11 5
0
5
13 11 4
12 7 14
10 7 19
14 12 20
13 11 24
0
2
15 13 18
12 10 24
1
15 13 22
0
1
10 8 0
0
1
14 12 5
1
11 9 17
0
2
11 9 1
11 8 22
1
6 5 21
1
11 8 18
2
9 7 11
9 7 20
3
19 14 0
15 12 7
16 13 19
1
12 9 21
1
13 10 14
3
15 13 1
15 10 18
17 13 21
0
2
14 12 0
15 11 22
2
13 13 4
13 8 21
0
2
13 11 19
15 13 22
2
12 8 4
21 16 7
2
14 9 11
14 11 24
2
10 11 7
19 17 11
2
14 12 9
16 12 24
1
12 9 21
2
20 18 7
21 12 24
0
1
20 16 5
1
17 13 22
0
1
9 7 11
1
14 13 0
0
0
0
1
22 19 11
1
25 19 12
1
14 11 21
0
1
10 8 14
3
16 14 11
17 13 12
19 14 15
2
14 9 1
15 13 16
3
16 11 0
18 16 7
24 20 22
1
21 16 0
4
21 19 3
16 12 4
26 25 6
16 10 19
1
20 18 1
1
23 16 6
0
1
19 13 24
2
20 23 4
21 13 7
0
1
19 15 19
1
9 6 9
1
24 22 24
0
2
18 16 17
20 19 21
1
13 10 22
1
21 15 2
1
19 16 20
0
2
25 21 0
21 19 14
4
23 18 1
23 20 4
25 17 7
27 22 12
0
0
0
3
24 22 0
20 17 2
23 22 17
0
1
21 13 21
1
26 20 9
4
17 13 1
26 23 3
28 22 11
19 15 24
1
28 25 4
0
0
1
28 21 18
1
29 25 21
1
22 17 21
2
26 22 4
27 20 17
0
0
0
0
3
18 15 1
35 23 4
26 25 21
2
28 26 21
22 21 24
2
26 21 4
27 19 11
0
1
23 15 21
0
0
1
33 25 19
1
30 25 13
1
27 24 21
2
27 17 3
16 14 4
2
32 27 0
24 21 12
1
30 24 17
1
14 13 5
3
35 27 7
23 21 14
28 26 19
1
29 25 24
0
0
0
0
0
1
18 17 4
0
0
1
35 28 11
1
27 18 11
2
26 23 4
32 18 23
0
0
1
28 20 3
1
33 22 11
0
0
0
0
0
1
23 19 18
4
27 21 4
35 32 11
23 14 19
21 18 22
0
0
2
37 32 17
31 28 20
0
1
28 19 21
0
1
33 26 7
1
47 42 4
1
22 15 16
2
34 24 8
35 27 16
1
23 24 24
0
2
20 18 5
25 22 19
1
26 16 4
0
1
22 14 15
1
35 25 8
1
34 24 7
3
41 27 1
25 22 5
41 37 17
0
2
33 30 1
21 15 17
0
3
36 32 5
33 32 12
39 32 18
0
1
26 24 17
1
37 38 15
1
30 27 7
1
37 22 12
1
32 21 18
0
0
2
30 21 11
33 31 14
3
39 30 11
21 17 22
37 29 24
0
0
1
39 38 10
1
30 25 18
0
2
34 33 0
40 33 7
1
38 37 17
1
41 26 16
2
37 35 14
35 25 24
1
37 30 18
1
36 26 17
1
35 28 20
1
35 23 7
1
22 15 24
2
42 36 0
40 35 1
0
3
29 22 4
32 26 11
43 38 22
1
34 26 11
0
0
2
35 24 4
39 25 15
2
37 26 7
49 44 15
3
33 32 19
39 28 20
30 30 24
2
49 46 21
35 32 22
0
0
2
44 36 2
30 24 12
0
1
34 24 21
1
36 34 10
2
29 21 5
41 32 7
1
29 24 7
1
36 35 4
1
45 31 14
1
40 32 11
1
29 25 10
0
2
49 41 7
46 33 11
2
42 35 21
42 37 22
0
0
1
46 41 21
2
38 27 11
44 37 17
0
0
2
39 27 21
52 48 22
1
54 40 16
0
2
35 27 4
68 61 8
0
2
54 43 4
28 20 22
1
27 24 24
0
0
3
57 42 2
39 22 6
41 33 20
2
45 33 2
40 27 11
1
61 52 12
0
1
51 43 7
1
44 36 19
0
0
0
0
0
1
47 36 14
1
41 29 5
0
0
3
56 39 4
43 36 14
37 27 24
0
2
33 28 20
57 46 22
0
1
36 25 24
1
60 48 19
0
3
35 23 2
41 37 14
39 31 21
2
47 41 1
37 28 11
1
51 46 14
1
45 40 22
3
28 23 3
49 45 11
29 24 19
2
50 36 0
53 47 12
1
55 43 7
2
66 36 7
56 38 21
0
2
38 31 5
42 35 24
1
28 20 11
0
1
49 44 21
0
0
1
32 28 12
0
3
54 43 12
48 33 20
63 47 21
2
37 35 7
48 39 19
0
2
44 29 17
36 26 24
1
54 49 15
3
53 40 4
50 42 18
61 45 22
3
45 34 11
65 43 21
63 51 22
0
2
72 52 7
50 37 15
2
38 33 11
58 44 15
1
44 25 12
0
0
0
1
63 55 17
0
1
51 42 22
0
0
1
59 50 13
2
60 49 5
54 39 24
0
1
60 55 22
1
43 39 22
2
61 56 12
48 32 21
2
44 36 4
61 44 15
2
54 50 22
69 61 24
0
1
47 41 15
1
54 38 18
0
1
57 44 22
1
62 37 11
2
32 27 11
47 32 21
1
49 41 11
0
0
2
47 42 2
64 55 6
2
35 22 1
53 45 18
3
54 41 10
54 30 12
50 39 18
0
0
0
2
35 24 2
58 49 11
0
1
60 46 21
0
0
2
59 42 16
81 70 17
0
3
82 76 1
61 49 8
45 37 11
0
2
73 64 9
61 35 23
2
67 50 7
57 38 22
1
64 51 0
1
36 23 21
0
0
0
0
1
50 47 21
2
41 38 0
60 45 16
0
0
1
56 49 5
2
57 43 4
63 51 21
2
66 57 12
45 35 22
1
56 48 1
2
66 46 0
72 55 20
2
69 51 1
60 35 19
0
2
39 36 19
59 44 20
5
56 45 1
62 48 6
62 55 15
48 35 21
58 43 24
2
54 45 1
56 50 24
1
47 29 22
0
0
0
1
55 51 4
0
0
0
0
0
0
2
54 42 1
44 42 4
1
49 40 16
0
1
85 63 21
2
77 67 1
60 47 16
3
73 61 9
64 52 12
74 69 19
2
68 53 3
56 49 24
0
0
0
0
0
0
0
3
57 34 11
61 49 15
63 45 19
2
30 23 1
72 57 4
2
47 38 17
91 72 21
0
0
0
2
67 52 7
67 50 14
0
4
65 45 1
75 68 11
74 72 19
84 77 22
2
65 70 7
59 59 22
0
0
2
67 52 7
63 59 20
0
4
85 73 1
57 39 5
45 40 18
75 61 21
3
68 51 0
71 55 19
52 38 22
1
58 45 10
2
66 61 1
70 58 22
3
75 60 4
58 48 11
49 41 22
1
88 64 1
2
67 62 22
67 50 24
2
41 31 12
54 44 21
1
74 52 22
0
1
79 57 15
0
1
79 65 0
0
2
82 71 7
62 45 18
1
61 49 24
1
50 40 15
2
44 33 8
80 62 22
0
2
60 37 1
79 69 20
0
1
73 67 22
2
49 40 21
80 60 22
2
86 70 4
67 45 11
1
77 67 7
3
66 49 14
72 54 15
74 59 24
1
84 79 7
1
50 43 7
0
2
75 61 4
73 74 19
1
89 79 11
1
61 48 22
3
58 45 5
87 58 17
63 57 22
0
1
52 35 0
1
72 52 5
0
0
0
0
1
60 43 1
5
85 75 0
51 45 7
74 63 15
87 68 18
76 59 19
0
2
80 59 10
94 57 12
0
1
68 64 22
1
69 66 4
1
64 53 0
0
0
0
1
95 75 14
1
66 49 0
1
74 62 1
0
1
47 43 5
1
88 80 11
1
82 64 22
2
48 34 0
85 56 7
0
0
0
1
68 49 24
3
82 61 2
72 53 4
71 52 19
0
0
0
2
72 56 8
76 64 20
4
57 42 17
72 56 18
86 84 19
58 52 20
1
80 61 21
1
85 69 14
3
78 52 3
90 72 7
86 73 17
1
89 74 4
1
53 31 13
1
58 50 12
1
68 56 22
1
85 69 4
0
0
2
92 61 11
83 61 22
1
88 65 2
1
76 47 12
0
0
1
89 70 7
2
61 55 17
59 52 24
0
0
0
1
90 77 12
1
70 51 22
0
2
72 52 19
65 57 22
1
73 68 19
0
2
62 50 4
81 71 7
2
65 49 3
62 46 21
1
91 86 5
1
84 84 18
2
85 55 5
56 43 7
1
115 95 1
2
114 102 20
82 56 24
0
1
89 85 12
1
100 79 12
1
83 69 11
0
2
82 51 0
84 68 12
0
0
3
80 60 0
52 41 4
81 62 24
1
85 69 21
2
79 69 0
104 81 7
1
85 82 1
3
97 76 3
77 60 5
83 68 19
1
95 72 18
1
86 63 11
1
73 71 7
1
78 69 4
1
88 77 24
1
97 72 20
0
0
1
63 46 5
5
113 90 1
96 77 13
107 85 14
57 40 17
70 69 24
1
108 85 7
1
78 64 15
3
76 61 1
99 70 7
80 69 10
2
102 82 9
125 87 24
1
133 108 7
0
1
68 74 11
3
74 63 12
92 73 20
78 44 24
0
0
0
2
103 86 1
75 48 11
1
65 46 11
1
108 85 5
0
3
84 67 4
77 56 15
67 55 18
3
92 79 1
95 75 7
80 67 21
0
3
81 59 1
95 78 8
94 62 21
0
0
1
92 74 21
3
66 46 1
98 64 4
93 81 7
0
2
77 58 17
88 81 21
0
1
91 66 11
2
99 77 7
97 93 8
1
109 84 3
2
126 86 6
98 92 21
1
84 59 24
0
1
86 66 12
1
96 76 21
0
0
1
95 76 16
1
62 51 15
1
71 52 22
1
118 103 12
1
95 85 24
1
65 63 15
0
1
112 81 1
1
111 99 12
0
3
87 69 12
84 69 20
114 73 21
0
0
1
68 46 11
3
109 104 0
98 71 7
70 48 20
1
88 70 15
0
0
1
97 88 19
2
105 86 0
138 95 4
1
90 74 0
2
98 89 0
103 83 1
0
1
81 63 8
2
89 62 4
99 71 7
1
94 83 5
0
2
100 65 14
99 78 24
0
3
86 72 7
87 88 12
84 62 23
1
101 88 3
1
107 78 9
0
1
97 89 19
4
59 60 4
66 48 5
90 76 8
87 63 11
2
78 68 11
87 87 21
0
1
53 45 5
0
1
79 57 7
1
90 71 11
0
1
59 46 24
0
1
69 68 22
1
95 86 12
0
0
1
98 77 24
2
93 59 2
102 72 11
0
1
100 72 4
0
1
91 65 14
1
114 106 22
0
2
82 61 7
90 67 21
0
1
100 88 24
0
3
141 119 2
86 75 20
131 102 24
0
1
84 64 22
0
2
115 81 19
58 36 22
0
3
83 75 3
128 89 11
110 105 16
1
92 88 12
0
0
0
2
119 114 7
101 93 21
3
95 87 7
95 48 8
80 64 15
0
1
117 89 18
1
80 62 3
0
1
72 46 22
2
62 58 18
98 55 22
1
144 129 21
0
0
1
77 61 5
0
0
0
0
1
100 76 21
2
80 64 12
93 77 24
0
2
134 112 9
102 71 11
1
108 75 11
0
1
98 72 14
1
93 80 14
1
91 75 14
1
108 87 21
0
1
110 81 7
1
90 67 11
0
0
1
93 90 18
2
103 75 0
74 52 6
1
116 82 1
0
3
149 125 0
94 89 4
118 95 17
0
2
125 104 11
118 87 12
1
65 54 24
0
1
140 109 7
2
108 90 1
109 81 11
2
83 63 14
110 67 15
1
125 69 22
0
1
132 93 14
1
118 87 1
1
114 87 12
2
94 74 14
103 87 19
0
1
92 83 21
1
116 96 12
2
113 94 3
116 96 21
0
0
2
87 75 19
149 106 22
0
1
123 91 2
3
149 140 8
75 63 9
113 82 11
2
134 98 7
93 62 19
2
111 92 11
132 93 15
0
1
92 63 19
3
88 67 12
83 66 16
90 75 17
1
109 88 10
1
127 101 14
1
81 80 1
0
2
79 64 20
127 119 22
0
1
90 66 22
1
120 86 5
0
1
102 94 4
1
63 62 13
1
81 67 14
1
110 91 22
0
1
90 88 1
0
1
145 105 12
0
0
2
96 84 11
107 72 12
4
110 104 1
114 64 17
101 83 18
111 68 19
0
0
1
84 79 12
0
1
129 116 9
0
0
0
0
0
0
2
118 98 7
101 90 21
2
102 86 9
110 93 20
1
110 77 11
2
121 97 12
99 63 17
1
86 64 4
1
86 59 4
2
104 84 21
57 42 23
1
82 71 4
0
3
109 85 4
128 92 18
96 72 21
2
147 110 4
161 130 20
1
111 87 19
0
2
108 77 12
77 59 15
1
143 119 19
4
128 92 14
104 84 17
144 108 19
87 65 21
0
3
114 87 9
82 50 17
157 137 19
2
108 72 5
142 95 7
0
2
96 94 12
169 120 22
2
113 110 1
103 70 12
1
153 118 7
1
110 94 21
0
0
2
115 86 8
162 130 22
2
76 61 7
133 95 12
1
149 126 16
1
114 90 20
0
2
111 91 2
73 62 18
2
136 121 0
183 118 1
1
76 69 12
0
0
0
0
1
116 88 22
0
1
122 78 20
0
1
106 88 21
2
144 109 1
137 101 20
0
1
127 97 24
1
175 143 11
4
126 106 1
126 118 5
134 124 20
109 96 22
2
92 78 4
89 68 7
1
133 91 20
0
0
1
70 58 22
2
164 129 1
122 106 11
2
180 129 12
123 104 19
0
0
0
1
194 150 21
2
147 141 1
116 97 19
1
130 88 1
2
127 93 4
39 33 20
0
0
2
100 69 5
139 98 19
1
102 81 24
0
0
0
0
1
129 99 19
0
1
119 76 21
1
127 75 4
1
163 113 11
0
1
120 98 7
1
144 93 12
2
136 92 5
132 104 21
0
2
149 109 4
195 152 23
1
149 106 7
0
2
149 109 11
82 73 19
1
123 91 2
3
123 86 12
115 69 19
110 93 20
0
2
148 109 7
121 101 12
0
0
0
2
103 76 1
131 119 17
0
2
114 112 1
156 109 7
3
133 110 0
159 126 3
90 76 19
1
94 75 12
1
139 120 2
0
1
143 94 21
0
0
2
124 112 4
88 69 11
1
133 102 22
2
96 75 7
173 141 19
2
94 73 0
156 118 2
0
1
121 99 22
2
206 170 8
128 97 22
0
0
1
111 101 10
3
101 74 6
122 114 7
115 88 18
0
1
140 119 4
0
1
126 95 21
1
137 95 22
1
136 108 1
1
124 91 7
0
2
110 90 4
155 136 7
0
0
1
90 59 21
2
113 86 1
157 176 19
1
88 73 6
0
0
2
125 99 11
127 91 14
0
0
0
1
102 82 4
2
142 118 4
156 140 13
3
142 107 3
130 117 10
136 126 12
1
146 140 11
1
130 103 18
1
150 151 18
0
2
112 67 1
144 99 7
1
168 134 14
1
122 77 23
1
118 119 4
0
0
0
1
147 118 12
1
117 81 12
1
134 102 7
0
0
0
0
0
0
1
166 127 1
1
179 141 24
0
0
2
129 105 15
145 108 17
1
173 153 14
1
88 52 17
1
139 127 24
1
159 126 11
2
120 110 11
144 96 22
0
0
0
0
3
162 126 12
119 80 18
150 121 23
0
2
100 81 0
198 186 24
0
3
129 129 0
141 113 7
167 150 17
1
108 82 7
2
111 86 12
140 94 21
0
0
0
5
143 97 0
98 79 14
176 129 15
108 91 18
166 163 21
2
193 161 2
89 72 17
1
115 63 17
3
104 85 16
116 82 22
178 145 24
1
114 80 7
0
0
0
1
81 77 0
1
130 99 16
0
0
3
138 117 11
83 64 20
137 108 21
0
0
0
1
114 83 3
0
0
1
142 98 14
0
0
0
0
1
179 135 18
1
136 137 7
0
1
183 109 1
1
142 127 12
0
0
0
0
1
154 111 21
1
174 136 7
0
0
1
137 115 1
0
1
180 153 3
1
119 90 5
2
137 75 7
234 192 16
1
195 150 12
1
95 75 16
0
0
1
196 150 11
1
158 125 22
1
202 173 12
0
1
145 120 12
2
169 123 14
162 106 18
2
136 114 11
117 93 22
4
142 128 14
169 134 20
158 131 21
191 140 22
2
151 94 10
144 103 17
0
0
0
1
130 104 5
1
155 97 20
0
1
249 224 1
0
0
1
138 111 7
0
1
173 134 1
2
155 129 6
145 126 7
0
1
161 119 21
0
1
111 91 24
0
5
176 144 1
239 239 3
138 115 20
174 155 21
103 80 22
1
119 96 1
3
170 151 2
145 117 18
126 107 24
2
137 101 4
104 85 20
5
120 95 4
118 98 8
80 73 13
115 83 20
156 142 22
0
2
197 193 2
159 138 24
0
1
152 127 1
2
175 145 13
116 92 18
2
202 115 1
145 102 22
0
1
139 144 14
0
1
199 217 1
0
0
1
135 118 8
1
173 146 4
2
151 154 11
158 148 22
0
0
4
62 66 4
103 73 11
123 101 16
181 166 18
0
1
131 108 18
2
149 108 3
110 85 22
1
176 163 20
2
166 141 12
188 105 19
2
136 99 0
218 187 7
