6 5 2 1 2 6 3 7 7 4 7 6 7 7 2 8 7 7 5 8 6 3 7 1 1
2
6 5 16
6 5 19
2
6 4 1
6 5 15
0
2
8 6 19
10 9 23
1
7 7 16
3
7 6 1
9 7 15
9 7 19
2
6 4 1
8 7 7
0
1
7 5 22
1
8 6 12
2
11 9 13
7 6 17
1
6 4 6
1
10 7 22
0
4
9 7 9
12 10 11
10 7 17
9 5 19
2
9 8 7
7 6 17
0
0
2
11 11 11
9 7 16
1
10 8 13
2
10 8 13
13 10 22
0
1
14 11 19
0
2
9 8 10
12 9 17
0
2
12 9 6
15 9 10
3
11 8 4
14 10 8
10 8 9
1
9 5 7
0
1
8 5 9
0
0
3
12 9 13
11 10 16
11 8 22
3
14 11 13
14 14 17
16 11 19
2
14 11 16
11 11 17
1
12 11 8
2
13 10 2
12 9 10
1
14 11 19
2
16 11 17
14 12 21
0
1
11 6 4
2
12 11 10
9 7 20
1
15 14 8
0
4
17 16 5
11 8 11
11 10 19
12 10 20
2
19 16 5
13 10 19
1
16 16 12
0
1
15 13 12
4
14 11 4
17 13 8
13 11 20
11 11 22
2
11 7 11
13 10 15
0
1
15 12 15
0
1
8 7 17
2
14 9 10
19 15 20
2
19 16 20
14 11 24
0
1
17 11 18
2
8 6 11
14 13 13
0
0
1
14 9 14
1
13 9 19
1
14 11 13
0
0
2
15 12 9
19 15 13
2
12 9 7
16 12 17
2
13 11 17
19 18 20
1
18 13 16
1
18 16 5
3
11 9 0
14 11 11
8 8 12
0
1
12 9 19
2
19 13 5
20 15 13
2
16 12 9
14 12 12
1
25 20 0
3
18 12 0
18 14 7
23 20 15
1
14 11 10
0
1
18 14 12
1
14 9 5
2
16 15 20
17 12 24
1
20 11 15
0
0
1
20 15 8
2
18 14 3
15 13 11
1
16 11 12
1
19 13 13
0
4
19 17 7
19 17 17
21 18 19
16 14 20
1
17 12 18
0
1
17 13 19
1
28 22 16
0
0
0
1
21 14 13
3
24 24 1
25 23 13
22 13 17
0
1
16 11 20
0
0
2
21 17 14
26 15 18
1
17 12 16
3
30 26 12
28 23 13
28 25 14
1
24 23 22
1
19 14 9
2
26 22 13
29 23 16
0
1
23 18 8
1
37 31 12
3
25 21 10
25 21 19
28 22 22
0
2
13 9 0
26 22 19
1
28 19 22
2
21 19 16
27 25 22
1
24 22 10
1
24 15 22
1
21 18 19
1
24 24 18
0
0
1
29 21 1
3
33 31 12
25 19 15
20 16 18
1
16 16 1
0
0
1
23 16 14
2
20 15 12
28 24 15
2
30 26 1
28 27 21
0
1
35 27 19
2
19 16 21
24 17 22
1
27 19 19
2
26 17 10
27 20 22
0
3
23 20 9
24 18 11
38 29 15
1
23 18 23
3
30 18 7
26 24 11
20 17 19
2
30 16 20
36 31 21
1
30 26 8
2
30 28 8
33 24 21
0
3
37 30 10
31 26 18
24 20 20
3
29 35 9
36 33 10
31 30 16
2
30 27 8
30 30 16
0
1
33 25 20
0
0
1
26 24 17
6
30 25 3
32 27 5
26 20 10
31 27 13
35 24 16
21 19 21
1
29 25 22
2
39 30 0
17 13 17
1
32 28 15
0
1
22 18 12
1
38 29 18
1
42 32 12
3
36 29 11
36 36 12
34 21 15
1
40 35 19
0
2
27 22 17
32 26 22
1
33 25 17
3
29 27 5
25 24 8
30 25 12
1
37 31 16
1
31 28 0
1
24 25 11
2
31 22 13
42 33 19
0
3
28 28 7
34 24 8
33 27 24
2
28 23 14
36 22 15
1
26 22 15
0
2
41 35 12
20 19 15
2
22 16 11
28 18 17
2
46 43 11
45 43 20
1
37 33 5
0
3
36 25 11
38 37 13
44 39 21
3
36 32 9
28 26 14
38 30 21
1
30 24 20
2
33 29 20
38 34 21
2
46 42 2
40 35 8
1
40 32 20
1
45 31 6
1
31 28 1
3
43 33 5
38 30 15
36 28 17
1
30 20 17
2
44 32 11
34 31 20
3
22 15 1
50 45 20
19 15 22
3
38 33 13
31 25 20
39 30 22
3
36 26 13
38 24 18
39 35 19
2
22 18 8
40 36 12
5
42 35 7
26 25 12
39 37 15
35 29 19
24 18 22
2
41 34 3
33 17 18
1
45 30 20
0
2
41 33 8
43 32 10
0
1
34 30 22
0
1
39 27 11
1
33 26 1
0
1
50 32 9
0
2
43 31 12
39 37 16
1
39 38 1
1
33 19 18
0
3
44 35 12
40 33 17
39 38 19
1
46 33 7
0
2
29 25 1
41 31 13
3
27 25 16
49 42 17
48 40 22
0
2
43 38 8
34 39 11
1
36 28 16
2
23 22 7
44 28 22
1
35 25 10
2
30 26 5
33 20 16
0
2
31 26 0
57 55 15
0
2
42 33 12
61 60 15
0
2
28 22 12
25 22 16
2
40 30 0
27 19 21
1
22 16 5
4
31 20 9
45 34 11
50 38 17
42 25 18
0
2
61 47 5
27 21 19
0
1
36 25 12
0
0
2
42 37 12
35 31 18
1
56 49 22
0
1
40 28 6
4
42 33 0
45 31 7
54 48 13
63 51 22
1
43 45 16
3
45 38 6
47 37 10
42 39 13
1
32 29 13
0
2
31 27 10
52 32 15
4
37 26 6
51 56 9
36 35 16
52 51 19
0
1
67 49 8
2
63 41 18
55 51 21
2
36 23 1
31 19 18
0
2
51 38 2
36 29 23
2
47 37 16
49 39 22
2
36 24 7
39 26 15
2
57 48 14
43 42 18
0
0
0
0
1
41 26 9
1
52 36 13
2
48 34 4
45 37 10
0
3
50 38 10
34 28 11
50 38 19
0
2
44 32 19
65 47 20
1
22 17 12
2
40 34 7
51 42 20
3
45 28 10
37 36 11
50 34 13
3
49 42 8
54 39 14
49 37 17
1
45 34 9
1
56 44 19
0
1
45 37 11
1
44 41 4
5
73 54 7
45 34 8
57 43 12
57 52 20
50 39 22
1
57 44 11
1
56 48 12
1
72 69 19
0
1
65 52 7
1
25 21 7
3
42 30 2
53 34 13
53 46 15
2
57 45 8
69 58 15
3
56 35 2
57 44 11
50 35 20
3
60 49 8
75 55 17
44 44 21
2
40 37 0
67 62 5
6
70 56 1
62 47 4
39 39 16
38 31 20
47 40 21
38 26 22
2
61 40 5
62 43 8
3
44 32 7
33 30 8
44 40 15
0
1
48 33 11
1
54 43 15
1
55 50 20
2
50 39 7
56 39 17
1
60 59 15
0
2
44 41 5
66 46 21
2
71 58 11
41 32 21
1
61 43 15
0
2
53 37 8
44 35 16
4
47 35 1
43 34 6
51 57 17
59 47 22
0
1
62 57 12
0
1
57 36 15
0
1
47 41 18
1
64 58 8
0
2
57 52 7
60 41 16
3
51 41 0
60 42 5
71 58 17
2
53 42 17
47 33 22
1
61 44 22
0
0
2
57 47 8
69 67 10
0
1
61 52 19
0
0
3
37 27 15
63 45 19
61 47 22
1
67 49 16
0
1
72 46 23
1
52 34 10
1
82 57 0
2
69 60 0
69 63 21
1
73 56 16
3
57 29 0
59 51 5
49 39 19
1
41 37 17
0
1
55 53 2
1
43 28 17
0
1
56 44 11
0
1
42 38 2
0
1
42 29 13
0
1
27 21 16
1
78 63 10
0
1
83 66 7
4
59 43 3
61 41 5
56 44 8
71 65 20
1
86 62 0
1
81 74 18
2
50 39 15
51 45 20
0
2
88 74 15
59 54 18
2
58 57 2
69 49 19
3
63 56 13
58 47 15
76 57 16
1
54 44 0
1
48 48 15
0
2
54 46 3
65 46 16
1
63 59 2
1
53 43 17
3
58 46 7
54 48 12
58 50 20
1
65 51 19
1
81 64 19
3
76 53 1
72 59 6
69 64 12
2
58 45 12
71 48 21
1
44 27 18
1
55 39 6
0
1
52 43 19
0
0
0
0
0
1
59 51 0
3
70 45 8
88 85 11
60 47 15
0
0
0
1
41 43 0
2
53 50 7
53 35 19
0
1
76 74 10
2
78 56 0
73 64 11
1
66 51 7
0
0
0
2
72 51 1
70 52 20
0
5
64 46 0
64 58 14
51 31 18
58 48 20
79 60 22
2
62 44 0
74 76 13
1
83 60 8
2
66 41 9
46 41 18
2
57 50 1
80 61 11
3
83 67 5
79 73 9
62 51 15
2
79 52 11
66 49 12
3
75 68 1
69 50 7
74 67 16
1
68 65 12
0
2
43 42 17
90 71 19
2
72 64 5
52 38 8
0
2
81 71 7
61 53 13
1
85 71 22
4
62 51 15
86 85 19
78 49 22
73 50 24
1
84 62 19
1
66 60 0
1
56 43 1
1
55 49 19
1
60 54 15
3
77 71 5
76 60 11
82 62 19
1
75 63 6
1
81 69 20
3
59 39 0
60 48 9
66 58 16
1
87 77 22
0
1
67 51 14
3
73 64 8
75 57 18
53 42 19
1
78 55 15
1
80 61 10
2
65 42 8
67 44 18
1
78 58 13
1
55 43 8
2
72 65 6
80 63 17
1
45 40 22
1
57 43 15
2
80 66 9
82 49 16
2
71 53 9
72 51 13
1
100 71 16
1
84 67 17
0
0
0
0
1
83 71 17
2
99 69 0
73 56 19
2
100 77 20
104 86 21
1
80 69 17
0
0
1
81 67 20
2
59 34 8
82 71 20
3
65 54 4
101 80 6
85 63 23
2
61 50 8
63 53 22
2
39 32 7
74 68 12
2
57 34 1
76 52 10
2
53 42 11
81 68 22
0
2
73 59 10
103 88 22
0
3
100 56 7
81 69 12
76 54 16
2
81 75 2
52 40 22
0
1
89 70 6
1
89 70 10
0
3
88 75 11
101 94 15
91 72 18
0
0
1
77 62 11
2
77 56 7
75 51 13
2
58 45 0
59 44 14
2
75 67 6
81 63 9
1
100 82 19
1
100 86 6
1
79 47 22
0
2
83 75 10
73 66 12
1
104 73 15
0
1
98 72 20
0
1
104 77 0
1
84 68 15
1
77 66 8
2
83 53 12
79 70 20
3
74 66 13
82 65 16
67 53 18
2
60 43 5
63 54 19
1
73 49 17
1
64 51 1
1
80 63 5
0
0
2
86 62 10
67 51 18
3
85 76 8
86 98 16
91 82 22
2
62 59 1
61 45 12
3
85 68 11
67 53 16
86 57 22
1
79 78 20
1
69 61 7
2
71 64 0
80 58 18
0
1
82 59 8
2
78 60 16
80 70 19
4
91 79 5
90 73 12
81 70 15
62 54 21
1
82 66 0
0
1
84 74 20
2
91 68 1
55 50 12
1
44 34 1
1
110 88 9
1
61 39 10
3
90 70 1
121 97 20
96 79 21
3
63 59 7
69 56 12
77 72 19
3
71 56 10
76 61 17
90 76 18
0
1
80 49 7
0
2
62 44 17
86 67 21
0
2
115 95 7
96 96 19
2
59 58 0
48 38 19
3
81 74 0
59 37 13
84 61 15
1
105 77 6
2
77 58 7
72 50 15
3
96 84 7
115 107 11
81 79 16
1
74 65 18
1
73 53 22
1
80 77 19
3
106 91 12
72 59 16
81 71 19
2
91 58 8
99 89 13
0
1
80 59 22
1
74 59 7
5
104 69 8
87 73 16
69 58 19
88 64 20
79 60 21
3
51 30 2
107 75 8
84 78 11
1
107 70 5
0
1
103 68 15
1
89 74 18
1
72 58 8
3
69 47 7
104 72 19
73 66 20
1
74 60 21
0
2
88 69 16
101 97 22
0
2
143 142 0
99 90 19
2
76 68 6
53 49 7
3
93 70 0
90 60 15
142 109 16
2
55 46 7
86 53 16
0
0
3
69 54 1
104 77 15
75 64 24
4
103 83 2
107 74 5
96 79 7
89 91 13
0
2
71 48 1
51 40 17
2
141 92 12
81 59 16
1
110 96 10
2
78 61 4
92 84 10
0
1
94 59 22
2
90 77 7
25 23 13
0
2
79 68 13
94 78 15
2
96 74 5
59 55 11
1
124 109 9
1
79 62 15
0
0
3
108 99 10
98 90 13
92 75 15
0
1
100 87 11
0
3
84 60 1
70 66 12
115 91 17
1
120 96 9
0
0
4
76 50 4
60 56 8
73 47 17
80 66 24
3
90 66 9
113 94 18
100 85 19
1
82 62 21
0
0
1
94 59 17
1
99 74 12
1
99 88 17
1
84 77 15
0
3
94 92 7
119 82 8
91 74 19
1
77 54 19
0
0
1
80 59 1
0
1
114 93 19
1
93 79 11
3
73 66 13
111 80 15
112 93 17
1
88 67 10
2
78 54 1
92 81 18
0
0
3
72 62 13
114 99 15
106 99 19
2
123 98 13
111 112 16
1
110 94 13
1
137 91 21
2
120 107 5
70 58 13
0
3
108 92 6
62 51 12
73 76 16
2
88 78 5
121 111 10
1
94 58 11
1
112 91 12
1
98 74 12
2
141 113 1
100 83 16
2
108 82 16
99 73 20
1
105 92 22
0
1
97 92 21
1
88 72 10
1
82 69 15
3
111 105 19
97 78 21
97 94 22
2
116 80 5
73 62 9
2
99 74 10
85 62 15
0
0
0
2
109 94 8
106 86 13
3
107 92 5
110 93 16
92 77 17
0
2
74 54 19
82 71 22
3
108 112 0
83 58 10
80 70 19
0
1
80 59 0
1
125 91 18
1
90 60 17
0
2
136 120 12
102 79 22
1
136 92 20
2
69 47 14
134 114 15
0
0
1
85 68 9
0
2
80 60 12
89 79 19
2
111 78 8
88 77 13
0
1
106 76 17
4
53 43 0
119 116 1
114 107 5
132 110 15
2
92 81 7
119 85 15
1
115 94 8
1
88 87 15
2
120 95 1
101 75 17
2
129 116 8
105 79 15
2
112 84 10
84 83 18
1
87 62 22
1
52 41 7
1
78 69 22
2
109 90 7
59 46 12
1
125 113 13
1
74 55 3
2
59 35 5
90 71 12
2
124 96 15
108 78 21
3
101 88 0
115 91 16
95 73 19
2
110 76 8
117 95 16
2
111 80 6
60 47 21
2
101 80 11
118 84 20
1
84 68 12
5
84 80 1
114 100 9
81 60 10
103 77 14
85 65 22
0
1
101 78 15
1
125 114 1
2
66 51 18
124 96 22
1
83 73 14
5
120 106 0
78 59 5
112 93 11
101 97 15
91 70 21
1
74 61 15
2
138 98 6
132 94 15
1
72 60 16
0
2
133 97 10
78 52 12
0
1
114 93 16
5
108 86 9
119 81 11
109 79 15
129 104 19
79 64 23
0
1
103 85 18
0
2
119 97 10
101 78 16
0
2
122 111 9
123 90 16
1
131 94 13
0
4
144 125 12
124 97 18
115 69 19
123 96 20
2
99 63 19
94 83 24
1
122 126 8
2
95 69 7
94 72 15
2
129 89 8
106 76 21
1
144 116 8
0
4
134 108 1
112 74 2
135 120 4
47 32 22
1
103 80 22
0
1
92 65 22
1
81 68 12
2
145 120 1
106 81 8
1
94 81 17
0
2
166 129 5
124 113 11
3
103 94 1
97 80 15
110 74 17
0
2
103 70 12
100 58 16
3
155 143 2
74 65 5
79 57 19
2
80 68 0
131 124 13
0
1
91 82 8
1
96 89 5
0
1
93 75 11
0
1
121 88 20
1
94 80 7
2
132 108 10
119 93 15
4
146 126 0
129 94 14
106 68 20
117 90 21
0
1
107 76 19
0
2
108 94 1
103 88 23
3
147 108 1
104 52 6
106 80 11
3
153 148 5
129 103 11
95 69 15
1
121 90 5
0
2
133 105 15
92 63 16
2
151 134 6
133 97 11
2
146 120 1
89 59 12
0
1
134 127 13
1
119 94 8
2
123 103 7
149 134 19
2
95 68 13
127 87 17
2
134 103 16
112 99 17
0
1
119 89 22
4
121 100 7
145 105 10
92 75 17
137 108 22
4
62 44 1
114 78 8
164 138 17
111 64 19
0
2
109 95 1
113 106 8
0
2
86 67 11
84 76 18
1
114 105 20
1
123 111 10
0
2
101 63 7
81 63 21
2
108 74 15
103 93 16
0
0
0
1
153 121 20
2
111 84 9
153 144 16
0
0
1
109 72 5
0
3
141 130 0
137 112 17
163 127 22
3
123 85 8
126 121 13
120 93 15
1
133 111 7
2
156 123 5
99 97 15
2
113 106 7
135 117 13
3
122 99 1
131 137 10
147 121 19
0
0
2
172 137 7
103 78 11
2
111 102 13
140 120 22
2
138 89 12
93 75 13
2
117 108 7
115 102 20
0
4
104 96 0
109 95 10
102 84 11
117 97 15
2
162 145 0
89 73 12
0
2
135 112 4
113 107 10
3
122 110 1
116 70 7
145 111 18
3
114 89 0
136 123 19
123 107 22
2
76 71 9
98 70 20
2
121 109 0
163 140 5
1
109 81 19
1
119 90 13
4
164 120 5
169 123 6
159 149 11
132 104 20
1
163 148 15
3
99 101 15
127 107 19
140 96 24
0
2
138 111 0
92 72 11
1
122 102 1
1
111 84 24
2
114 99 8
109 85 16
1
138 108 7
3
97 77 5
127 112 13
59 52 15
1
108 97 5
0
2
97 75 13
114 91 23
2
103 83 1
137 93 14
1
103 75 8
0
2
119 77 13
115 63 16
1
103 88 14
1
146 126 8
2
88 76 11
140 115 17
0
0
2
109 80 4
113 71 12
0
2
134 118 5
112 69 21
1
117 68 16
1
102 87 2
1
164 109 13
2
154 120 1
127 80 5
0
1
124 107 7
2
142 103 5
116 73 19
1
80 62 19
1
122 91 7
2
125 112 17
134 93 20
0
3
130 100 0
96 71 8
79 53 16
0
1
87 77 15
1
132 92 8
1
115 89 17
0
1
126 92 4
3
126 98 5
109 83 6
98 90 11
1
118 82 13
1
118 95 2
1
129 103 11
1
134 95 5
3
112 91 1
163 129 3
74 66 10
5
154 131 4
148 141 8
125 104 11
111 82 13
118 88 16
2
157 122 6
154 147 20
1
75 71 12
1
147 116 13
1
156 130 1
1
99 75 7
1
149 114 20
3
126 84 5
112 83 16
142 120 18
1
198 178 23
2
158 106 5
145 145 8
0
1
132 107 18
1
134 82 12
1
130 95 13
1
96 65 21
2
95 67 11
142 136 16
3
188 140 2
89 70 8
188 154 13
0
0
0
1
105 72 20
1
102 87 20
1
138 110 19
1
102 92 18
2
148 110 11
122 102 20
3
191 138 12
163 143 13
183 189 22
2
112 110 7
156 115 10
1
168 143 17
2
140 76 8
113 87 10
1
144 117 17
2
93 82 15
152 141 22
1
105 70 12
3
152 116 10
117 88 13
152 114 23
1
111 73 20
2
140 80 0
177 163 4
1
168 129 3
1
126 89 13
2
151 107 5
143 120 8
2
150 93 2
121 93 15
2
146 137 7
111 98 16
0
1
174 149 15
2
122 92 20
144 119 22
0
1
67 65 21
0
1
210 163 15
1
130 122 10
0
4
110 87 0
162 147 1
167 143 14
92 79 18
0
1
174 117 0
1
132 110 10
1
188 141 12
1
126 97 15
1
177 142 16
1
173 148 4
2
135 86 2
115 124 19
0
3
173 101 0
142 107 7
166 111 23
0
1
118 110 8
1
151 120 22
2
91 60 9
117 64 16
2
148 113 17
153 137 20
2
117 102 8
129 132 17
0
1
122 116 22
1
126 103 5
1
135 106 17
1
133 98 6
3
85 61 6
165 136 11
197 180 20
1
184 104 0
1
131 122 7
2
170 119 8
120 89 18
0
1
183 141 15
2
155 129 0
144 86 8
3
179 148 12
128 88 19
159 127 24
0
2
100 77 11
141 123 24
2
127 119 7
141 122 17
4
68 56 9
81 66 11
109 73 17
191 159 18
2
159 114 6
168 137 20
1
182 151 5
0
2
128 121 8
187 159 19
2
133 93 7
139 111 21
1
116 64 13
1
197 177 12
1
179 114 23
0
2
101 82 10
159 128 13
1
166 141 16
0
3
128 103 10
187 132 11
147 130 12
1
205 184 8
2
152 109 1
159 109 15
0
0
0
0
0
1
134 130 12
3
104 98 7
154 118 13
150 99 21
0
0
0
0
1
164 150 0
4
145 120 1
119 96 6
127 128 15
149 119 22
1
148 130 16
4
173 108 7
164 139 16
107 88 17
142 102 22
5
144 127 6
117 103 11
129 104 13
118 96 18
162 129 22
5
216 152 0
169 140 11
137 101 17
106 92 18
189 171 19
1
155 116 7
1
144 108 1
1
127 109 22
1
146 106 1
1
170 126 18
3
163 121 13
142 118 15
161 137 17
1
143 116 17
0
2
195 134 7
146 118 21
2
223 209 0
174 131 21
1
120 88 17
4
121 105 8
145 136 12
145 114 17
164 131 22
1
125 134 7
1
145 108 21
0
3
146 108 1
195 192 3
111 100 21
2
180 150 10
173 141 14
3
90 81 0
132 98 18
220 176 19
2
121 90 15
145 89 23
5
98 69 5
160 122 8
140 96 11
157 118 13
176 110 22
0
1
141 123 22
2
114 94 5
141 125 9
2
124 111 7
157 119 22
0
1
145 128 21
0
1
85 55 1
2
168 115 7
147 116 17
0
0
1
213 142 22
2
218 169 7
168 120 11
1
157 137 24
2
161 135 5
181 134 19
4
109 85 7
173 157 15
166 119 21
139 116 22
2
93 73 0
148 100 17
4
106 73 5
81 69 13
178 144 19
123 95 22
2
146 111 15
185 188 19
0
0
1
179 129 4
0
1
126 98 5
0
3
143 116 4
203 168 10
170 115 18
3
172 140 13
130 97 16
127 110 21
2
117 78 20
170 124 22
1
148 97 5
2
171 141 12
172 150 16
0
1
199 156 14
0
0
2
158 101 0
149 91 15
2
188 128 15
138 127 16
2
151 123 11
169 151 13
1
176 144 9
