6 8 7 2 7 8 4 2 2 2 7 5 5 4 5 6 3 2 6 6 1 4 5 6 1
0
0
0
0
2
9 7 4
4 4 13
0
1
10 8 15
0
1
9 7 11
0
2
8 6 5
8 5 18
0
1
14 11 3
6
3 2 2
10 7 4
9 7 5
9 7 10
11 9 15
7 6 18
0
4
9 8 0
9 7 1
10 6 10
9 7 23
4
9 5 13
10 6 15
8 6 19
7 4 21
0
0
1
8 7 0
0
2
7 4 1
7 6 13
0
2
15 12 0
12 7 11
1
12 9 22
1
13 12 10
1
7 5 19
2
11 9 0
11 8 5
1
13 8 5
0
0
0
1
16 13 17
0
1
14 10 1
0
1
10 7 9
0
0
0
1
13 9 11
0
0
2
16 13 5
10 9 7
0
1
16 13 21
1
12 9 8
2
15 12 14
11 8 18
1
12 9 16
1
12 11 4
0
1
17 11 10
0
2
12 9 13
13 11 22
1
14 12 12
2
21 14 0
15 9 22
2
19 15 10
17 11 18
0
1
18 11 3
2
16 12 6
20 14 14
0
2
14 7 11
16 13 19
1
13 12 14
0
2
18 19 2
13 11 6
2
23 19 1
12 8 2
1
18 13 4
2
17 14 11
15 13 23
1
15 10 4
1
16 14 6
2
18 11 13
28 24 22
2
17 14 14
20 15 18
1
18 11 12
2
19 13 0
11 9 15
1
11 9 12
2
11 8 10
18 17 12
2
21 15 5
24 19 10
0
0
1
24 17 19
0
0
1
19 16 10
2
19 16 5
15 11 10
1
16 13 17
4
26 24 2
20 17 9
25 16 17
21 19 21
1
22 16 14
0
1
24 20 12
1
18 10 22
0
1
32 26 10
1
26 17 5
1
22 12 18
0
3
21 20 1
19 12 4
18 16 23
1
23 18 22
1
17 16 23
3
26 18 3
26 26 10
24 18 15
2
30 28 4
18 18 14
2
21 11 2
27 21 22
1
24 18 10
2
25 16 10
27 22 18
0
0
1
19 15 15
2
14 11 3
26 19 10
2
32 25 2
20 17 11
0
1
25 19 2
1
22 14 10
0
3
24 19 6
20 17 12
21 19 23
1
31 21 10
5
20 16 0
22 16 10
39 35 13
23 18 15
21 15 18
2
28 25 0
19 14 5
0
1
23 18 10
4
21 13 9
24 18 11
33 23 14
30 25 15
2
19 19 13
25 18 19
1
29 22 10
2
29 15 18
28 24 19
1
30 24 2
2
30 21 0
18 15 1
0
1
18 14 12
2
26 18 0
25 26 21
1
20 15 13
0
2
34 27 21
29 26 23
0
2
22 17 4
35 34 10
3
22 15 5
22 15 12
29 21 17
0
1
27 18 2
3
30 24 14
34 28 22
21 15 23
2
28 24 10
20 17 22
1
23 18 12
1
29 30 22
1
36 28 15
1
27 20 11
1
32 25 19
0
2
31 28 4
20 18 19
2
26 20 4
24 25 12
1
27 18 18
0
1
23 15 11
1
34 24 12
5
29 20 6
36 30 7
36 29 8
30 25 11
26 19 18
2
25 18 10
37 27 23
2
24 18 14
28 14 23
1
29 29 13
2
34 32 5
29 30 19
2
31 23 18
30 21 22
3
13 8 3
26 22 18
36 35 19
0
2
27 23 2
23 16 14
0
0
6
27 22 1
24 18 4
23 18 10
33 23 12
29 22 14
17 14 22
0
2
43 29 19
24 15 21
1
12 9 0
0
0
0
0
3
43 33 6
20 17 10
31 31 19
0
2
45 40 7
43 36 22
1
45 34 18
2
29 22 14
28 22 17
2
38 40 1
27 23 22
3
43 31 1
36 29 3
34 27 11
1
24 17 12
1
28 21 5
0
0
1
33 28 1
0
1
28 28 5
1
37 27 21
2
28 22 22
36 28 23
0
1
43 36 15
0
1
39 35 1
0
1
29 20 19
2
39 36 12
40 29 15
1
17 11 17
1
29 20 18
1
23 16 12
1
41 26 1
0
1
24 17 1
0
0
1
39 24 2
1
31 23 14
0
1
37 28 5
2
36 26 15
41 32 23
1
33 31 14
2
34 28 10
45 41 16
0
2
35 32 10
35 27 12
2
43 32 1
53 35 10
2
45 34 2
28 23 19
2
43 31 3
38 34 16
1
31 23 18
0
0
2
32 24 9
35 20 18
1
42 45 23
0
1
44 29 2
1
47 34 2
1
54 39 4
2
58 52 2
28 23 9
0
1
39 31 0
0
2
51 49 5
32 25 18
1
45 41 4
0
1
41 36 15
2
28 20 18
42 33 23
1
37 29 14
3
43 36 6
37 26 12
45 37 21
3
32 26 4
40 27 14
44 32 21
0
1
40 27 19
1
42 32 10
0
1
39 29 4
1
35 31 4
1
35 20 0
1
50 40 4
0
3
42 26 4
54 38 15
32 27 19
2
37 32 1
34 28 21
2
58 48 10
44 40 19
0
1
58 41 15
2
56 40 12
42 33 23
2
40 29 15
49 39 22
1
47 36 11
1
54 38 9
1
38 29 11
1
17 17 23
1
58 39 6
0
1
27 19 12
0
0
1
42 37 14
2
37 26 3
38 34 4
0
0
0
0
1
31 23 19
2
44 28 10
53 39 14
0
0
0
0
2
55 47 3
32 34 21
1
53 46 22
2
30 21 1
36 25 4
1
35 29 4
1
47 38 13
0
0
0
1
64 56 23
0
2
57 50 14
53 48 15
5
60 42 1
34 28 7
39 27 8
24 18 11
54 36 19
0
0
3
35 24 4
57 51 17
50 47 18
1
52 40 22
0
0
2
47 33 1
52 33 17
2
28 24 5
64 58 19
0
2
48 38 10
40 34 24
1
60 42 19
4
45 48 4
47 32 6
80 52 15
44 34 18
0
3
60 49 1
67 48 4
45 39 15
1
40 29 5
0
0
2
45 36 4
51 39 6
2
61 50 4
46 37 14
1
48 29 4
1
57 44 12
1
56 44 11
1
69 59 5
1
55 43 6
3
61 53 1
45 29 5
56 52 10
2
48 34 1
42 34 14
1
65 57 13
1
45 36 2
1
59 45 5
1
53 38 18
1
63 53 9
2
68 41 14
50 43 18
1
56 51 19
1
45 36 21
0
2
51 40 2
54 52 14
0
2
52 43 4
39 32 22
3
63 51 5
57 48 8
54 50 15
0
2
56 47 9
48 31 10
4
48 51 1
42 29 3
63 45 23
65 56 24
2
59 45 1
47 32 22
0
1
43 37 1
2
58 48 12
54 30 13
1
46 38 14
0
2
74 57 8
53 43 18
0
0
1
62 49 15
1
49 34 21
0
0
0
2
56 44 15
66 48 21
2
70 63 5
61 45 13
0
1
79 54 3
2
57 41 11
59 41 13
0
1
56 49 11
0
1
50 38 21
3
79 47 2
53 35 21
38 40 24
0
1
60 53 0
0
3
53 47 5
44 42 13
74 60 16
0
1
67 61 17
1
68 52 19
1
63 54 1
1
39 32 23
1
70 63 10
0
1
78 51 1
0
2
56 51 13
71 63 21
3
69 59 8
48 36 10
76 43 21
1
75 59 21
1
71 74 19
1
51 36 14
1
45 29 15
1
59 49 4
1
63 43 0
1
50 42 10
1
44 36 19
1
56 51 8
2
66 41 11
61 54 19
0
1
60 59 18
1
57 40 1
0
0
1
41 35 23
0
1
63 60 16
1
46 41 2
1
79 61 24
0
2
59 49 1
92 81 23
1
58 41 4
0
3
49 46 1
67 54 11
54 38 19
0
0
0
4
77 57 10
57 47 13
59 50 15
48 40 19
1
66 51 15
1
78 62 0
0
3
50 39 5
61 61 11
70 60 21
1
63 36 14
2
38 25 0
69 63 18
1
65 41 0
0
3
65 50 0
59 39 15
87 88 19
1
58 43 10
1
56 43 1
1
62 45 5
0
0
2
82 58 1
65 45 11
3
82 66 2
82 59 7
77 65 11
0
0
0
2
57 51 2
78 61 23
3
60 55 11
73 54 16
75 45 21
1
51 41 11
2
64 45 1
64 37 7
0
2
52 40 5
62 51 16
3
50 34 4
87 65 10
75 51 21
1
88 78 11
3
67 41 5
63 46 14
52 32 15
1
51 39 21
3
73 66 6
78 75 7
50 38 13
2
85 68 2
67 57 5
1
71 67 4
1
73 59 17
1
110 97 21
0
2
84 79 12
76 56 15
1
93 70 16
0
5
85 69 5
89 63 6
79 64 12
49 39 14
67 61 22
0
1
83 69 0
1
71 63 9
2
90 81 1
66 43 11
2
66 50 12
81 72 17
2
66 55 11
65 53 17
1
86 58 2
0
3
68 49 10
67 56 13
66 54 18
5
62 45 1
58 42 4
50 35 10
63 57 18
94 66 22
1
86 54 9
1
63 50 23
2
38 30 5
63 58 17
0
0
0
0
1
59 54 12
0
2
93 76 13
52 45 15
1
70 53 16
0
1
80 72 1
1
68 54 5
0
1
81 63 2
4
91 71 2
52 44 5
81 72 8
88 84 10
1
97 79 15
1
66 57 10
1
72 50 15
3
92 62 2
61 39 7
83 69 10
4
95 80 3
95 82 4
81 64 20
77 55 23
1
95 68 19
1
77 53 14
1
78 58 22
1
74 61 14
1
82 55 8
0
1
55 44 23
3
94 84 6
49 45 12
95 75 15
1
84 66 21
1
75 67 12
0
1
81 69 18
0
0
1
89 66 9
3
70 50 5
50 42 8
99 85 16
1
47 38 23
2
72 57 17
66 56 23
2
91 89 4
63 58 19
0
1
84 44 23
1
101 81 1
3
83 55 7
56 52 15
99 81 18
0
1
113 101 16
0
0
0
1
51 38 0
1
74 58 14
0
2
54 43 1
73 56 8
1
54 38 22
1
79 56 4
1
57 48 11
1
59 43 0
0
2
98 81 0
65 56 2
2
73 70 4
102 70 10
0
2
27 16 0
94 82 12
1
65 57 2
2
91 88 17
72 63 22
2
93 78 11
88 83 14
1
89 82 21
3
101 84 12
64 57 13
120 110 23
0
2
70 58 10
81 57 23
2
66 50 1
85 50 4
0
0
2
85 69 12
69 60 14
0
0
0
3
110 67 1
110 94 5
69 57 6
2
86 57 5
100 80 21
0
3
100 97 0
54 43 15
94 84 21
1
48 33 5
1
77 63 2
3
86 68 0
71 58 5
81 69 7
1
80 70 19
0
0
0
1
93 69 7
1
99 76 18
1
85 59 5
1
84 62 19
1
113 97 16
1
89 78 15
1
94 86 5
0
0
0
1
81 64 12
2
114 94 10
119 110 18
1
73 58 14
0
0
2
86 71 5
109 101 23
1
87 93 1
1
104 83 1
1
86 65 13
0
1
123 88 2
0
2
60 51 5
77 70 10
1
83 66 15
1
84 72 6
0
1
70 59 7
0
3
103 83 6
89 60 12
69 51 22
1
68 50 2
0
1
91 78 4
1
119 103 10
1
71 48 10
2
70 59 15
66 55 17
1
92 69 5
1
95 78 24
1
110 95 6
0
0
0
2
100 86 5
103 78 17
1
89 73 2
0
0
1
103 71 4
1
83 67 11
0
1
85 68 14
1
97 70 18
0
2
90 64 18
100 88 23
0
0
1
62 47 5
0
0
0
1
121 113 16
1
88 58 14
2
104 75 4
101 73 11
2
135 118 8
90 84 16
1
104 110 0
0
3
39 31 1
109 88 12
77 74 18
1
81 56 11
2
97 76 1
106 97 13
2
100 83 18
107 86 19
0
2
103 96 4
79 55 12
0
0
1
92 92 6
0
0
4
105 83 2
112 79 4
108 87 7
73 50 22
0
2
102 89 12
86 63 23
0
2
89 69 0
135 92 14
0
1
93 68 5
0
3
111 82 10
41 34 18
110 79 20
1
109 75 4
1
95 68 8
1
133 112 11
2
122 100 10
91 57 11
1
79 65 19
0
1
72 64 4
1
87 77 18
1
97 77 1
1
101 71 23
1
81 56 2
2
83 57 1
91 76 11
1
103 92 0
1
98 67 15
1
95 101 3
3
88 68 0
127 97 6
136 76 13
1
112 101 3
1
99 64 22
3
82 62 4
59 42 6
73 53 12
0
1
125 93 0
3
57 42 10
88 87 15
66 48 23
1
95 80 24
0
0
1
96 76 10
1
90 72 17
1
62 42 7
2
92 84 22
137 107 23
2
82 58 0
110 93 2
0
3
89 66 5
119 96 8
111 83 19
1
106 80 18
3
110 80 1
130 138 2
111 86 10
2
110 102 5
107 78 14
0
3
95 82 10
103 70 16
80 63 19
0
1
64 50 21
0
1
84 51 2
1
101 76 9
1
84 55 21
0
0
2
151 112 12
86 58 19
0
0
2
111 94 0
75 63 8
0
2
65 45 6
61 61 10
1
111 93 19
2
113 104 5
60 50 18
1
87 78 11
1
86 70 4
0
1
120 92 5
1
104 74 22
1
164 158 2
3
107 85 5
106 78 12
101 80 19
1
145 103 10
0
2
133 74 5
127 109 10
1
139 128 15
1
104 100 19
0
2
103 76 7
128 111 21
1
88 64 20
2
116 92 1
126 95 22
2
153 93 11
112 81 15
0
1
105 73 4
0
3
127 80 2
91 73 11
94 73 14
0
2
112 85 17
130 96 21
0
0
1
91 76 21
0
2
130 91 4
117 101 6
1
120 98 15
0
1
191 151 10
1
151 124 14
3
137 98 0
112 87 2
145 117 18
3
135 100 0
184 122 2
100 78 12
1
84 73 1
2
103 94 16
111 85 18
2
114 97 13
85 67 18
1
134 99 4
0
1
101 88 2
1
115 113 23
1
121 87 22
1
98 79 2
1
96 79 23
2
117 99 4
124 81 23
0
0
1
144 124 21
1
101 58 15
1
131 115 2
0
1
99 92 2
2
128 127 3
124 115 4
0
1
98 76 1
3
112 84 17
170 143 18
63 55 19
1
109 83 21
0
0
0
2
106 86 5
148 118 10
1
117 93 1
2
116 94 10
136 97 22
1
63 53 19
1
140 105 18
2
86 84 2
46 37 9
3
118 92 1
133 103 7
148 122 18
0
0
1
133 88 23
1
122 95 0
1
116 90 6
0
0
2
110 93 10
134 88 17
0
2
113 100 11
141 115 13
0
1
96 68 18
0
2
121 120 22
95 95 23
2
133 103 2
61 57 6
1
133 91 1
2
148 94 2
43 39 11
0
0
1
138 115 14
0
2
111 100 10
101 80 13
0
1
161 148 19
2
130 107 2
136 116 21
3
126 82 1
92 73 13
134 123 21
1
125 74 19
1
105 93 18
0
0
0
2
132 126 5
138 116 19
2
112 88 0
178 131 1
1
94 80 22
0
0
1
124 78 0
1
153 106 18
1
217 156 1
2
137 108 10
100 89 15
1
140 122 16
0
0
0
1
122 104 10
1
116 90 5
1
139 105 21
1
119 90 5
0
1
84 77 18
1
112 89 22
3
64 49 13
125 121 15
129 105 21
1
115 99 18
2
141 84 18
96 85 21
1
158 129 1
1
83 60 10
1
112 87 22
0
1
105 97 23
0
1
171 144 0
2
152 110 0
152 133 14
0
2
174 133 18
132 120 20
1
161 120 2
2
125 88 8
71 66 23
1
124 109 4
2
124 106 18
186 167 22
1
147 116 11
0
1
151 123 13
2
143 113 4
98 93 23
1
121 106 15
0
2
103 86 1
130 90 3
2
188 151 15
127 91 23
4
135 117 0
78 52 2
145 128 5
125 97 14
2
90 76 0
120 84 19
2
67 50 5
101 67 12
1
120 108 6
0
1
119 75 2
1
179 177 17
1
91 63 1
1
139 121 19
0
0
0
1
140 105 11
0
1
97 83 15
0
1
166 144 14
3
104 82 5
96 64 8
108 87 14
2
128 93 14
165 121 17
3
128 89 4
120 113 10
148 107 20
1
132 106 6
1
116 82 2
0
0
2
145 119 4
125 98 13
3
164 126 1
133 91 4
92 70 12
3
121 103 2
147 93 21
118 86 23
1
121 105 5
2
147 138 6
144 128 23
1
168 143 2
0
2
99 76 5
168 150 15
1
131 108 1
1
127 104 11
1
142 105 14
1
91 80 14
0
3
144 137 4
85 79 5
163 126 14
1
109 67 17
0
3
149 78 1
132 100 14
94 84 15
0
0
0
1
117 90 10
1
153 128 20
1
127 101 18
1
127 114 11
1
81 66 4
1
130 97 1
2
117 107 20
95 71 21
1
147 118 19
0
1
190 146 1
0
1
105 71 0
2
127 113 2
71 61 5
0
1
141 101 23
0
0
0
2
105 88 0
152 121 18
1
137 127 5
1
121 110 2
0
1
150 118 5
3
168 109 1
94 77 16
135 105 23
1
141 107 15
0
0
2
164 131 13
150 129 14
3
155 142 9
145 128 10
184 176 18
2
158 129 14
113 100 24
0
4
132 108 0
159 114 1
109 73 10
160 136 22
1
142 120 5
1
117 77 10
3
130 123 0
126 106 1
167 130 4
2
192 141 4
131 121 5
0
2
156 128 2
126 111 14
0
0
2
120 96 6
112 81 21
2
116 95 5
133 129 23
1
120 113 10
0
1
128 121 9
0
0
0
3
133 128 0
189 178 6
104 83 16
2
162 138 1
156 145 16
1
150 127 2
1
174 169 2
0
3
188 146 4
109 73 13
149 81 23
1
141 88 5
1
122 92 2
3
149 158 2
120 96 8
172 121 11
0
2
196 162 5
175 154 13
2
145 118 1
120 97 16
0
0
0
2
103 80 6
201 156 15
3
132 107 0
124 92 1
132 111 22
1
155 123 19
1
130 104 19
1
158 141 19
1
94 82 22
1
140 119 12
3
135 92 18
210 137 21
172 138 22
2
113 88 12
175 136 23
2
146 116 11
171 124 15
2
151 116 19
128 117 23
1
111 81 13
1
89 70 5
1
139 123 1
1
186 170 2
1
100 83 13
2
142 111 16
122 100 21
3
205 155 0
175 149 7
180 120 12
1
136 102 3
1
140 114 18
3
172 151 8
113 110 18
145 99 21
1
195 144 2
0
2
112 98 13
178 151 18
0
1
143 102 14
2
151 120 5
154 129 7
1
82 62 23
2
150 108 6
159 103 15
2
212 174 10
133 121 13
1
106 89 2
0
3
120 91 3
169 142 11
176 130 19
1
176 167 0
0
0
0
2
157 136 14
138 94 22
2
159 125 6
165 153 15
1
138 107 4
3
181 157 1
148 134 11
224 189 18
0
2
188 174 3
140 120 22
1
182 151 12
1
103 98 11
0
1
154 136 4
1
171 152 17
1
142 133 19
3
134 91 10
157 136 18
152 132 20
1
169 121 4
1
145 114 14
2
150 138 4
109 79 15
0
1
143 121 7
0
2
155 131 4
125 100 18
1
178 177 9
1
142 94 21
0
1
194 160 14
0
1
98 65 11
1
164 117 1
0
2
145 118 14
221 167 21
0
0
1
166 136 21
3
158 131 6
174 154 8
130 83 19
1
101 83 0
1
186 149 12
2
162 113 4
146 128 19
3
147 116 1
138 97 3
127 107 22
0
0
0
0
1
137 132 18
1
158 119 14
2
150 106 0
160 149 4
0
1
145 108 22
1
127 83 10
1
244 187 16
