3 5 4 4 5 4 1 5 8 5 6 7 2 7 3 5 8 7 3 2 3 2 1 1 7
2
6 6 2
10 8 3
1
9 7 4
0
1
5 4 9
2
9 7 11
8 6 16
2
10 9 4
7 5 17
2
7 7 8
8 6 11
1
7 6 3
0
0
1
11 9 20
0
2
9 6 8
9 7 16
1
7 4 19
0
1
10 8 5
2
8 5 16
6 5 17
0
1
5 4 8
0
2
11 10 19
9 7 20
0
1
8 5 5
0
2
10 8 11
7 6 24
0
0
1
15 10 11
1
12 9 10
0
0
1
11 9 13
1
12 10 24
0
0
2
8 6 4
12 11 11
1
10 8 24
2
12 8 11
11 10 24
0
0
1
16 14 21
1
10 8 18
0
0
0
3
10 9 11
14 12 12
13 9 14
0
0
2
16 12 2
14 12 16
2
22 19 5
9 7 17
0
3
16 14 8
12 9 16
16 14 24
1
16 12 4
0
0
0
1
17 10 15
2
24 22 10
19 15 17
2
14 13 2
13 9 4
1
18 14 11
1
15 13 9
0
0
1
14 12 18
2
11 9 12
21 15 16
1
16 14 13
0
1
12 9 10
2
18 11 2
17 14 11
1
21 13 16
4
17 13 5
20 16 8
20 19 16
21 21 24
0
3
14 10 5
20 11 7
12 10 8
0
1
11 8 3
1
18 14 8
0
2
20 16 3
16 11 20
1
17 12 2
1
13 11 4
1
17 14 8
1
18 16 17
0
4
18 15 2
26 26 10
21 19 11
25 23 15
2
20 14 15
17 12 21
0
0
1
16 11 24
0
1
21 16 20
3
21 18 3
22 18 13
9 7 24
0
0
1
22 17 10
1
21 17 14
1
19 18 2
1
19 16 23
1
21 20 14
1
30 26 18
1
18 14 16
2
19 16 11
16 13 12
1
22 15 20
2
18 17 11
17 13 13
1
21 16 10
0
1
14 13 24
1
22 18 20
2
18 14 1
15 13 18
1
26 17 3
2
20 16 9
26 22 11
0
0
0
1
22 17 16
1
24 17 14
0
1
23 19 1
0
2
25 16 11
18 16 18
0
3
25 18 10
30 25 11
31 27 16
2
21 15 4
27 20 8
1
25 18 24
3
31 21 3
24 17 7
24 19 12
0
3
27 16 0
16 12 9
29 25 13
3
34 30 8
32 23 15
20 13 16
0
1
23 15 11
0
0
4
19 16 8
21 17 10
29 29 12
24 21 19
0
3
34 31 3
38 27 11
26 22 17
3
26 23 11
33 25 17
21 18 18
0
1
32 28 19
1
24 17 4
2
41 34 11
32 21 17
0
1
37 34 1
0
2
27 21 7
30 29 14
0
0
1
31 27 9
2
34 26 9
27 20 13
1
26 22 17
0
2
25 18 17
37 31 24
3
32 29 0
33 28 9
37 32 16
1
24 17 7
0
0
1
26 17 24
1
30 29 12
2
23 17 13
24 15 15
2
33 27 3
27 22 5
2
24 21 3
39 25 8
0
0
2
32 29 1
19 15 23
3
27 15 1
41 28 16
36 28 21
0
0
1
23 15 4
4
30 29 1
30 24 10
30 26 15
33 20 16
2
46 38 7
26 19 22
1
52 43 10
3
32 26 3
31 26 16
26 21 20
0
2
37 24 5
42 37 9
1
33 22 9
1
35 30 18
0
1
39 33 16
2
29 24 1
25 19 24
3
44 37 0
35 29 7
46 31 11
0
0
2
32 24 0
37 26 15
0
0
0
2
36 32 2
46 41 7
1
46 42 16
0
1
32 25 24
1
31 27 15
3
49 31 1
38 33 15
33 30 20
0
1
26 20 13
2
22 20 4
34 26 20
0
0
1
37 29 19
2
34 23 16
43 32 20
3
39 33 0
21 16 20
24 15 24
2
41 34 8
35 28 15
0
2
39 29 4
26 22 7
0
3
41 38 2
37 33 7
42 39 13
0
1
41 29 16
1
40 26 10
0
1
16 15 8
0
1
43 32 16
1
34 30 8
1
58 47 15
1
40 33 14
1
50 39 13
0
1
43 37 15
3
30 23 1
32 18 8
44 37 11
2
40 39 3
44 29 9
1
48 33 10
0
3
42 35 1
44 36 7
49 43 16
1
38 28 14
0
2
37 24 10
43 39 11
0
0
2
32 21 9
41 27 19
1
49 50 8
3
61 54 8
31 25 16
29 23 17
0
0
1
41 32 14
2
32 21 7
39 28 11
0
1
50 43 5
0
0
2
45 33 16
54 29 24
2
52 38 3
46 37 15
0
1
49 33 4
1
50 38 2
1
55 40 18
0
2
49 43 4
32 24 17
0
3
45 33 8
51 37 9
62 54 23
1
35 31 10
2
34 30 13
47 33 18
0
0
1
61 54 17
2
41 26 7
58 49 16
0
1
50 47 6
0
0
1
44 31 16
2
45 37 3
33 31 11
1
69 52 0
2
47 38 4
45 37 7
0
0
1
35 35 3
3
32 20 8
48 40 16
54 44 23
0
0
1
42 34 11
0
0
0
1
59 45 8
1
57 48 19
0
2
32 22 8
56 35 15
1
49 47 13
0
0
3
29 25 5
57 51 20
38 33 24
0
3
63 47 2
46 32 10
46 34 16
1
43 31 3
2
45 37 7
55 50 15
0
1
69 63 15
0
2
54 45 3
55 51 18
2
31 28 2
34 19 8
1
56 36 10
0
2
60 53 11
53 46 17
0
2
48 37 8
44 38 16
1
35 29 24
2
45 37 2
41 33 9
0
0
1
48 34 5
2
58 56 2
46 31 11
1
62 43 0
1
44 36 1
4
60 40 2
33 27 8
70 53 21
42 32 24
0
0
0
0
1
43 36 4
2
58 45 4
61 49 8
2
69 50 17
54 38 21
2
49 37 7
50 39 16
0
2
40 25 8
56 52 24
1
42 44 24
0
2
39 32 0
68 61 6
0
2
50 31 13
60 44 17
3
60 62 15
70 47 20
77 71 24
0
1
52 40 4
1
53 49 8
2
69 58 6
64 35 24
1
38 29 7
0
2
78 58 14
65 51 17
2
59 52 1
45 38 10
0
3
53 39 5
69 67 12
57 44 18
1
57 50 7
2
73 51 8
57 44 10
0
1
60 47 12
2
78 67 10
48 37 13
2
53 45 4
58 45 16
1
80 60 10
1
77 72 23
0
2
51 45 0
54 33 11
3
78 72 7
61 50 8
77 61 12
0
0
1
49 36 1
4
66 59 8
73 39 9
52 33 15
57 48 17
0
2
66 59 7
57 44 18
0
0
0
1
76 70 16
0
2
63 51 1
42 42 15
0
1
61 48 14
1
69 57 0
1
50 48 20
1
30 21 8
1
54 42 1
3
62 53 8
60 47 19
57 47 24
0
0
0
1
70 40 7
2
56 50 16
54 41 17
1
58 46 8
2
67 58 11
56 51 17
1
43 33 17
1
56 47 2
0
1
41 31 8
2
58 44 3
51 41 11
2
63 50 12
70 56 13
1
51 45 15
1
58 43 22
3
45 34 10
60 54 11
66 55 17
1
57 53 5
2
77 57 0
59 42 12
0
0
3
34 20 3
81 46 14
67 46 15
1
62 46 8
0
0
2
90 79 4
68 56 16
0
2
62 48 1
56 53 11
3
46 39 4
62 54 9
75 55 17
3
82 76 1
54 42 4
47 44 11
2
77 66 3
56 38 11
2
66 50 1
72 61 24
2
70 53 13
44 32 24
1
69 61 3
0
1
70 56 12
1
40 36 14
1
66 54 15
0
0
1
87 67 0
2
59 52 8
73 66 24
1
56 47 10
0
3
77 58 1
79 59 6
63 56 11
0
0
0
1
65 50 2
0
0
0
0
3
63 55 3
79 64 13
56 45 20
0
0
0
2
58 48 9
87 80 17
1
73 46 13
1
51 36 15
1
58 44 4
0
2
91 59 5
73 61 15
0
1
65 58 1
0
1
54 42 7
1
72 52 17
0
1
93 79 16
0
2
71 53 3
71 63 14
1
62 50 19
1
80 62 8
2
77 59 2
70 52 14
1
92 81 9
1
62 39 7
1
65 44 15
2
46 38 13
90 64 24
0
0
0
2
76 52 6
100 70 16
0
2
69 55 5
73 63 10
0
0
3
74 60 1
54 35 10
74 59 22
1
63 45 17
0
1
62 48 14
0
0
1
68 61 14
1
77 63 24
2
86 65 13
45 27 16
1
84 62 24
3
72 43 11
69 49 13
58 36 16
0
0
3
72 63 0
90 69 13
90 60 24
1
91 64 17
2
55 41 10
58 46 11
0
1
90 70 13
1
57 43 12
5
65 66 2
76 65 10
76 80 13
52 41 17
94 80 24
0
1
68 63 10
1
81 69 24
2
42 40 10
93 84 17
0
1
87 71 3
0
4
62 53 4
110 76 9
76 58 17
81 82 24
1
78 64 24
2
63 48 12
97 77 18
0
0
0
2
89 81 7
81 62 10
0
1
66 58 5
0
0
2
83 71 1
55 53 20
1
97 90 15
2
89 81 1
73 63 20
0
2
108 108 12
58 44 21
2
49 41 0
88 56 10
1
81 53 4
0
1
84 80 17
1
91 75 5
1
88 69 13
1
94 61 16
1
87 69 2
1
74 67 11
0
0
0
3
88 68 0
70 42 11
84 49 18
1
95 83 2
2
85 58 8
106 85 13
0
1
80 61 4
1
71 59 6
0
3
77 68 8
44 41 11
76 49 13
1
100 92 5
1
84 63 19
1
110 96 13
2
64 48 14
90 74 17
1
66 55 14
1
59 54 16
1
58 42 24
5
85 58 2
100 80 4
84 52 14
79 83 18
84 101 24
0
0
0
1
64 48 1
0
2
68 59 0
70 46 17
1
59 52 3
0
1
100 88 17
0
1
41 42 18
1
59 43 3
2
67 57 9
89 62 15
2
69 60 1
90 83 8
1
70 59 14
0
1
81 68 4
4
102 58 8
88 69 10
86 54 15
81 66 16
2
124 96 8
87 54 10
2
75 50 15
73 52 22
4
71 66 1
59 54 4
76 70 14
98 75 16
0
1
95 73 8
1
91 74 23
0
0
1
101 82 9
0
1
104 74 1
0
2
117 97 10
85 71 16
0
2
86 58 11
103 83 17
2
77 59 10
107 74 15
1
98 83 1
0
2
132 90 10
111 80 21
0
1
107 98 1
1
65 56 11
0
1
106 90 8
1
93 72 11
2
129 116 4
43 32 15
1
95 91 23
4
75 62 1
84 51 10
82 71 17
112 83 19
2
70 51 7
81 65 21
0
0
0
0
2
94 75 9
80 83 11
1
111 90 10
1
86 62 7
1
92 68 11
0
1
101 68 1
0
0
2
73 54 4
89 72 23
2
99 76 0
97 75 10
1
84 63 20
2
108 92 3
106 64 4
0
1
105 84 10
0
1
90 74 17
3
96 83 9
111 63 13
101 72 16
1
97 70 20
2
103 81 2
92 82 4
2
104 81 8
142 106 24
0
1
104 80 15
1
135 108 5
2
102 85 7
131 107 8
1
113 97 11
1
49 43 4
2
100 82 14
65 42 19
0
1
76 60 2
1
68 66 21
0
1
95 88 17
2
81 64 16
79 65 24
0
0
0
3
98 79 2
88 69 8
98 66 18
0
0
0
1
133 122 0
3
86 85 1
96 65 3
125 124 13
1
71 57 16
1
73 51 17
2
99 65 10
84 83 13
0
1
114 73 8
0
0
3
101 89 2
112 79 9
110 82 19
4
97 81 4
127 125 11
80 63 14
97 90 15
1
75 54 4
1
86 63 17
0
2
85 65 0
57 46 7
0
2
85 70 5
104 84 18
0
0
1
120 96 24
1
131 114 21
1
102 63 14
1
116 100 19
2
97 78 8
98 90 17
1
133 113 24
0
0
1
97 76 17
0
1
115 93 4
1
80 64 7
1
109 91 7
1
120 84 16
0
0
0
3
96 77 7
104 88 17
136 117 18
0
2
110 91 9
100 93 17
2
121 100 11
110 93 17
2
96 72 9
119 101 17
1
76 47 4
1
61 54 1
2
102 76 7
97 74 8
3
124 118 2
99 85 3
91 62 17
0
3
116 82 7
85 81 12
97 79 24
0
0
0
0
3
88 83 0
96 70 8
134 111 13
0
2
79 67 8
97 75 23
0
4
92 64 2
111 79 10
68 66 16
98 86 24
1
94 82 15
1
96 73 13
4
100 75 0
73 51 4
85 61 8
122 102 9
1
109 78 2
2
84 63 4
101 101 7
1
142 119 10
3
100 69 9
126 104 11
86 71 23
1
114 94 18
1
121 88 9
0
2
91 71 8
118 83 12
1
103 64 5
2
100 89 5
124 100 24
0
1
117 92 10
3
142 138 7
123 113 15
131 95 17
0
2
92 73 9
78 77 16
0
0
2
88 71 18
104 87 24
1
82 64 24
2
89 82 0
153 134 8
1
122 77 13
1
97 84 15
2
106 71 21
129 103 24
2
154 127 1
97 102 8
2
97 91 8
107 81 12
0
0
0
1
126 116 24
3
94 68 8
113 96 10
100 61 13
0
1
106 80 3
0
1
96 68 13
2
104 66 2
95 99 20
1
113 97 2
3
110 66 4
125 111 6
102 100 24
1
132 117 17
2
122 90 13
65 59 19
1
115 96 24
2
82 70 7
91 65 24
6
97 69 8
182 139 9
176 148 10
126 99 11
126 111 12
87 73 16
1
111 93 11
2
122 96 7
134 104 16
1
105 75 4
2
87 78 14
130 108 24
0
1
87 82 12
0
0
2
97 86 4
109 76 7
0
2
143 120 3
81 65 17
0
1
115 81 9
0
2
108 75 16
119 115 22
1
119 96 9
2
110 64 8
135 115 24
2
100 87 1
92 78 11
2
120 95 0
125 109 15
2
102 92 2
145 134 7
4
99 75 5
89 63 13
72 64 15
115 78 24
1
120 95 18
1
161 114 16
0
0
1
128 132 8
0
0
0
4
102 84 7
120 85 8
81 74 9
111 68 15
1
104 88 4
1
110 75 8
0
2
123 110 9
129 109 24
3
122 78 11
104 72 17
109 75 24
1
140 115 9
1
119 74 7
0
0
2
137 103 3
87 71 14
0
0
2
102 82 16
121 89 24
0
1
124 121 15
1
133 91 21
2
97 68 4
135 108 24
3
134 120 8
105 65 13
131 103 15
0
1
105 81 13
0
1
116 98 19
1
94 67 9
1
108 92 3
2
136 111 8
109 86 10
1
121 89 10
0
0
0
1
59 56 8
2
149 112 10
128 119 15
1
89 81 3
0
0
1
131 136 10
0
2
148 139 8
121 91 11
1
121 83 8
1
78 56 17
1
92 62 1
3
115 99 12
101 71 22
96 64 24
1
134 103 21
1
113 71 24
0
1
142 97 3
0
2
141 154 9
115 110 13
2
156 124 7
85 74 9
2
176 151 4
113 76 17
4
118 94 4
101 83 9
126 99 10
133 112 16
1
112 85 23
2
135 100 4
164 158 15
0
0
0
1
112 87 10
2
108 92 14
127 111 17
0
2
152 129 10
109 90 15
0
2
109 83 11
132 148 16
1
123 88 11
0
0
0
0
1
109 73 8
0
3
71 63 11
119 99 13
89 84 16
2
123 83 4
152 119 24
1
104 79 13
0
3
167 141 13
128 116 16
148 139 21
0
1
107 71 3
1
136 109 5
1
175 149 3
0
2
70 55 2
126 91 11
0
1
131 91 3
1
96 70 4
0
0
0
2
145 117 11
150 123 12
0
1
115 108 5
1
149 114 10
0
0
0
2
134 94 7
81 71 8
1
154 104 12
1
120 119 14
1
132 132 2
1
118 83 16
0
1
173 115 13
1
74 65 18
0
1
137 108 14
2
110 98 4
87 72 16
0
0
1
137 98 2
2
152 131 3
168 140 13
1
126 100 14
0
1
144 118 1
4
115 100 4
88 68 9
147 143 12
131 124 17
1
161 121 11
1
105 93 9
1
102 63 8
1
141 115 2
1
135 99 12
1
145 132 11
0
2
111 87 13
138 122 21
1
159 134 8
0
2
104 63 3
90 82 15
1
159 108 7
1
93 73 1
2
124 106 5
165 145 20
0
2
120 119 3
133 93 23
1
147 96 4
1
112 77 13
2
141 124 8
137 114 17
1
103 97 24
0
0
1
150 114 5
1
149 108 7
0
1
135 103 16
0
1
169 135 7
2
103 71 8
115 97 10
0
3
102 73 10
167 150 17
149 131 20
0
0
1
63 54 7
0
1
141 104 14
1
113 97 11
0
1
172 149 7
0
1
109 84 0
1
133 91 21
2
174 135 3
117 102 14
0
0
2
122 94 11
192 127 24
0
3
110 93 4
190 158 13
150 104 18
0
0
0
1
150 120 17
0
2
178 132 7
98 85 18
2
160 150 15
83 62 17
0
3
174 129 4
140 107 8
71 50 9
0
1
138 100 20
1
149 128 20
0
3
158 140 1
123 95 9
167 152 15
2
142 104 4
129 119 23
1
99 91 11
0
5
173 130 7
122 98 8
143 114 13
133 87 17
136 115 20
1
78 52 16
1
208 162 5
0
1
172 122 18
2
116 81 4
107 96 8
5
131 97 4
120 87 5
159 148 8
90 69 12
108 86 13
1
169 155 13
1
138 113 8
1
176 112 12
1
162 140 2
0
1
136 135 5
0
0
1
161 135 0
0
0
2
150 127 11
102 67 19
0
1
149 138 13
2
192 137 15
118 91 16
1
99 85 3
1
120 111 24
2
115 103 1
145 132 2
1
216 181 2
1
119 87 12
3
225 153 11
166 131 12
150 110 20
1
119 86 5
2
139 126 8
194 126 23
1
142 106 0
0
0
4
155 127 10
185 130 13
111 100 15
96 78 16
1
134 116 19
1
176 142 16
1
116 103 10
3
204 201 3
129 104 4
154 101 16
2
80 58 10
166 152 14
0
1
133 109 9
0
2
146 129 1
159 114 23
0
1
195 153 4
1
231 104 24
1
159 147 8
3
170 121 10
164 135 13
149 103 24
3
160 117 5
107 109 8
157 135 17
3
140 85 11
183 124 19
174 158 24
0
1
172 155 14
0
1
238 185 13
3
203 172 2
132 115 8
152 117 24
2
158 151 8
148 116 13
2
133 108 4
152 133 8
1
99 84 5
0
0
0
1
208 160 21
1
130 111 10
2
159 125 8
138 117 17
1
167 146 2
3
140 106 12
184 136 13
186 148 23
0
1
163 132 10
0
2
173 152 11
171 129 13
1
180 150 1
0
2
169 141 3
182 163 14
1
182 122 1
4
102 75 3
168 135 7
80 65 16
136 96 17
0
1
184 161 9
1
192 160 8
0
1
208 153 10
2
148 136 18
107 76 20
0
1
189 128 4
2
219 188 7
123 95 19
0
1
180 129 11
1
204 127 8
