7 4 1 4 7 6 6 3 7 1 1 1 7 2 2 8 2 2 6 1 3 7 5 4 8
2
10 7 0
3 2 2
1
7 6 18
1
9 6 6
2
8 6 15
8 9 22
2
11 8 12
7 5 16
0
3
10 10 8
9 8 12
7 6 24
2
10 9 14
9 6 15
0
1
5 5 15
1
10 8 24
0
2
8 6 6
12 9 9
0
2
11 9 5
9 7 18
0
1
8 7 2
1
9 8 3
3
13 11 0
9 6 9
12 9 20
2
11 8 4
12 9 8
1
11 9 5
1
11 11 12
1
10 7 17
2
13 13 8
8 7 16
1
12 9 5
1
11 10 21
0
1
13 9 24
1
10 8 0
1
11 9 19
2
16 12 4
13 11 22
2
14 10 6
8 8 24
2
7 5 12
12 11 22
1
11 9 18
2
13 9 3
15 14 4
2
15 12 15
8 7 16
2
13 11 0
14 12 18
2
13 9 6
13 9 15
0
0
0
2
16 11 8
15 11 22
2
14 11 17
13 9 22
1
14 13 6
1
8 7 18
2
16 16 5
18 14 15
0
1
15 12 8
1
18 15 8
1
15 10 0
1
9 7 16
2
17 13 0
15 10 4
0
1
17 13 16
0
3
17 13 3
15 12 4
16 12 15
1
18 17 3
2
19 15 5
21 14 18
2
19 15 18
14 11 22
0
0
2
13 10 4
11 7 9
3
16 12 1
15 12 15
15 11 24
1
12 10 6
1
16 11 23
2
19 16 2
17 13 12
0
1
13 10 0
2
23 19 5
21 20 21
1
13 11 0
0
0
1
13 12 24
0
3
19 16 2
23 17 4
17 14 8
1
22 17 6
1
22 22 8
1
11 9 21
1
19 18 6
3
22 14 15
15 12 18
27 15 24
1
19 15 22
0
2
21 14 1
25 20 8
1
21 18 1
0
2
11 10 13
16 11 24
1
18 13 5
1
19 14 1
2
23 22 5
23 19 12
1
24 18 5
0
0
0
0
0
1
18 13 15
0
0
1
23 20 12
3
16 15 8
24 22 12
21 18 20
0
3
15 11 2
24 17 8
19 14 18
0
2
22 21 5
19 10 20
2
25 21 16
18 15 18
0
1
21 16 6
3
23 19 4
18 14 9
23 21 23
1
19 15 7
0
1
18 15 4
2
18 16 18
25 20 24
0
2
23 18 1
35 26 6
0
1
26 16 8
3
29 20 2
28 21 22
26 25 24
0
1
27 21 6
0
1
27 25 12
2
33 28 4
26 22 8
1
25 21 7
1
24 19 21
0
1
22 15 24
1
28 21 4
1
25 22 8
2
21 14 3
28 25 12
1
30 23 8
0
1
31 24 7
1
28 21 21
0
1
30 24 12
1
26 21 24
1
25 21 23
0
0
0
0
1
20 18 0
1
32 23 24
0
0
3
27 21 3
28 24 8
36 28 18
1
33 24 1
0
0
1
35 28 3
1
28 23 18
2
34 31 4
28 22 5
0
1
42 36 24
2
31 25 1
30 21 18
2
27 18 0
27 18 12
0
1
28 22 6
3
32 24 7
37 24 19
34 27 23
2
32 27 0
38 33 22
1
21 15 6
1
14 9 5
0
0
1
27 22 24
0
0
1
32 28 15
0
2
29 28 15
49 37 17
1
33 25 2
0
1
24 19 1
1
39 25 1
1
28 24 21
1
39 31 1
1
32 25 0
0
0
0
1
37 28 1
0
1
26 24 15
0
3
29 21 1
39 36 16
32 24 24
2
46 35 12
28 18 21
1
34 33 23
1
35 27 21
1
35 29 7
1
37 22 14
1
40 26 18
2
36 33 6
33 24 24
1
32 25 8
0
0
1
48 37 1
0
0
1
47 35 8
3
30 24 0
37 25 12
47 44 24
0
2
39 34 4
29 20 17
0
0
0
1
42 28 5
0
1
30 25 1
1
41 32 3
2
34 29 0
57 50 6
0
3
33 25 3
31 22 15
33 27 22
2
49 46 3
45 38 9
2
50 41 0
33 29 24
1
34 30 18
3
47 40 12
28 22 14
27 20 15
1
42 33 24
0
0
2
45 35 7
41 28 21
3
44 38 4
52 41 8
28 26 15
1
38 24 24
0
0
2
35 28 9
20 17 15
2
23 19 12
46 39 21
1
40 33 0
0
1
34 35 4
0
2
55 42 4
45 45 15
1
45 40 15
3
32 27 0
36 28 3
36 31 12
0
0
3
48 31 3
39 28 15
48 30 23
1
40 41 23
1
38 25 19
1
45 41 0
0
0
2
38 29 4
51 42 18
0
2
36 22 11
41 35 24
1
51 42 12
0
1
45 38 5
0
0
1
46 32 8
2
41 24 8
38 38 12
2
34 25 15
39 32 18
1
32 26 18
1
37 31 12
1
46 34 0
0
3
48 31 4
40 33 16
36 26 23
1
42 30 24
1
53 44 24
2
57 48 18
53 40 23
1
54 39 0
1
46 36 3
2
68 60 12
65 52 19
0
1
57 47 21
1
42 28 6
2
27 20 0
54 40 22
2
58 49 12
41 28 17
1
47 35 8
1
59 39 1
1
62 45 24
0
0
1
28 18 5
3
41 32 13
48 35 22
56 37 24
0
4
59 52 4
43 35 15
54 34 21
47 35 24
1
33 28 20
3
54 50 17
39 35 18
56 47 24
2
73 59 8
66 54 24
2
41 32 4
63 43 21
4
43 45 0
62 49 8
45 32 12
28 23 21
0
0
1
60 35 5
0
1
61 46 15
0
1
38 39 18
1
50 40 18
1
41 38 8
2
52 42 6
29 27 12
0
3
64 57 0
39 26 6
56 46 17
1
43 24 8
3
54 46 3
56 47 4
47 33 24
1
55 37 6
2
47 40 0
50 47 8
1
50 39 12
2
53 46 5
61 36 6
2
48 31 18
67 51 23
0
1
52 36 24
1
53 50 3
1
64 60 8
0
2
53 48 12
48 40 19
1
61 53 12
0
1
43 34 1
1
52 39 5
0
2
67 52 5
56 46 7
0
0
2
49 38 0
52 36 21
2
55 39 6
53 52 22
0
0
0
0
0
2
34 23 22
39 32 24
0
1
55 48 23
1
56 39 22
0
1
22 16 12
0
0
1
65 49 23
0
1
64 52 4
0
1
42 34 19
1
45 40 24
1
61 57 8
0
1
66 51 16
1
59 39 8
2
60 51 0
69 49 22
2
88 65 6
58 65 21
2
59 44 11
72 68 13
2
51 43 5
34 26 21
0
0
0
1
61 46 12
1
50 41 16
1
63 48 21
1
72 50 21
1
49 47 15
2
76 62 6
72 53 8
0
1
61 58 24
1
50 38 0
0
1
57 49 24
4
62 46 1
71 48 5
60 45 15
63 58 21
2
76 71 8
79 78 21
0
0
1
77 76 15
3
53 42 8
74 42 12
81 64 23
0
3
77 66 4
60 48 20
40 31 24
0
0
0
0
0
0
0
1
79 56 7
0
0
2
57 45 0
65 46 24
3
39 34 4
58 44 10
52 30 16
2
59 46 6
81 58 8
2
58 41 4
53 46 8
4
43 37 12
76 60 15
70 66 17
66 54 24
1
52 48 0
0
0
3
71 37 9
73 60 12
58 45 15
0
4
62 53 8
65 44 15
87 53 20
57 46 24
2
80 64 0
82 61 24
1
68 57 3
2
74 69 1
65 52 4
1
59 57 21
1
85 75 24
3
82 65 4
71 56 18
64 50 24
0
0
0
0
2
60 37 18
70 60 24
0
1
56 45 4
1
87 69 17
1
41 36 16
1
53 43 3
1
58 54 8
3
64 58 8
81 56 18
67 55 21
0
0
2
65 44 5
83 71 14
1
79 71 3
0
2
54 42 12
42 33 17
2
63 49 0
98 67 4
2
86 63 7
76 53 22
2
56 50 4
72 64 8
0
1
65 47 12
0
1
67 46 0
0
0
1
84 77 23
0
3
52 37 0
59 47 19
72 48 24
0
2
86 74 5
82 61 7
1
86 69 21
2
82 61 0
88 92 23
1
62 53 4
1
68 56 6
0
1
90 60 0
0
1
84 61 13
3
76 58 3
84 65 10
88 71 24
1
69 51 23
1
59 48 21
2
91 82 5
65 54 15
0
2
60 44 12
111 79 24
1
66 47 15
2
77 54 0
67 53 7
2
83 88 4
63 51 15
0
3
77 60 1
97 83 6
42 33 8
0
0
1
64 60 22
0
1
111 87 12
1
91 56 12
2
87 50 3
85 80 4
0
0
0
1
93 71 6
0
1
98 75 4
0
0
0
0
1
77 63 23
1
85 75 15
0
0
0
2
66 48 12
95 86 22
1
69 50 1
3
42 35 4
90 70 23
81 77 24
3
79 74 0
91 67 3
86 65 10
2
86 51 0
95 75 9
2
82 68 11
88 73 15
0
1
86 70 12
0
2
90 68 6
75 61 23
1
68 55 6
2
81 59 3
96 73 4
2
110 94 5
70 59 6
2
55 38 4
94 70 5
1
71 56 23
2
77 57 15
88 78 22
1
72 58 23
0
2
66 54 3
99 79 12
2
101 90 12
79 59 22
1
73 53 4
1
83 60 23
1
88 58 23
0
0
1
60 50 4
0
2
93 57 4
94 66 22
1
59 51 5
0
0
0
1
55 52 21
0
1
95 58 8
1
73 65 20
0
3
83 67 6
87 61 18
85 78 22
1
94 83 6
1
111 78 1
3
83 75 1
97 81 12
74 62 18
2
94 75 7
93 74 22
1
99 76 20
1
38 23 22
1
81 77 6
1
83 71 5
1
72 58 4
2
98 87 6
77 62 16
0
1
94 62 0
0
1
110 82 5
2
95 66 6
79 59 24
2
86 68 0
94 76 6
1
84 87 12
2
44 41 8
84 74 24
1
95 62 8
2
89 61 3
136 114 23
0
2
80 72 8
99 72 15
0
0
2
97 89 6
97 73 24
3
100 73 8
80 43 19
99 81 22
2
107 79 8
95 70 20
0
2
97 73 10
106 74 22
1
106 98 22
2
88 62 22
42 40 23
1
60 35 4
1
85 54 1
2
98 87 5
114 103 24
1
109 93 21
0
1
88 77 21
0
1
66 59 13
0
0
3
103 77 1
83 65 4
81 64 24
3
98 76 18
101 73 22
57 37 24
1
71 50 21
1
62 45 4
3
114 82 4
106 85 12
92 62 15
2
85 67 3
97 73 5
2
75 70 1
80 70 22
0
2
83 58 12
97 85 15
3
55 43 7
93 90 18
68 47 24
1
96 82 24
1
93 84 18
3
106 69 0
76 60 13
83 74 23
2
83 77 18
102 65 21
2
88 64 17
109 85 21
0
0
0
1
112 90 15
1
107 79 24
1
104 80 15
1
115 100 3
0
2
44 38 21
123 101 23
0
1
97 78 6
0
1
93 69 11
1
105 69 0
0
3
96 63 3
98 73 4
93 93 21
1
112 87 8
4
89 55 0
111 95 4
81 64 8
95 79 15
1
108 81 8
0
3
100 77 0
83 58 3
99 88 6
0
2
90 59 6
88 68 12
2
102 72 12
71 52 23
0
1
74 61 8
3
79 57 0
91 64 8
91 80 21
0
1
93 83 3
1
42 45 18
2
97 73 6
112 98 12
0
0
0
1
119 104 0
1
123 91 0
0
1
100 85 15
1
97 89 24
0
2
86 60 23
114 92 24
0
1
81 74 24
0
2
103 107 0
99 80 12
2
103 91 8
98 74 22
3
100 86 4
119 97 19
110 72 23
2
87 74 0
88 66 24
0
1
126 110 4
1
126 98 16
0
2
106 92 4
122 101 11
2
72 40 1
95 70 5
0
1
110 80 20
0
1
85 92 17
0
0
0
0
1
93 68 8
4
85 59 5
111 88 8
111 90 12
109 82 24
2
108 65 15
137 93 23
1
70 55 0
2
86 71 18
97 70 24
1
101 85 21
0
0
1
92 80 8
1
126 101 24
0
0
0
0
0
1
57 57 18
0
1
106 76 24
3
102 90 10
145 85 14
105 85 18
0
3
75 66 15
101 78 21
105 66 23
1
97 76 21
1
101 78 10
1
92 83 19
1
113 93 15
1
106 83 15
1
90 56 8
2
126 110 0
91 66 4
1
104 97 21
2
112 68 8
71 50 19
1
124 92 24
0
0
1
125 95 22
2
79 66 5
100 82 15
1
74 51 22
1
115 88 8
0
3
97 73 0
82 75 4
121 76 12
3
101 82 5
119 100 8
146 125 23
0
1
107 65 4
2
82 79 8
127 112 22
3
107 71 6
101 88 12
114 85 24
2
107 71 3
125 104 23
3
83 53 0
96 86 12
117 106 24
1
117 91 15
2
81 73 7
107 91 8
0
2
140 91 4
126 126 15
0
1
109 88 13
2
125 77 3
89 73 11
0
2
115 76 7
79 60 13
0
0
3
88 68 9
155 111 12
129 83 18
1
133 106 13
3
124 94 0
121 108 5
113 112 6
1
116 73 24
3
149 141 3
86 65 15
77 75 22
1
149 134 4
2
114 76 3
81 67 24
0
0
0
1
72 51 0
0
0
2
124 77 3
84 67 12
3
136 101 12
115 93 18
98 71 24
2
114 73 8
133 108 24
3
95 67 6
133 105 12
163 121 21
1
107 81 18
1
81 68 1
2
175 119 15
127 117 21
0
1
121 98 8
0
0
0
1
150 124 1
0
1
130 110 8
1
128 94 11
0
0
0
0
0
1
154 114 19
0
1
155 127 6
1
121 92 12
1
102 87 1
1
159 91 12
4
141 100 4
127 81 6
91 71 7
125 89 24
2
69 58 13
168 137 21
2
93 60 8
136 109 24
1
160 125 14
0
1
128 116 21
0
0
1
109 73 4
2
110 80 8
108 83 15
2
89 72 12
135 95 23
1
105 96 12
2
78 55 5
105 101 6
0
3
116 97 0
140 120 13
127 95 24
0
1
162 134 12
2
113 89 6
130 125 21
0
1
105 87 23
0
1
147 119 15
0
2
128 117 8
120 92 12
1
132 111 20
1
116 105 21
0
1
147 112 4
2
112 89 1
120 97 12
0
0
3
86 67 0
84 69 15
112 102 20
0
0
2
126 118 1
108 102 24
0
0
0
0
0
2
135 99 15
103 93 18
1
171 118 1
0
2
109 80 7
89 71 22
0
2
77 48 8
147 88 24
0
0
0
1
117 74 7
3
130 96 12
122 117 14
61 48 15
2
141 131 0
104 63 12
2
159 140 12
92 66 15
0
2
110 93 5
123 82 12
1
125 92 0
3
67 50 2
132 87 12
129 118 15
2
88 55 8
161 135 22
0
0
2
142 106 16
130 106 21
2
105 69 15
92 74 18
3
131 75 6
159 132 22
136 106 23
1
112 86 0
1
184 170 12
0
0
0
1
110 101 21
1
114 72 23
0
0
0
0
3
159 99 0
110 83 8
134 100 12
2
131 97 4
135 100 24
0
0
2
145 111 6
121 106 8
0
0
1
117 92 20
1
144 101 6
0
0
0
1
116 107 22
0
0
1
70 42 17
0
0
0
1
104 77 18
3
97 90 5
122 101 6
123 96 8
0
3
155 113 4
200 181 6
122 103 21
1
177 141 23
0
1
123 115 24
0
1
98 86 12
1
107 102 20
1
64 58 12
0
1
170 121 12
0
1
112 73 0
1
119 105 16
1
128 95 4
1
114 90 1
1
123 91 6
1
115 97 15
0
2
141 123 12
111 87 15
4
144 114 1
148 101 6
130 100 11
138 111 12
1
131 83 12
1
110 107 15
1
104 74 18
1
90 77 24
0
1
177 154 15
0
0
1
113 81 4
1
149 102 21
0
1
150 132 13
0
1
152 130 22
1
183 153 4
2
172 158 1
122 93 20
0
1
137 123 21
0
1
146 125 6
2
128 100 1
120 115 22
1
135 93 16
1
124 103 17
0
1
76 47 23
0
2
141 119 7
111 86 18
2
144 95 8
144 108 21
3
137 114 4
127 103 5
125 108 8
0
1
145 111 0
2
124 107 6
105 95 23
0
1
104 80 5
3
153 106 5
149 122 19
111 82 20
3
123 111 3
161 127 12
169 121 20
2
119 93 8
131 118 12
1
148 103 6
1
96 67 1
0
2
104 91 8
88 84 15
3
151 125 12
126 66 15
125 102 18
3
129 121 0
152 139 14
105 84 21
1
148 121 17
0
0
0
1
183 123 6
2
102 76 2
144 125 21
0
0
1
169 110 0
3
119 95 0
145 125 8
116 63 12
2
158 96 5
114 100 8
0
0
2
136 84 20
171 143 21
0
1
129 112 0
1
149 92 14
2
165 122 0
145 119 21
4
142 123 3
144 128 6
141 83 12
186 160 24
2
179 109 6
100 72 20
1
128 104 0
1
121 74 15
2
89 64 5
102 78 6
3
142 149 3
88 74 17
159 121 22
2
156 118 1
156 156 24
3
136 128 1
136 105 5
160 139 17
2
100 88 5
88 70 18
0
0
1
193 176 6
1
215 152 22
3
138 77 12
175 155 19
199 155 20
3
134 90 5
127 91 7
154 113 24
1
170 151 0
0
0
0
1
142 84 13
1
164 118 24
0
1
109 83 22
3
119 116 6
131 122 16
146 106 22
0
1
94 80 5
1
159 114 13
0
0
0
2
109 86 5
171 144 15
1
166 112 4
0
1
118 80 13
2
148 109 6
177 157 20
1
125 136 4
1
136 103 1
0
0
1
142 125 24
0
0
2
159 116 3
142 104 21
0
3
162 118 1
162 133 15
68 55 22
0
3
204 193 0
147 121 6
125 84 14
0
0
3
184 141 4
161 126 5
143 102 8
0
2
144 132 1
179 146 15
2
147 106 6
146 109 23
0
1
130 107 15
2
202 172 3
109 91 13
0
1
149 153 18
1
162 136 12
0
1
136 101 20
0
0
0
0
0
3
150 102 4
148 115 7
121 108 22
0
2
119 96 21
128 103 22
1
138 123 11
3
127 93 6
175 139 14
203 141 18
0
0
2
133 96 4
163 137 5
1
107 74 15
3
154 124 6
157 146 15
153 124 23
2
147 115 0
180 155 8
0
1
143 99 1
1
118 100 13
1
142 146 24
2
132 95 8
125 102 18
1
149 127 24
0
1
151 99 12
1
123 64 12
2
201 140 3
148 115 4
0
0
2
77 50 20
171 128 24
0
2
146 103 9
217 183 21
3
203 161 8
192 152 18
190 131 20
2
166 131 1
92 69 24
1
117 97 8
0
0
0
3
100 79 6
161 130 12
132 113 18
2
125 98 15
176 136 21
1
190 175 15
1
124 85 15
1
181 161 1
2
178 175 6
141 99 24
