1 4 6 8 3 1 1 1 7 8 4 4 5 6 3 4 1 6 1 5 6 5 1 2 2
0
0
2
7 4 9
7 6 23
0
2
5 4 9
7 4 21
3
7 5 2
7 6 8
9 7 15
0
0
1
8 7 23
0
0
1
9 8 11
0
0
2
13 12 14
14 11 15
1
7 5 11
0
2
11 9 13
11 11 17
0
1
10 9 4
0
0
0
0
1
11 6 4
0
1
12 10 15
1
10 8 9
1
11 10 1
2
12 8 1
11 9 17
0
0
3
12 8 1
12 11 8
15 13 15
0
2
11 9 20
14 12 24
1
11 10 15
2
13 9 10
9 6 11
1
13 9 12
0
1
15 9 13
1
15 10 17
0
1
10 9 17
0
0
0
0
0
1
11 9 3
0
2
17 18 9
16 12 14
2
14 11 13
14 13 21
0
1
16 12 20
1
16 11 14
1
13 10 20
2
17 15 2
11 10 19
0
0
1
12 10 4
0
0
0
0
2
17 16 2
19 15 17
3
17 15 4
14 11 8
13 10 19
1
17 14 17
0
3
18 13 8
17 13 15
17 13 21
1
16 10 8
0
3
13 10 1
11 8 3
14 10 17
1
23 13 11
1
14 10 14
0
0
1
24 21 11
1
19 13 14
1
22 15 23
1
18 13 19
3
18 12 8
17 15 12
22 15 13
2
21 17 9
22 21 21
0
2
23 16 13
20 18 20
2
23 21 13
18 15 18
0
3
21 19 3
13 10 9
13 11 18
2
14 11 2
22 14 15
1
15 12 17
1
23 16 3
1
18 16 12
1
18 14 12
0
0
0
1
17 16 4
0
1
24 22 21
0
1
27 24 1
3
25 23 12
24 16 13
26 20 23
0
0
0
2
30 23 2
18 14 9
1
22 16 2
0
1
20 14 8
1
17 13 13
2
25 14 19
18 14 23
0
1
25 19 14
2
20 19 8
25 18 19
0
1
32 25 8
2
33 25 8
14 10 19
0
1
19 13 15
0
0
2
29 19 8
31 29 15
1
21 20 21
1
23 20 3
0
1
29 27 3
1
36 29 21
1
19 18 21
2
26 23 12
25 16 24
1
30 23 23
0
0
0
4
26 21 3
23 20 9
21 20 21
39 30 23
1
19 13 13
1
34 25 20
2
23 17 9
29 24 13
0
1
28 23 7
1
35 27 17
1
25 19 11
2
27 21 1
31 26 23
1
24 17 23
0
0
1
23 15 12
2
16 13 2
28 21 20
2
21 15 1
32 19 3
0
0
0
0
1
25 18 9
3
26 23 3
30 25 15
22 15 21
1
24 21 21
1
32 27 8
0
1
21 19 2
0
0
2
28 22 12
36 26 14
1
34 29 2
0
1
26 22 20
0
1
36 29 3
0
0
2
34 22 18
22 13 19
2
38 33 11
42 36 22
0
1
29 23 3
1
34 26 13
0
2
34 32 10
33 22 13
0
0
3
38 31 12
33 27 14
43 35 17
1
42 27 10
0
1
43 25 10
0
1
41 39 13
1
39 32 3
2
39 39 6
19 17 9
0
1
44 40 23
2
34 27 2
32 34 8
0
2
50 46 13
30 23 14
0
2
17 12 2
37 28 18
0
1
35 25 9
1
24 17 21
1
32 24 9
0
1
33 27 9
0
1
28 21 2
0
1
45 39 17
1
44 37 10
2
25 22 2
29 21 6
3
30 22 19
36 27 20
40 31 22
1
36 28 13
1
41 29 8
1
37 34 2
3
52 50 2
26 19 13
44 38 19
0
2
28 22 3
38 35 11
2
42 35 2
28 23 10
1
44 28 19
1
25 15 8
1
42 42 8
1
39 34 2
0
0
1
45 44 2
0
1
37 24 13
1
43 30 15
1
50 43 8
1
45 35 4
1
39 23 13
0
0
1
40 28 10
0
2
28 26 4
39 32 21
1
52 40 0
0
1
46 37 20
0
2
34 27 2
46 43 10
0
1
49 37 11
0
2
37 27 9
52 37 12
1
45 31 3
1
52 35 2
2
25 15 9
61 48 16
1
52 39 2
0
1
34 30 23
1
46 34 9
0
0
1
64 53 2
0
0
1
56 44 17
0
1
63 47 1
1
53 47 19
2
39 30 4
56 39 17
1
40 26 23
0
0
1
54 49 1
0
0
2
43 39 13
54 43 15
0
1
46 43 9
0
1
60 47 12
0
0
0
1
48 35 11
0
2
34 30 13
64 50 18
0
2
53 48 4
59 48 13
2
44 25 17
52 47 19
0
2
62 52 10
51 31 11
0
1
60 63 1
2
42 38 13
36 32 24
0
1
83 67 3
2
44 36 17
50 40 19
1
47 36 17
1
67 51 23
1
53 51 19
1
27 22 20
2
29 22 15
42 35 17
2
69 63 2
48 35 9
1
57 55 15
1
49 44 20
2
52 45 11
60 45 19
0
2
48 33 4
63 43 20
3
63 53 9
62 44 20
54 43 23
1
43 27 4
4
54 41 1
42 31 3
48 43 8
67 57 24
0
2
46 29 15
63 56 20
1
43 34 3
0
2
47 40 14
45 31 19
0
1
29 18 10
0
0
2
50 38 1
26 18 3
1
34 36 11
1
59 51 2
0
1
60 48 19
0
0
0
1
49 43 14
1
71 54 3
1
36 30 0
1
53 39 14
0
0
1
56 45 3
0
3
60 50 4
57 41 16
58 42 20
1
49 38 3
0
1
39 34 20
1
42 33 2
0
4
57 42 2
64 49 8
66 53 9
54 47 15
1
63 55 1
1
61 48 8
1
57 56 17
0
1
53 49 9
1
51 50 21
0
1
70 60 19
0
0
1
58 53 4
1
62 45 19
1
56 51 17
1
73 70 20
0
0
0
2
47 41 7
58 51 13
0
1
46 41 8
0
1
71 49 9
1
72 58 9
0
2
59 41 3
43 36 11
0
2
61 42 2
66 50 3
0
2
62 45 15
43 39 20
3
68 43 3
49 35 8
56 51 21
0
1
73 68 8
5
44 34 9
30 22 12
71 57 13
48 39 15
60 53 19
0
1
56 38 3
1
53 40 15
1
54 40 0
2
47 36 14
41 34 20
0
2
75 52 9
47 39 21
2
42 34 4
74 54 17
2
77 56 17
58 41 23
3
29 20 8
57 53 10
44 32 19
0
0
1
75 60 10
0
3
63 49 4
65 46 8
56 46 9
1
60 50 8
0
0
1
64 53 4
2
57 45 13
55 41 20
0
1
47 31 1
2
68 53 16
52 43 20
1
85 53 11
0
3
71 68 3
76 69 12
56 47 17
1
61 48 20
0
3
59 50 2
86 64 8
54 48 10
3
71 55 10
70 58 15
25 21 21
3
53 38 2
75 73 11
68 69 13
1
69 45 10
2
52 43 17
75 66 23
0
1
72 51 2
2
100 78 6
67 50 11
1
62 48 16
0
2
63 47 3
64 59 19
1
32 20 9
1
63 47 10
1
46 42 13
2
68 59 17
75 60 19
1
64 56 8
1
56 43 7
1
54 41 3
1
66 69 2
2
88 61 3
81 68 8
0
0
1
87 72 20
0
1
82 43 15
1
68 48 4
1
84 70 2
2
74 63 1
74 60 20
1
61 50 22
0
0
0
0
2
87 67 2
82 56 13
1
79 53 20
2
74 71 14
64 52 20
0
2
68 52 10
92 76 20
0
2
71 63 3
34 25 8
0
1
75 60 3
0
0
1
81 70 9
0
4
62 45 2
60 69 8
76 68 9
41 28 19
0
0
1
84 72 19
0
1
85 59 1
2
70 38 10
64 46 13
2
82 57 9
65 55 10
0
1
73 61 21
0
0
0
0
3
101 97 9
81 61 19
56 33 24
1
70 54 9
1
37 30 20
0
1
88 63 3
3
56 32 8
43 31 21
83 78 23
1
94 76 20
0
0
1
76 59 3
3
92 67 8
85 56 13
91 54 21
1
95 82 10
2
106 70 17
70 60 19
0
4
67 56 9
75 47 11
81 55 20
54 30 21
0
1
72 56 9
0
1
57 29 19
0
1
105 78 21
0
1
73 53 8
1
81 63 8
2
102 102 1
91 69 12
1
83 74 13
0
1
102 78 20
2
86 69 2
105 78 17
2
64 57 19
91 75 21
2
55 49 9
71 46 24
1
72 64 2
2
78 51 8
61 41 20
0
1
83 59 13
0
0
1
57 50 9
1
81 73 21
0
0
0
0
2
91 63 9
82 54 11
1
86 79 11
1
75 66 8
3
103 79 11
69 45 14
115 100 21
0
0
0
1
79 56 8
1
74 53 21
2
75 59 3
93 65 11
1
65 56 3
0
1
78 57 12
2
116 114 17
39 34 19
1
111 104 10
0
3
83 71 3
89 71 13
88 76 17
2
69 55 3
85 57 8
0
1
115 72 8
1
26 21 12
1
54 44 13
1
80 63 17
0
1
81 70 15
2
81 49 7
97 64 9
0
0
2
93 70 3
89 60 19
1
77 62 23
1
67 55 13
1
94 89 21
0
2
73 54 1
89 82 10
1
109 86 15
0
0
0
0
4
71 53 4
78 59 11
101 87 14
88 74 23
0
1
91 82 19
3
102 88 10
87 78 20
114 83 24
1
107 103 19
3
100 83 8
82 57 12
107 85 15
0
2
113 91 20
79 56 23
2
89 76 12
94 88 14
3
103 86 9
85 73 10
84 72 12
2
107 76 4
78 65 18
0
0
1
100 78 3
1
84 86 9
2
133 86 8
97 72 24
1
85 80 12
1
97 66 1
0
0
0
0
0
1
103 94 8
1
87 65 8
1
83 74 22
1
83 62 21
1
91 71 13
1
75 48 15
1
69 57 3
0
2
111 99 3
63 54 14
1
69 54 11
1
108 78 9
1
128 107 13
0
0
0
1
68 57 17
0
1
86 62 3
3
74 59 10
98 71 11
88 70 23
2
73 56 11
127 103 13
1
113 118 21
1
92 83 9
1
68 46 21
1
94 90 9
1
84 72 13
1
89 74 2
2
92 78 3
87 57 4
0
0
0
2
115 103 2
96 80 11
1
96 83 6
0
0
0
0
1
85 65 3
2
131 108 13
82 76 17
2
97 72 9
99 64 17
0
0
2
124 93 2
103 79 3
2
79 63 17
125 93 19
0
0
2
54 44 2
97 73 20
0
0
0
1
57 47 19
3
101 95 7
90 60 12
70 56 23
0
0
2
138 110 9
100 86 21
1
83 62 11
1
120 94 8
3
104 100 3
115 83 7
67 43 19
0
0
1
114 107 20
3
101 72 2
70 48 9
73 60 11
1
108 76 8
1
91 75 9
0
2
66 60 5
84 57 14
1
97 81 9
1
81 57 17
1
85 67 3
0
0
0
1
120 105 20
1
82 61 3
1
75 64 3
1
115 94 20
2
107 62 9
112 92 20
0
1
101 68 13
1
108 93 23
2
176 137 14
96 97 15
1
95 67 3
1
104 83 3
2
91 72 9
119 107 10
1
72 52 17
2
135 117 8
111 78 11
2
124 100 1
47 36 19
0
1
138 95 3
0
0
0
0
1
82 78 14
3
56 43 11
124 90 12
89 62 17
0
0
1
93 86 7
1
95 70 13
0
0
0
3
77 45 15
114 79 19
76 62 21
1
101 93 7
2
68 53 11
98 66 17
1
94 81 4
1
93 88 7
0
1
102 75 13
1
152 120 21
0
0
1
113 90 19
0
4
90 73 13
124 91 17
116 108 19
113 95 20
2
99 91 2
136 96 9
2
103 85 0
111 98 18
0
1
131 82 13
1
116 84 8
1
127 97 8
2
119 113 10
105 96 19
4
147 136 3
96 64 5
116 83 8
96 91 13
0
3
122 88 2
100 78 8
116 98 19
0
1
37 29 21
0
1
137 99 17
1
105 91 10
1
113 94 2
0
0
0
1
85 69 8
1
87 69 21
2
144 111 9
117 87 17
2
103 83 8
155 110 9
0
1
109 88 9
1
58 46 2
2
107 101 3
118 82 17
0
0
0
1
100 75 10
0
2
113 96 3
81 70 17
2
92 86 9
97 67 15
1
88 62 19
1
134 108 1
1
108 86 19
1
145 119 12
1
133 126 10
1
136 119 1
2
150 115 10
126 91 12
0
0
0
0
0
1
106 85 11
3
150 146 4
135 117 12
83 75 18
0
1
91 70 1
0
1
135 116 11
2
122 124 1
141 117 14
0
1
160 109 3
2
103 81 4
117 92 21
1
127 125 13
0
2
122 115 5
111 102 8
0
1
56 47 5
0
2
78 68 8
163 131 21
1
122 106 1
0
0
3
191 151 0
123 77 9
155 125 10
2
138 112 13
131 104 19
1
132 104 13
4
99 94 6
125 72 8
122 83 13
142 108 17
1
65 52 3
0
4
134 120 3
124 94 10
132 121 19
73 62 20
0
2
170 113 2
126 98 9
0
3
122 86 2
102 64 9
113 84 15
0
1
93 84 1
2
128 103 3
137 119 14
0
1
133 105 19
0
2
146 115 8
170 166 12
0
0
1
116 89 24
2
152 112 9
141 134 11
1
114 85 1
2
134 98 8
113 96 17
2
93 76 20
129 83 23
1
139 96 17
0
1
89 60 21
1
86 76 23
0
1
123 103 19
0
1
135 116 17
2
131 113 9
145 92 21
2
114 89 1
176 125 2
2
117 103 5
125 79 22
1
108 92 17
2
148 121 8
98 81 20
0
1
124 86 3
2
110 88 17
89 57 19
2
123 87 21
124 102 23
1
137 99 11
2
143 126 10
99 65 18
0
1
133 86 20
4
142 90 2
124 98 3
140 111 15
122 93 16
2
58 34 4
123 100 14
1
102 88 9
1
115 98 21
0
2
110 86 9
123 83 19
1
133 111 17
2
145 113 5
133 127 21
2
152 99 8
150 120 20
2
147 154 7
194 161 8
0
1
143 112 20
0
0
0
2
142 122 11
199 149 13
2
146 99 17
162 123 22
0
2
78 60 11
120 83 17
0
0
2
95 66 2
106 72 8
1
96 73 1
3
113 82 9
101 75 11
126 104 20
1
171 125 13
1
117 103 9
0
3
102 82 3
141 129 4
123 93 8
2
201 163 3
78 57 9
0
1
154 101 9
1
115 99 22
1
102 70 9
0
2
102 93 3
108 80 8
0
1
135 118 3
1
135 92 15
2
75 58 1
130 122 17
2
125 112 9
182 145 20
0
0
2
126 98 8
134 122 17
0
0
2
153 102 8
138 111 19
0
1
133 108 13
2
138 143 2
134 73 5
0
0
0
3
139 128 1
146 116 5
110 94 15
1
186 167 9
1
122 88 19
1
127 96 1
0
0
0
2
164 141 2
136 99 15
0
1
143 108 21
1
178 146 13
2
100 77 8
88 78 19
0
3
119 84 1
157 132 10
117 76 13
0
0
3
119 104 4
169 127 9
145 134 12
0
0
0
2
126 96 2
123 103 12
1
162 139 8
1
168 139 13
0
1
133 98 20
0
1
165 136 9
2
137 116 2
155 116 17
3
157 124 2
124 88 8
85 68 13
1
148 116 21
1
127 102 14
0
1
122 110 9
2
152 121 9
98 69 14
0
1
163 162 9
0
0
0
0
0
0
1
148 122 17
0
0
1
106 97 9
1
123 79 8
0
1
132 99 13
1
165 142 21
2
150 96 2
85 72 14
0
0
2
112 85 9
102 90 20
0
2
96 89 2
165 124 10
2
169 135 3
209 163 17
0
2
133 130 3
177 124 20
0
2
141 115 12
163 107 13
2
131 117 9
118 105 12
2
164 125 19
115 99 22
0
1
130 122 20
0
0
1
131 95 2
1
173 116 19
0
0
2
133 101 9
178 124 20
0
0
0
1
142 116 22
2
158 128 3
136 118 23
2
112 84 5
93 83 17
3
137 93 2
78 51 7
180 159 9
0
0
0
3
169 145 9
86 63 12
185 166 16
3
182 152 1
192 172 20
122 83 21
0
1
174 155 11
1
172 112 20
1
124 112 3
1
116 112 2
0
1
142 109 3
1
131 112 9
2
191 137 8
109 82 20
3
125 85 3
161 124 19
166 137 23
1
120 113 12
2
164 113 12
169 122 24
1
132 97 17
1
150 121 20
3
113 98 7
192 137 9
122 74 19
0
0
1
55 43 8
3
178 141 9
127 104 12
146 122 17
1
139 120 3
1
195 183 11
0
1
107 79 6
3
112 101 3
99 61 13
147 133 15
1
176 135 6
3
152 78 3
219 197 9
191 149 21
0
0
0
0
0
2
132 121 2
175 140 20
0
1
161 134 2
1
132 103 8
1
159 133 12
0
0
0
0
1
148 119 3
1
145 110 1
2
108 86 2
144 94 9
1
109 97 17
0
2
180 154 9
143 90 17
0
1
178 118 15
0
0
1
101 96 17
2
231 182 9
197 129 21
2
130 128 10
124 90 13
1
162 128 2
1
131 100 3
1
128 95 2
0
1
144 95 2
1
155 115 22
2
116 88 2
138 143 7
2
158 112 9
160 137 15
1
153 98 13
2
101 84 13
198 173 20
1
123 105 15
2
118 93 10
184 174 19
1
139 105 17
1
146 141 9
0
0
1
116 79 12
0
1
136 120 4
2
135 84 21
195 121 24
0
0
1
133 99 19
0
0
0
2
181 116 13
99 81 16
1
187 133 3
0
0
