5 6 2 3 8 7 7 8 5 3 7 5 5 1 6 7 2 7 5 2 5 2 7 1 6
0
3
7 4 1
8 8 18
7 5 24
0
2
6 7 14
7 4 21
0
2
8 7 1
6 5 7
1
7 5 1
1
10 8 17
0
1
9 7 12
1
11 11 5
3
11 9 6
8 7 11
10 9 15
3
13 12 7
8 6 16
9 7 24
2
9 9 15
8 5 19
4
12 9 4
10 7 9
11 7 20
5 5 24
0
0
2
6 5 4
11 7 7
0
1
11 8 16
0
4
9 7 7
8 5 12
9 8 17
10 8 20
0
1
14 11 3
0
1
11 9 24
0
4
7 6 5
13 12 10
10 8 11
12 9 20
3
12 9 11
11 10 14
13 10 20
2
9 9 3
12 9 6
2
13 11 7
14 11 10
0
2
15 6 0
10 7 19
1
8 7 5
0
1
10 9 1
2
13 11 8
12 9 24
3
14 10 5
11 9 6
10 8 23
2
10 10 17
13 11 18
3
11 10 7
11 10 8
9 8 18
1
15 10 17
2
16 12 4
16 12 8
0
1
11 11 0
2
15 11 3
16 14 7
1
15 10 22
2
12 11 2
10 8 24
1
15 14 22
2
16 11 6
8 7 22
0
0
2
18 14 6
12 9 17
0
3
15 14 0
20 12 2
12 10 9
1
18 14 1
3
15 13 7
14 11 18
14 10 21
2
16 15 22
14 10 24
1
16 13 11
2
13 10 6
15 12 19
0
0
2
13 11 4
14 14 21
1
16 13 5
1
10 6 17
2
16 12 12
16 12 15
2
19 16 5
10 7 10
2
20 16 8
20 15 11
2
14 11 12
11 9 24
4
21 16 7
17 14 14
13 9 17
20 18 20
1
16 12 4
2
19 14 1
20 14 5
3
18 12 6
16 13 12
17 15 18
0
1
19 18 14
1
23 21 14
1
20 15 12
1
14 11 17
1
13 10 10
1
18 15 15
2
20 12 14
19 18 20
1
15 12 12
1
18 15 5
0
1
24 19 12
1
20 18 22
1
28 22 0
0
3
22 17 4
22 14 11
18 13 22
1
26 20 22
1
18 16 15
0
3
20 17 1
18 15 4
26 22 7
1
27 19 6
1
21 17 20
0
2
21 19 8
18 14 20
0
0
1
15 11 1
1
17 12 16
0
2
25 20 20
24 19 21
1
21 14 8
0
2
30 28 15
19 13 20
3
15 10 10
21 18 20
24 15 24
1
32 25 17
0
1
28 22 20
2
14 10 4
23 15 7
1
22 17 7
2
26 19 1
19 15 8
2
23 18 11
25 19 14
1
27 18 8
1
22 17 6
0
1
23 18 6
5
22 20 3
33 23 7
27 18 12
23 19 15
22 18 24
2
26 25 4
25 22 24
1
33 27 5
1
22 15 24
1
27 19 0
1
19 15 1
0
3
19 17 6
31 22 20
35 25 24
1
18 16 15
1
29 28 0
1
22 16 11
2
31 25 15
26 20 23
2
19 15 5
23 21 14
2
37 32 8
35 27 17
1
23 19 0
1
29 26 15
2
26 22 1
29 22 15
2
26 20 19
29 20 23
0
0
1
27 19 20
1
20 14 0
1
36 27 9
3
24 17 0
31 31 12
32 20 14
1
20 18 11
0
1
28 20 15
1
33 25 20
0
0
0
2
30 20 7
33 28 14
1
28 19 20
1
27 23 8
3
27 18 1
24 23 5
23 13 22
0
2
43 28 6
30 24 17
1
25 21 6
1
26 23 6
3
30 17 4
27 24 5
38 28 10
2
31 27 9
18 13 17
0
1
38 37 20
0
1
36 27 13
0
3
31 27 15
37 26 18
34 35 22
1
24 22 5
2
36 27 8
30 26 15
0
1
33 28 17
4
46 33 2
25 20 6
36 29 7
18 14 17
2
41 35 19
23 15 24
0
0
3
30 29 0
46 39 8
31 23 10
2
19 14 4
31 22 24
0
1
23 15 12
2
36 31 2
40 32 8
0
1
25 21 8
1
34 27 18
2
32 23 5
45 33 7
1
37 36 18
2
39 30 3
51 51 20
3
40 32 4
22 20 9
34 27 11
1
43 41 9
1
38 30 1
0
2
34 30 4
35 27 7
0
0
1
37 28 16
2
45 40 10
34 27 17
1
45 35 10
2
33 28 1
39 28 5
3
26 23 4
34 24 7
54 45 14
2
27 20 10
36 29 15
1
40 32 10
1
36 28 17
1
33 23 24
0
3
35 20 4
27 18 11
45 34 14
0
3
50 37 17
42 38 21
54 38 22
1
42 34 17
0
0
1
34 26 7
2
38 29 9
39 25 10
0
0
2
40 44 10
34 25 14
0
0
1
47 38 20
4
38 30 4
44 27 7
60 41 20
36 28 22
1
40 23 16
2
38 26 4
29 20 6
0
2
47 40 3
41 33 15
3
36 31 4
44 31 8
49 31 15
1
44 40 14
3
44 32 2
35 30 7
39 37 16
3
53 31 0
62 51 7
38 25 22
1
41 27 20
2
27 20 4
40 32 16
0
0
0
2
29 20 11
25 19 24
1
46 33 4
0
0
1
37 26 8
2
48 40 8
48 34 24
0
2
41 34 3
36 24 21
0
0
2
43 37 1
44 41 4
2
33 25 0
51 36 15
0
0
1
56 41 7
2
50 45 11
59 53 20
1
54 47 9
0
0
2
39 30 15
37 41 22
1
51 34 18
0
2
28 25 11
45 39 20
3
45 39 4
41 25 11
52 31 19
0
2
41 27 7
59 45 24
1
49 45 22
4
54 38 7
40 28 14
44 27 18
61 43 20
1
30 23 10
3
53 37 2
44 30 5
52 33 18
1
38 27 23
2
36 28 6
42 33 11
2
52 33 11
50 39 14
3
45 34 1
56 51 11
47 36 17
0
3
38 29 17
58 53 22
53 38 24
2
41 39 22
60 51 24
0
0
2
37 28 6
47 39 20
1
41 33 14
2
46 38 1
42 36 7
0
2
47 38 9
41 30 21
1
36 28 8
0
3
57 37 11
44 29 13
59 38 14
2
35 23 0
46 37 14
2
58 44 10
49 39 14
2
59 43 7
46 38 18
1
48 33 15
1
67 54 1
2
35 23 1
48 34 7
1
55 44 7
0
1
52 45 5
0
4
57 42 2
49 38 4
42 34 12
52 42 22
0
3
61 46 0
42 41 18
59 47 22
1
53 38 6
1
60 45 5
1
55 48 7
2
34 30 1
37 29 18
1
45 32 22
1
54 42 22
0
2
71 57 22
29 17 24
1
57 40 22
2
67 64 14
38 31 20
0
0
1
57 41 1
3
66 59 11
56 49 12
35 23 17
1
58 42 17
3
89 57 10
59 51 14
28 25 16
1
57 43 0
1
44 35 7
1
60 46 0
1
40 35 12
2
53 41 0
55 38 17
0
0
1
50 45 17
1
68 60 7
1
38 24 4
2
41 40 10
42 31 18
1
52 51 13
0
0
2
44 44 8
38 28 16
3
45 41 6
57 44 14
57 44 22
0
1
63 61 20
2
69 52 6
59 54 11
2
73 62 1
59 57 15
0
0
0
0
2
57 48 11
57 48 14
0
2
61 59 4
78 52 6
0
0
0
2
52 49 6
66 62 11
2
53 38 6
61 61 8
0
0
4
58 55 3
62 51 9
46 38 17
70 66 22
1
65 52 10
2
69 45 9
82 78 15
0
0
2
57 38 6
49 43 8
1
74 64 1
2
80 55 2
36 28 12
1
31 26 15
2
72 62 6
57 37 8
1
52 46 9
1
58 48 11
1
55 50 24
5
54 41 0
54 42 4
66 52 7
56 59 20
53 43 21
1
76 54 7
0
2
59 46 4
68 58 22
0
2
68 62 1
50 41 8
3
71 49 0
47 35 3
42 31 22
1
61 54 24
1
46 33 7
0
2
70 61 3
62 38 11
2
65 43 7
61 45 24
0
0
2
50 38 6
66 57 7
0
0
1
64 54 4
1
55 44 7
1
70 45 11
2
80 57 14
74 62 20
1
70 54 24
1
80 70 20
3
83 49 0
50 47 5
58 45 9
1
67 51 4
5
81 70 3
57 45 5
79 63 7
55 52 8
75 57 18
2
50 42 12
51 43 13
3
62 54 4
72 53 7
79 52 11
2
72 45 2
55 40 8
3
53 38 11
77 65 15
69 64 19
0
0
4
52 33 5
52 40 15
66 41 17
66 55 22
1
72 69 24
1
68 56 1
4
44 39 4
62 48 7
60 52 10
67 64 18
1
61 63 14
1
74 64 7
1
58 49 5
3
69 64 3
65 44 5
65 39 9
2
61 42 0
86 65 9
1
57 54 9
2
59 44 4
61 56 24
2
83 55 6
51 35 21
0
1
69 57 14
1
72 50 4
0
1
74 58 17
0
0
1
63 35 11
3
74 50 11
53 39 18
65 53 19
3
63 50 5
56 41 7
51 40 22
2
85 73 14
61 65 20
4
70 57 1
32 29 7
50 43 9
74 62 22
0
1
73 60 9
1
67 54 10
2
98 81 5
78 67 14
1
70 42 15
0
2
49 31 3
73 57 4
0
1
63 47 24
2
57 50 12
61 51 14
0
4
57 39 1
75 54 11
77 51 17
76 45 20
1
77 65 22
0
2
96 88 6
82 71 10
1
81 71 12
0
1
73 54 15
2
80 54 2
60 56 17
1
73 62 20
1
56 47 16
0
4
90 49 5
73 45 12
66 58 20
91 57 21
0
0
2
82 67 5
74 68 17
0
0
2
59 56 11
71 54 22
1
97 85 10
0
2
69 48 8
87 75 17
1
68 56 22
1
86 72 6
1
86 70 24
1
91 68 1
0
1
77 60 15
4
94 72 0
65 59 10
59 66 17
77 60 20
1
87 67 5
3
73 55 5
64 50 7
83 67 20
1
72 60 7
2
60 43 15
48 45 19
2
78 55 8
92 71 20
0
0
1
68 57 6
1
103 92 11
1
61 53 15
1
58 57 9
2
70 53 1
96 68 22
0
0
0
2
66 53 11
76 68 17
1
63 49 14
0
1
59 49 18
2
86 62 8
72 63 12
2
86 79 14
87 72 24
0
1
91 73 14
1
49 41 1
3
72 69 4
67 53 6
83 82 24
0
0
1
77 45 7
2
77 53 7
74 59 8
0
3
55 48 1
93 87 4
86 89 5
1
69 68 21
1
73 47 10
1
95 97 4
1
84 69 0
1
74 58 1
3
67 52 0
94 70 1
91 70 15
1
104 83 23
3
73 57 4
109 79 9
96 82 18
0
1
75 43 12
1
95 69 7
1
90 63 6
2
75 56 10
94 68 23
0
0
1
87 81 7
1
99 86 18
0
3
104 65 14
102 89 17
97 76 20
3
80 65 4
68 64 9
65 46 18
1
69 54 22
3
75 58 0
76 66 17
80 64 24
0
1
74 62 22
1
71 55 6
1
110 79 18
0
1
62 45 5
1
98 81 20
0
0
2
66 50 10
58 51 15
1
127 106 6
2
118 97 7
64 49 15
2
91 65 22
86 76 24
3
79 58 4
84 57 7
86 67 10
0
2
93 75 3
80 62 7
1
96 80 0
1
77 47 7
0
1
99 95 19
0
0
1
77 65 16
3
106 79 7
92 70 15
115 93 24
3
82 59 3
93 62 7
96 84 14
3
103 82 2
56 40 3
46 37 22
1
86 89 4
0
0
3
90 71 11
64 58 12
85 62 21
1
115 96 5
4
67 42 0
85 78 7
81 55 18
119 97 21
3
106 71 11
105 82 15
122 97 21
1
76 70 7
0
1
79 68 10
2
75 57 4
82 80 12
2
79 61 4
103 90 10
1
89 63 18
1
73 61 6
0
2
82 61 0
95 79 17
1
88 56 4
2
93 73 7
102 78 13
0
0
1
98 85 6
1
72 53 17
0
1
88 78 10
0
3
107 85 5
87 69 7
69 62 24
1
87 72 20
1
110 81 6
1
118 94 19
1
86 64 15
1
109 90 12
2
91 84 5
99 102 8
0
1
94 77 20
1
84 73 19
1
113 105 21
1
69 56 10
0
3
81 65 11
81 48 18
86 66 21
1
83 67 12
1
101 84 18
0
2
126 110 1
62 47 17
2
114 98 2
122 103 4
0
0
0
2
106 75 17
91 83 22
1
104 84 19
2
115 76 9
101 83 14
1
125 103 1
0
1
84 64 18
2
96 71 12
79 73 15
1
70 40 14
1
59 42 15
1
104 79 7
5
120 110 1
105 91 4
78 60 17
103 69 20
56 41 21
3
113 92 0
120 144 12
76 58 18
0
1
112 110 15
0
2
81 67 6
91 91 18
1
117 93 0
0
2
110 93 8
84 71 20
1
71 59 22
1
88 69 10
1
100 80 15
0
2
77 56 14
77 53 21
2
96 58 0
101 81 22
2
71 66 0
104 70 8
2
70 59 0
105 91 9
3
41 39 0
102 74 7
102 91 20
3
86 65 9
90 79 20
85 66 22
0
1
107 84 7
2
89 56 10
94 54 24
0
1
115 103 7
0
0
2
66 63 4
72 67 10
0
2
95 70 7
91 75 15
2
79 65 3
96 89 12
2
86 65 8
124 86 17
0
1
115 105 1
1
155 105 5
0
1
83 64 24
3
63 50 3
106 86 8
93 57 9
0
3
120 104 8
111 99 14
109 72 22
2
82 53 10
87 67 15
1
78 81 15
0
1
134 88 1
3
148 124 1
90 71 5
99 63 14
0
1
113 75 7
1
72 75 2
0
0
0
2
123 77 2
84 64 16
2
100 80 4
116 83 20
1
118 90 4
2
105 84 7
105 72 12
0
2
77 58 21
132 111 22
2
142 113 2
82 61 12
2
110 82 14
152 87 18
2
83 61 0
87 75 6
1
141 127 14
0
1
63 49 16
3
106 80 4
152 136 8
107 103 13
2
95 72 8
98 91 12
3
68 42 1
107 69 11
104 84 15
4
105 82 2
102 67 5
99 89 11
109 95 24
0
0
0
0
2
54 34 2
90 92 17
0
0
0
0
2
75 70 10
137 86 24
1
114 92 11
1
77 62 3
0
0
0
1
92 84 4
0
0
2
71 71 2
93 73 5
2
123 85 7
132 109 15
0
0
1
121 76 1
2
134 116 7
107 90 22
1
100 83 20
0
0
0
0
1
119 98 5
1
139 95 18
0
1
136 107 17
0
2
107 103 5
121 92 7
1
127 105 0
1
106 78 14
0
2
103 85 1
90 60 18
0
0
1
137 101 18
0
1
105 68 14
2
142 95 7
104 73 10
2
68 52 12
103 80 15
1
154 122 21
3
84 82 4
111 86 15
86 68 17
1
133 123 16
0
0
2
125 115 6
124 117 11
2
100 80 9
137 120 18
1
93 82 22
1
88 68 4
0
1
130 107 10
1
131 114 24
2
137 99 11
140 109 14
2
108 76 14
148 116 18
2
144 128 5
89 54 15
2
62 55 2
120 99 20
3
122 96 4
92 71 9
88 58 17
0
2
137 110 15
88 67 18
0
2
116 67 2
146 122 6
1
127 80 7
2
146 78 15
114 70 18
1
117 90 4
3
133 94 5
123 89 8
83 72 9
1
125 102 22
1
117 118 15
3
155 143 0
140 92 1
70 56 14
0
0
2
126 85 18
97 85 22
0
0
2
94 74 22
104 69 24
1
147 134 17
1
140 96 7
0
0
0
0
1
134 102 4
2
130 107 20
116 106 24
3
120 111 3
120 95 6
154 102 22
4
104 79 3
103 105 8
150 121 11
104 95 14
0
1
101 84 24
1
106 96 14
0
2
144 115 4
121 104 7
1
124 84 9
3
136 109 3
86 72 11
130 97 15
3
145 114 5
74 59 11
112 92 17
1
148 136 17
2
96 78 6
116 84 22
1
131 110 14
2
101 83 4
131 102 10
3
96 67 5
100 78 11
65 51 20
2
122 85 4
115 101 12
1
142 97 1
0
1
147 124 20
1
144 100 4
3
142 104 1
146 135 3
123 90 7
1
105 97 14
1
136 117 4
0
0
0
0
0
3
128 126 0
128 93 5
105 93 10
2
115 83 4
90 62 11
2
127 107 17
125 91 18
3
109 85 8
115 78 15
106 97 24
3
146 105 0
136 108 4
121 103 7
0
1
140 90 16
2
99 78 4
132 105 7
1
136 93 10
0
1
140 116 5
1
149 128 15
2
59 54 14
155 149 18
1
124 97 14
0
6
129 125 1
124 83 4
137 110 7
101 80 10
148 110 15
133 125 19
1
86 65 22
0
0
2
112 76 5
114 106 6
1
128 120 5
1
72 51 6
1
134 144 8
1
105 96 18
2
133 115 4
125 107 22
2
127 109 0
116 93 22
1
114 81 0
0
1
128 98 20
0
1
134 123 20
3
96 101 1
141 112 7
162 128 19
2
133 85 17
128 93 18
3
127 102 4
188 153 5
144 116 6
1
87 73 6
0
0
2
130 95 12
141 121 15
1
117 103 3
0
2
177 138 7
140 114 12
1
125 96 14
0
1
173 156 4
1
142 118 1
0
2
129 96 4
115 101 24
0
0
0
1
132 89 11
0
1
149 101 4
0
1
118 107 10
0
1
123 107 7
1
108 88 17
3
132 92 9
119 104 14
138 100 18
1
161 127 15
3
148 127 1
172 116 8
146 133 14
0
1
122 102 11
1
101 88 1
1
152 122 3
1
93 75 1
1
130 94 1
1
141 112 5
0
2
161 119 4
109 88 18
2
109 77 0
130 96 11
2
90 74 10
151 114 17
1
119 80 20
0
0
3
97 76 4
113 90 5
167 148 24
1
169 138 21
0
4
149 100 1
107 93 6
119 87 9
124 100 15
1
108 107 19
2
124 87 17
130 101 21
1
135 117 14
2
133 92 2
116 81 4
3
142 114 0
148 115 10
150 103 12
1
120 80 24
3
173 126 4
120 124 6
141 83 7
4
124 107 0
158 126 12
107 77 14
126 104 17
5
114 103 3
120 85 4
112 86 9
137 125 10
179 144 24
1
116 78 15
2
183 164 2
131 100 6
3
152 134 1
180 153 16
129 109 17
0
1
95 76 7
2
95 73 6
175 144 7
1
113 100 10
0
2
139 128 3
133 115 18
3
166 134 8
156 147 22
154 137 23
2
107 88 2
138 117 17
1
146 126 4
1
144 145 7
1
129 110 18
3
131 113 6
169 95 11
119 96 14
3
129 103 6
85 77 7
101 73 15
1
182 180 0
1
107 100 17
1
176 141 20
0
1
108 105 16
0
2
162 134 6
133 90 7
3
76 60 1
125 97 6
135 100 14
5
121 107 0
125 94 9
155 134 12
127 102 15
121 97 22
0
1
138 115 20
1
132 89 20
2
162 110 9
111 109 11
0
1
128 108 0
0
2
123 112 3
149 122 22
0
0
3
120 110 7
140 126 11
118 106 24
2
106 90 1
174 133 15
1
160 101 18
0
3
124 100 4
117 101 17
130 100 24
3
170 140 1
138 109 6
197 126 15
0
1
135 96 24
2
144 108 4
141 115 24
2
128 106 6
145 134 24
3
108 76 10
157 146 20
150 134 21
3
135 108 4
160 153 7
162 128 8
1
147 103 4
2
143 96 5
93 75 20
0
1
169 133 7
0
3
142 120 6
108 91 9
154 165 18
1
154 141 24
0
2
176 132 6
131 115 8
2
116 101 4
206 181 20
1
122 86 4
2
60 41 10
161 119 15
1
148 133 24
1
121 104 11
1
154 112 10
2
205 147 20
118 96 24
2
154 97 11
185 176 24
1
158 105 18
2
152 89 4
120 70 17
0
2
198 158 12
185 134 20
0
1
169 163 4
3
161 155 6
127 100 13
173 115 17
2
154 154 4
145 118 7
2
125 101 4
148 125 18
2
166 143 17
128 86 24
0
0
3
153 120 2
138 124 8
153 104 10
0
1
159 119 7
0
0
0
4
147 105 7
157 116 10
120 95 18
155 147 22
2
134 99 0
177 140 8
1
120 108 4
3
123 92 0
126 98 14
117 91 16
0
2
112 86 15
69 48 17
2
181 142 2
162 127 24
2
88 61 5
149 130 18
0
1
127 121 13
2
127 66 1
113 80 22
1
187 127 12
2
172 121 5
200 171 12
3
158 141 0
102 85 5
178 108 24
0
2
141 105 1
180 176 14
1
189 175 11
1
172 151 7
2
178 153 1
168 126 12
0
1
167 138 11
0
1
137 133 24
1
107 92 11
2
151 133 9
138 124 24
3
169 155 6
199 128 19
184 151 22
0
3
126 110 12
180 135 15
118 73 20
2
97 65 4
139 125 24
2
149 110 18
157 129 24
2
141 112 1
146 149 21
2
135 129 3
168 156 8
1
163 125 19
1
135 123 21
2
92 76 7
183 152 12
1
158 174 18
3
158 134 3
190 165 9
204 168 20
0
3
143 118 0
137 105 14
183 104 20
1
116 94 14
2
166 129 0
218 165 6
2
154 124 1
95 56 24
0
1
104 101 12
3
132 96 14
193 143 19
150 118 20
1
126 102 20
2
143 128 4
163 137 8
2
147 121 15
115 105 18
0
1
129 109 10
0
1
168 157 15
2
169 107 17
151 129 24
0
3
131 87 11
120 78 16
144 131 17
4
107 88 8
175 135 11
142 143 17
164 138 22
0
1
184 139 24
1
145 92 15
2
215 161 8
156 108 10
2
126 91 3
168 126 14
0
0
0
1
186 152 16
1
137 127 15
