6 8 1 1 5 7 1 7 3 6 4 5 3 5 1 3 6 6 1 4 2 5 3 8 5
0
2
10 7 12
7 7 16
2
11 7 0
8 6 23
0
3
8 6 4
6 5 9
9 7 24
1
9 8 5
2
7 5 21
8 6 23
0
0
1
8 6 10
1
10 8 24
2
9 9 11
11 7 19
2
10 8 11
8 6 17
0
1
12 12 3
0
0
1
11 7 22
1
9 6 7
3
9 7 7
11 7 8
11 10 17
4
9 7 7
9 8 12
14 14 19
9 7 21
1
11 9 16
0
1
8 5 4
0
2
10 9 1
14 12 4
3
13 10 16
7 5 19
12 10 21
0
0
0
0
1
12 8 19
1
9 7 16
0
1
12 10 0
1
11 8 22
3
15 13 13
10 10 14
14 11 24
1
12 11 23
1
13 9 1
1
15 10 1
0
2
12 8 7
8 5 16
1
11 10 13
2
14 11 0
15 9 5
2
13 7 0
18 14 8
0
1
13 11 0
0
1
11 8 23
1
16 12 20
1
18 17 8
0
1
25 14 11
0
2
9 6 13
12 11 23
1
6 5 13
2
13 10 7
14 10 16
0
2
13 8 0
13 9 5
4
14 10 0
14 14 12
13 11 19
17 15 21
0
3
14 9 1
17 14 4
19 16 19
2
24 21 2
12 10 16
2
19 16 1
22 18 21
1
15 13 21
2
15 12 4
23 19 8
1
20 16 9
1
16 12 13
3
17 12 1
22 22 5
17 14 13
0
2
14 11 16
22 17 24
2
18 16 5
18 15 24
1
19 18 5
0
1
12 10 21
0
0
1
25 23 9
0
1
17 15 15
1
22 20 4
1
18 17 19
1
29 20 10
0
1
18 13 21
0
3
17 13 9
20 18 20
22 14 24
2
20 15 8
20 14 23
1
23 21 17
1
26 16 9
0
3
18 13 5
19 19 11
17 13 19
1
18 12 5
1
17 15 8
1
20 14 16
0
2
22 19 7
17 14 10
0
2
25 15 15
28 19 17
0
1
22 15 21
1
23 21 0
0
2
20 17 1
16 13 17
2
17 10 17
14 12 21
0
1
19 14 0
0
0
0
0
2
17 12 7
14 9 11
0
1
19 17 17
2
18 12 13
30 26 17
3
30 27 12
23 17 15
20 17 17
2
35 29 9
25 18 13
0
2
24 22 2
18 14 19
2
25 22 7
32 24 10
3
31 27 10
25 21 15
27 20 19
1
19 14 7
1
21 17 15
0
2
30 16 22
20 15 24
2
23 20 9
22 18 19
1
29 18 23
2
28 28 13
17 15 14
0
2
40 41 13
26 21 21
1
30 23 5
0
1
26 23 21
0
0
1
27 20 23
0
0
0
3
33 31 7
30 24 12
29 22 17
0
1
31 24 15
1
34 25 15
1
18 15 4
0
0
0
1
37 23 23
0
1
27 20 1
2
29 23 5
32 28 9
0
0
0
0
2
23 22 1
33 27 19
2
28 22 0
36 31 23
4
43 36 1
30 20 12
22 15 13
30 19 23
4
36 30 4
21 12 8
24 19 9
28 23 14
1
36 27 7
0
3
19 14 4
27 20 9
40 31 13
1
33 28 24
1
30 19 19
2
36 32 7
42 27 9
2
33 28 5
34 25 19
1
25 17 19
1
33 23 4
0
0
1
27 25 17
4
43 33 7
42 36 13
34 26 17
43 32 24
1
53 46 5
1
42 25 5
0
0
0
2
33 28 19
26 20 21
2
28 22 1
33 22 9
1
34 29 11
1
31 31 10
1
42 28 9
0
1
36 31 17
2
24 22 1
28 22 17
3
35 28 1
40 29 7
36 26 21
1
40 31 12
1
34 24 21
3
33 26 17
45 30 19
35 29 21
2
31 33 0
32 28 14
1
37 30 21
1
46 35 1
0
2
51 45 16
30 25 24
2
30 23 16
34 28 17
1
30 25 1
1
40 27 11
0
3
31 24 5
41 34 10
40 25 16
0
0
0
0
0
0
2
33 20 3
40 34 16
2
43 34 15
33 29 23
2
40 30 0
44 34 9
0
3
53 36 1
36 31 15
26 14 24
1
34 27 0
0
1
46 43 9
0
0
1
37 33 15
2
40 40 5
53 40 23
0
2
40 25 5
33 24 17
0
2
35 23 1
36 31 16
1
44 36 23
3
50 35 5
31 21 19
44 27 24
1
27 30 23
0
0
1
25 22 7
1
39 37 5
0
0
1
32 22 5
0
2
53 45 8
46 39 10
0
0
2
58 47 17
48 43 23
1
46 38 17
1
52 33 2
2
54 42 15
35 33 21
1
41 24 8
0
1
53 41 5
0
0
2
58 40 0
27 24 24
0
0
1
45 40 24
1
38 25 1
2
56 55 1
47 31 24
1
34 27 8
1
36 26 0
2
24 14 9
55 36 12
1
30 27 23
3
39 26 1
40 29 9
39 28 19
1
50 42 4
1
46 35 19
1
37 22 4
1
40 35 21
2
40 31 7
51 46 16
1
43 30 11
1
52 34 9
1
32 23 22
0
0
0
2
45 31 5
48 41 24
0
0
1
55 41 10
2
48 27 8
51 40 16
1
61 47 10
0
1
35 30 7
1
35 20 1
1
50 37 4
1
33 33 13
1
67 58 13
0
1
57 38 7
2
50 39 1
57 41 14
1
39 31 1
2
50 45 3
61 45 10
2
58 43 17
49 49 20
1
54 40 5
1
54 40 3
2
46 34 8
52 38 20
0
0
0
0
2
51 46 0
53 43 24
0
4
77 70 1
37 30 4
39 25 7
45 28 18
2
33 23 1
48 36 5
0
0
2
55 41 21
49 38 23
0
1
50 52 14
1
47 31 4
1
64 54 15
1
69 50 7
1
87 54 10
0
1
53 31 4
2
50 39 22
51 50 23
3
59 52 5
65 39 9
62 49 23
0
0
0
0
1
53 48 17
1
81 50 21
4
50 34 7
54 44 10
38 29 17
49 31 23
1
55 36 23
1
41 24 9
0
0
1
45 29 11
0
2
75 63 7
66 36 9
3
37 29 14
50 38 17
55 43 18
1
57 35 17
1
63 39 23
0
2
84 73 0
75 58 17
1
48 33 7
2
59 47 5
77 62 14
0
1
59 44 7
2
55 39 2
75 63 9
0
0
2
72 62 6
46 34 17
0
0
3
60 40 1
30 22 17
63 42 22
1
54 30 14
1
44 41 13
2
58 41 15
48 38 23
1
80 64 0
0
0
0
1
57 47 17
1
70 66 12
3
46 39 1
47 32 7
73 51 10
0
1
46 42 23
0
2
55 38 15
69 57 17
1
62 53 10
1
55 41 13
0
1
63 43 14
2
71 46 5
45 36 17
0
1
70 60 17
0
1
69 60 7
0
1
60 52 20
0
1
57 53 5
1
82 70 4
2
69 71 1
54 43 24
0
2
57 42 4
73 54 23
3
56 43 5
51 43 16
58 55 19
0
1
66 54 24
1
64 54 17
1
79 63 4
0
0
0
1
58 54 7
2
60 49 9
58 49 24
1
49 39 13
1
52 40 22
1
60 45 9
1
82 67 22
0
1
94 84 17
2
62 45 5
77 66 11
1
52 39 19
0
0
4
76 65 9
82 66 15
100 77 23
87 64 24
2
65 45 15
86 56 23
0
1
50 39 13
0
1
69 56 21
3
51 41 13
67 52 19
48 36 21
1
60 52 5
4
83 73 8
78 54 11
56 41 12
46 44 22
1
82 74 7
0
1
52 49 1
0
0
0
4
84 52 9
57 48 12
72 46 15
69 57 23
2
79 58 22
70 40 23
0
2
71 51 0
55 42 9
1
60 42 1
0
0
3
53 51 5
53 49 12
56 46 19
0
0
1
74 61 17
2
67 54 14
63 45 21
1
51 47 12
1
62 50 16
0
0
0
1
68 58 10
0
3
50 41 9
72 56 13
82 72 23
0
2
58 50 23
85 83 24
1
66 53 7
5
74 53 9
85 65 13
53 43 16
97 70 21
58 56 23
1
46 38 8
0
2
81 74 14
80 55 20
0
0
2
66 50 13
74 66 21
0
1
81 67 23
1
75 54 11
0
3
74 59 1
74 71 9
80 60 21
1
81 53 24
1
75 61 1
1
63 53 10
1
76 52 19
1
56 40 5
2
70 58 1
60 47 15
0
0
0
0
1
105 86 10
1
83 62 21
0
2
70 61 11
87 64 21
1
109 94 17
2
69 60 19
73 57 22
1
54 38 1
1
99 72 11
0
0
1
85 68 0
2
85 66 1
85 63 19
1
65 54 7
0
0
1
84 57 1
1
75 67 9
1
70 42 21
1
62 43 0
0
3
92 62 1
76 62 17
93 68 22
2
80 52 11
82 56 15
0
1
93 65 15
1
74 57 5
0
2
99 75 11
80 73 16
2
89 77 13
72 62 17
0
1
95 103 1
0
1
65 53 8
1
66 56 19
0
3
91 85 1
88 59 4
85 73 19
2
74 61 16
79 60 22
0
2
66 52 0
39 26 13
1
48 30 23
1
57 44 8
0
2
76 58 0
77 59 16
5
94 77 0
107 77 4
79 71 12
106 61 19
64 39 24
0
2
79 63 1
81 69 21
0
0
1
95 78 13
0
0
2
92 71 1
81 68 6
0
2
48 38 9
81 54 13
2
105 82 10
87 92 11
1
64 48 17
3
81 54 1
87 61 8
98 80 17
0
2
89 63 15
76 38 24
2
101 80 16
93 87 21
2
74 68 4
86 73 15
0
0
0
0
0
2
88 79 4
86 65 11
1
70 41 4
2
97 67 17
93 61 21
1
87 80 1
1
80 62 5
1
72 64 9
3
84 69 7
112 93 10
103 88 16
1
103 94 16
0
1
135 147 17
0
1
113 83 0
0
1
119 101 24
1
81 65 17
1
79 51 5
3
82 59 0
68 49 17
61 47 21
1
93 62 0
1
84 76 1
2
95 68 1
68 56 2
1
108 68 17
1
97 77 15
1
60 43 1
1
80 65 9
2
81 67 4
77 69 17
2
107 76 0
93 73 16
0
1
58 44 5
3
95 81 1
102 66 7
93 88 16
0
2
63 49 7
71 50 13
2
92 83 4
124 104 17
2
82 67 6
105 82 13
1
100 91 1
2
70 63 5
100 62 23
0
0
1
98 78 1
1
80 76 24
1
86 77 1
0
0
2
68 55 11
92 67 16
0
1
109 85 12
3
92 94 9
92 72 17
62 49 22
2
54 50 11
102 96 17
0
1
90 77 4
1
85 66 15
1
122 78 10
4
71 53 5
94 69 8
79 74 9
100 94 24
0
0
0
1
90 72 7
0
2
72 71 15
124 115 23
2
86 60 17
76 64 23
0
1
87 80 23
1
94 71 1
1
103 88 21
1
83 66 8
2
119 87 23
62 44 24
1
69 46 24
0
2
147 116 5
100 89 14
0
1
85 65 23
2
78 67 17
93 60 20
3
114 89 11
46 35 15
109 72 16
2
108 78 0
73 59 5
0
0
0
1
68 50 5
0
2
112 99 8
75 56 12
0
0
1
108 87 7
1
144 121 9
2
134 115 8
114 90 24
3
117 106 5
100 73 10
130 107 17
1
122 88 12
3
98 75 5
77 53 11
105 77 15
0
1
83 80 15
1
131 107 16
2
86 79 2
95 69 16
1
91 75 11
0
0
1
91 53 16
0
0
2
164 128 5
91 88 13
1
90 72 4
1
100 82 13
1
101 73 16
1
85 73 8
0
1
88 65 4
2
107 92 5
106 79 16
2
114 75 0
113 99 24
1
99 78 9
1
75 58 19
1
107 90 19
2
106 89 1
58 46 11
0
2
92 55 13
80 79 17
0
2
84 77 16
126 93 24
1
101 85 7
1
95 87 5
2
113 89 7
109 94 22
2
120 93 1
136 104 12
3
128 80 4
85 73 19
54 39 24
0
1
102 71 23
0
0
1
97 81 24
1
119 98 24
0
1
136 116 24
2
87 72 17
105 60 24
1
137 107 23
2
106 79 0
107 68 5
1
85 61 10
0
0
2
88 73 10
104 88 23
1
89 73 7
2
88 83 7
97 69 12
0
1
101 83 9
1
92 70 13
0
0
0
1
127 101 17
0
0
1
92 75 9
0
2
99 73 17
121 112 23
2
90 76 4
126 110 17
0
1
105 65 17
1
106 96 24
1
114 83 1
1
110 81 19
0
0
2
133 124 0
100 70 17
4
90 61 4
66 54 15
101 73 19
74 58 21
1
137 113 16
2
100 91 7
98 74 19
2
147 127 5
128 105 19
1
80 80 23
1
116 85 23
2
91 76 16
85 60 24
1
63 46 1
1
111 86 5
0
1
94 81 0
0
2
77 64 7
90 52 9
0
1
130 107 21
0
0
3
110 89 9
73 49 11
93 72 24
3
138 120 9
126 90 16
101 69 17
1
92 66 8
0
0
3
148 128 13
93 87 18
105 77 24
0
1
152 134 14
2
160 138 5
154 128 8
1
159 125 5
1
124 109 10
1
98 66 11
2
107 68 13
128 96 21
2
90 76 1
103 93 8
1
107 92 24
2
89 76 12
148 119 16
2
124 103 21
132 74 22
1
135 103 8
0
3
123 92 21
118 96 22
126 99 24
1
122 93 10
3
122 93 1
130 140 9
160 122 20
2
124 100 11
99 51 19
3
150 111 0
134 114 1
95 81 13
0
1
146 142 7
0
1
117 88 22
1
98 80 5
2
113 92 10
141 103 13
2
114 103 7
100 70 10
1
123 122 15
0
1
64 61 10
3
128 117 11
132 89 21
89 67 23
1
121 88 20
0
2
93 67 7
118 94 23
1
99 78 7
3
101 81 7
80 80 9
103 94 18
1
131 106 13
1
119 116 8
2
99 87 12
124 98 16
2
84 73 0
101 70 15
1
97 74 1
2
118 99 9
104 84 20
2
92 76 4
117 91 13
0
0
3
161 117 5
157 128 12
123 97 16
1
114 81 7
0
1
102 82 24
2
124 95 3
86 63 10
1
123 83 23
2
166 122 9
107 107 24
2
124 94 16
95 73 17
1
140 107 23
2
108 90 0
103 99 1
1
90 83 11
3
103 64 4
155 147 13
65 49 15
1
119 112 7
1
134 94 17
1
88 82 17
2
94 69 6
134 138 21
1
133 97 7
0
1
85 62 17
3
125 108 7
89 69 16
137 104 22
0
1
99 87 11
1
52 38 9
1
144 91 23
2
124 109 16
82 75 21
2
111 90 4
123 94 17
0
1
101 68 13
1
105 68 7
1
148 109 2
2
133 122 2
110 95 19
2
110 94 7
146 110 17
2
113 88 1
141 123 7
1
79 60 19
1
121 98 5
4
110 97 7
141 86 9
109 91 11
132 93 16
1
92 72 9
0
2
132 129 0
110 105 6
0
0
2
129 100 12
106 93 21
2
130 92 0
173 116 16
2
144 113 0
138 102 15
1
126 124 23
1
105 70 1
1
130 96 1
1
122 96 4
2
84 69 13
168 131 14
2
96 63 8
119 117 15
1
135 117 21
1
126 86 0
1
136 115 17
1
96 82 12
1
121 100 15
1
114 92 0
0
2
95 67 13
146 129 16
3
149 121 9
159 138 17
151 113 23
1
123 120 1
1
116 109 15
0
1
162 102 18
2
139 109 0
90 64 1
0
3
108 88 0
155 111 13
99 72 23
1
104 69 16
0
3
146 111 8
117 97 13
162 127 17
0
0
1
113 80 10
0
0
5
111 80 0
150 109 1
150 107 12
121 107 23
121 89 24
2
137 88 11
125 116 23
3
137 118 1
127 103 17
122 108 19
0
1
148 120 21
0
1
153 135 13
0
3
118 107 10
123 104 11
141 118 17
1
178 121 23
1
119 95 4
3
106 81 0
122 93 8
96 76 20
2
129 106 1
154 133 24
0
3
180 161 5
165 136 7
130 103 23
1
182 159 23
3
126 101 5
190 178 15
122 90 19
0
5
164 140 8
120 103 9
118 104 12
150 128 13
137 130 19
1
147 147 23
2
148 131 5
137 114 13
0
1
133 127 7
1
118 97 13
2
174 154 0
128 96 20
2
114 90 8
92 88 10
1
178 130 23
0
0
2
167 140 13
170 143 19
2
85 70 9
121 82 12
2
164 109 1
58 46 8
0
1
144 68 13
0
0
2
215 185 8
148 134 22
0
1
118 100 6
1
138 115 24
1
164 133 5
0
2
164 147 16
123 94 20
0
0
2
102 69 11
169 108 19
1
109 79 5
2
101 84 1
183 150 17
0
0
0
1
135 105 11
2
120 85 4
163 140 8
0
2
150 95 17
158 133 19
0
1
198 167 10
0
2
119 108 1
138 82 13
0
1
124 92 23
0
2
132 110 1
125 112 20
0
0
0
2
154 113 1
147 119 13
1
158 134 7
0
3
164 127 5
89 77 12
147 122 24
1
95 81 16
1
128 99 24
0
0
0
3
176 131 13
153 101 16
136 107 17
0
3
113 106 7
132 103 11
162 157 23
0
1
214 178 19
1
98 88 23
0
1
126 89 12
1
145 112 5
1
119 83 8
1
122 82 4
1
149 153 4
2
145 90 5
148 123 23
1
126 103 9
1
168 126 11
4
132 120 0
130 87 9
144 99 11
134 114 12
1
128 97 22
2
172 117 3
193 138 4
1
72 50 10
1
117 101 15
1
117 92 24
1
176 150 12
1
161 135 22
0
3
174 131 1
146 108 21
143 127 24
0
1
151 119 11
1
218 158 7
2
125 85 5
214 184 17
1
148 129 4
0
0
1
159 101 22
0
1
135 124 9
0
0
1
142 129 19
1
134 101 5
2
133 117 5
141 99 23
1
159 93 22
0
1
127 85 19
1
169 139 1
0
1
130 121 16
0
0
2
149 109 4
172 149 23
1
101 100 24
3
102 69 0
168 142 7
164 139 16
4
81 59 6
126 93 12
157 117 17
156 137 23
3
131 99 6
100 75 8
178 134 13
1
155 125 9
1
147 124 13
0
2
114 101 1
136 91 21
1
71 68 1
0
2
151 133 7
121 87 16
1
129 92 21
0
0
2
129 88 9
121 85 22
1
129 104 19
1
153 114 4
1
91 78 15
0
1
153 119 16
1
166 117 11
2
128 120 0
152 122 13
1
159 133 7
1
167 139 23
2
158 115 0
195 170 8
1
150 143 1
0
1
136 101 16
2
184 172 1
162 123 16
2
178 148 7
156 119 23
2
109 89 7
163 126 19
3
190 168 1
127 95 20
157 107 24
0
1
133 105 4
2
211 173 11
109 80 16
4
165 162 5
116 95 8
132 103 9
146 142 13
0
1
155 126 8
0
1
133 108 17
2
155 141 3
152 125 14
0
2
159 128 5
220 181 13
0
1
163 134 9
1
160 126 10
2
170 137 2
191 142 24
2
121 86 0
195 154 10
0
0
1
150 120 6
3
145 128 1
87 59 12
134 122 13
1
132 117 23
1
164 132 13
2
206 195 13
149 127 22
0
2
115 96 9
190 164 12
1
185 137 1
1
148 113 22
1
150 140 7
1
120 102 23
3
174 154 1
149 129 4
184 181 23
3
115 112 0
210 152 1
198 141 7
5
98 67 0
176 108 4
190 153 15
173 159 17
229 168 20
0
