6 4 8 1 3 5 5 6 3 2 1 6 3 7 3 2 4 4 1 6 2 1 2 8 6
2
7 6 1
7 5 23
2
8 9 1
6 4 16
2
9 7 0
5 5 6
0
2
8 6 1
7 6 2
1
7 5 7
1
10 8 14
1
7 6 11
0
2
4 3 8
8 7 16
1
12 7 0
1
13 11 5
2
7 6 2
10 10 6
1
9 7 24
0
2
9 7 2
10 7 16
0
1
8 7 0
2
9 7 5
10 9 19
2
12 10 12
11 10 23
0
2
11 9 6
11 9 7
0
0
0
2
10 6 0
11 10 13
0
1
7 5 6
2
13 7 6
9 9 21
0
0
2
17 14 20
11 8 22
0
0
1
11 7 12
0
2
12 10 7
14 11 24
1
13 11 14
2
13 11 0
15 9 23
1
15 10 9
0
0
1
15 10 11
2
9 6 10
9 7 11
1
13 11 23
0
3
11 10 0
11 9 18
14 9 20
2
15 13 2
13 9 8
0
2
13 9 18
16 13 19
1
14 13 6
1
13 12 7
1
11 9 14
2
20 14 11
16 10 23
3
14 11 7
19 16 13
16 11 23
1
14 9 11
4
20 17 11
13 11 13
17 13 14
16 12 22
0
3
14 11 9
17 14 11
8 7 12
2
14 8 17
19 14 22
0
0
2
21 16 7
13 11 23
0
1
16 10 8
2
14 11 3
21 21 13
2
18 16 2
12 10 4
1
8 7 24
1
24 20 16
1
19 19 2
1
14 9 0
0
0
1
20 18 21
1
15 13 22
0
2
22 17 8
20 20 11
2
21 13 8
15 14 23
4
20 19 13
7 6 15
18 11 19
14 10 23
1
18 13 24
0
1
24 20 23
1
25 21 13
1
19 14 7
0
1
18 13 19
2
20 15 3
25 20 7
0
1
18 12 6
0
1
20 16 0
1
21 18 0
1
27 17 21
0
2
19 12 13
21 18 17
1
22 17 11
1
27 19 23
0
1
20 17 24
2
27 20 7
19 17 21
2
22 19 1
24 17 13
0
2
25 19 11
19 14 19
0
0
0
0
1
17 14 23
1
14 11 19
1
35 21 0
1
21 21 15
1
23 19 11
2
16 11 0
18 15 2
0
3
28 23 9
28 25 13
22 18 23
1
20 18 24
0
1
26 19 11
1
29 27 7
1
27 22 17
0
0
0
0
0
1
28 26 16
1
18 13 24
1
28 20 19
1
37 33 6
0
3
22 18 0
24 22 13
35 31 17
0
0
0
1
29 22 15
2
24 19 4
28 25 19
1
30 24 24
0
2
34 21 0
25 13 2
3
20 15 0
30 23 6
30 24 19
1
36 21 2
0
0
0
1
25 19 10
0
2
29 27 11
30 23 19
1
26 22 24
1
18 15 16
1
34 25 4
1
29 20 17
0
0
0
0
2
27 24 7
27 20 23
1
30 24 7
3
20 12 0
29 20 1
22 13 13
0
1
26 17 10
1
36 29 12
2
32 34 5
40 27 23
1
43 29 0
3
34 27 5
21 20 7
38 29 23
0
0
0
1
32 31 24
1
26 22 3
2
23 17 10
29 23 11
1
31 25 2
2
33 27 0
31 27 23
2
38 31 7
30 28 13
0
3
21 19 1
44 30 7
29 22 17
0
1
24 14 8
1
33 26 2
1
21 14 8
2
45 47 5
39 28 11
1
26 22 16
1
36 32 0
3
35 28 2
35 29 14
35 26 16
0
0
1
35 35 1
1
26 23 9
1
41 34 10
1
40 32 1
2
39 30 1
32 25 12
0
1
40 33 23
4
41 31 0
41 33 2
55 43 23
39 33 24
1
38 31 22
2
25 15 6
28 25 17
1
28 24 20
0
0
2
40 31 6
39 35 14
1
47 30 14
2
32 22 2
38 25 5
1
34 25 24
1
41 35 4
5
32 28 2
40 30 4
45 38 7
42 33 11
42 25 24
0
1
34 24 7
5
33 27 1
49 44 8
36 28 19
31 21 20
53 46 23
4
36 29 6
40 28 22
22 21 23
38 27 24
3
43 38 0
37 37 11
40 34 23
0
2
38 30 0
33 26 6
0
2
24 20 5
42 27 11
1
55 50 24
0
3
39 32 16
53 30 23
47 26 24
0
2
43 41 23
33 29 24
2
34 28 0
36 27 7
2
22 17 11
36 33 13
0
1
37 29 19
1
31 20 4
2
42 40 14
40 27 24
1
50 43 23
0
1
54 42 9
1
53 46 24
0
0
2
51 44 2
59 46 13
1
37 25 0
1
41 32 23
1
53 50 24
2
24 20 3
40 32 13
2
41 25 0
45 33 24
4
54 48 8
42 43 11
44 36 14
51 44 19
0
1
41 37 23
2
49 36 7
27 26 11
2
35 34 7
43 33 17
0
0
1
45 33 13
2
37 30 3
51 46 6
1
57 40 24
1
42 31 7
0
0
1
48 42 9
0
2
44 32 7
37 27 22
1
40 32 1
0
0
2
51 40 0
44 35 15
1
37 32 19
2
49 40 18
50 38 23
0
2
62 55 7
41 40 23
1
46 30 8
0
0
0
1
23 18 18
1
41 43 11
0
0
2
26 22 8
38 29 12
0
0
1
40 23 2
1
38 30 2
2
42 35 6
53 39 17
1
43 39 2
3
47 45 2
38 32 8
37 26 23
0
2
59 51 8
38 31 23
0
1
44 38 23
2
38 29 17
48 34 24
1
24 20 17
2
56 53 11
45 28 19
1
37 26 6
0
0
3
60 43 9
43 34 14
22 17 23
1
51 43 13
1
56 42 11
2
44 39 4
52 40 6
0
0
0
2
52 44 2
58 44 24
0
0
0
0
1
73 54 8
0
2
45 44 7
49 40 24
0
1
52 47 17
1
36 30 8
2
57 47 14
69 60 19
1
50 46 11
1
43 38 22
0
1
38 30 16
2
50 40 19
68 48 23
0
0
1
58 42 23
1
53 47 7
1
56 33 13
4
51 40 1
45 38 11
67 60 13
50 27 23
2
57 49 6
44 36 23
1
37 22 17
1
55 53 19
1
73 52 23
0
2
50 44 2
70 50 17
1
52 39 5
0
2
57 41 5
59 47 13
0
0
0
2
57 43 2
75 68 9
0
1
64 47 14
0
0
2
80 61 20
50 41 22
2
34 32 8
39 34 14
2
61 48 15
77 56 24
1
52 41 0
2
64 45 2
38 30 13
0
2
36 25 5
61 50 16
0
0
0
0
0
2
57 48 2
71 49 17
1
59 50 15
1
55 45 24
0
1
29 27 1
1
57 41 9
1
49 30 1
1
75 62 23
0
1
48 38 15
4
60 30 0
45 41 10
62 53 14
67 45 20
0
1
39 30 5
1
79 59 23
2
58 41 12
59 58 23
0
1
52 37 13
0
1
62 59 7
1
70 43 2
0
4
58 46 3
81 65 10
75 63 11
55 41 19
0
2
48 32 6
46 43 7
0
5
59 42 0
74 64 6
46 36 13
66 54 19
58 38 24
1
78 67 24
1
64 52 2
0
1
62 41 6
1
73 61 13
0
0
1
83 51 7
1
48 37 17
1
71 58 1
1
48 42 7
1
49 38 7
1
66 64 11
2
86 62 0
63 53 6
2
61 60 0
49 41 6
1
29 24 17
0
0
1
78 55 20
1
48 43 17
1
65 52 15
3
67 53 2
70 51 7
52 40 12
1
74 63 0
1
63 46 19
0
1
72 55 23
2
86 89 4
67 52 16
1
54 50 15
1
76 58 1
2
74 34 2
60 46 6
1
69 50 5
0
1
85 63 18
1
63 57 19
0
0
0
2
57 54 1
60 54 7
2
71 72 0
56 49 8
0
0
0
0
1
67 48 1
3
66 54 2
52 41 9
95 65 14
1
82 62 5
0
2
77 69 14
57 44 18
0
2
58 47 5
69 49 19
2
95 95 14
77 58 19
1
63 51 23
1
60 44 23
2
112 79 7
46 33 22
3
54 43 0
56 52 15
84 61 19
0
0
1
70 64 1
1
67 54 5
0
1
68 52 0
0
0
1
87 61 5
0
0
2
85 51 5
67 50 24
2
77 52 6
59 57 19
1
91 69 15
1
73 65 11
0
1
76 64 1
0
1
76 57 5
0
0
0
0
0
1
94 79 11
0
0
0
0
2
75 60 7
55 58 16
1
72 51 20
3
68 59 13
103 104 15
68 55 16
2
69 59 6
81 62 23
2
53 45 5
78 61 23
2
69 60 16
74 53 17
0
0
2
97 67 7
96 74 13
4
68 64 0
76 61 11
75 59 16
73 60 19
1
97 81 6
0
2
77 74 12
93 68 23
1
61 41 7
0
0
2
94 82 22
79 73 24
1
90 63 0
0
1
88 64 21
0
1
79 73 19
2
96 75 7
83 52 13
2
92 60 13
90 89 14
1
74 61 23
2
58 49 9
79 73 23
1
81 57 13
0
0
1
74 56 6
1
76 49 16
0
1
68 57 1
0
2
86 58 6
66 58 9
1
72 69 7
0
0
2
95 74 6
77 58 24
1
66 74 24
0
1
97 76 0
0
2
71 42 2
97 85 22
1
40 33 19
3
77 54 2
79 63 6
89 63 13
1
78 72 0
1
77 58 7
0
0
2
77 52 1
77 59 23
1
102 71 23
3
49 33 11
71 48 14
97 59 19
0
1
90 78 4
0
0
0
1
73 71 9
0
1
112 79 6
1
91 78 14
0
1
113 95 20
2
76 66 15
92 52 22
1
63 63 22
1
97 74 6
0
0
1
64 64 1
1
87 78 20
0
0
0
0
3
97 75 11
115 79 13
128 73 19
2
67 43 6
89 64 19
4
78 66 2
100 73 6
84 53 7
107 79 23
0
0
0
4
77 70 6
70 58 12
67 58 13
51 45 16
1
86 58 0
3
89 72 5
60 52 10
84 72 16
0
1
136 110 5
2
67 45 7
104 96 13
0
2
81 76 7
63 34 12
0
2
79 65 2
71 66 24
0
2
98 90 5
69 58 17
1
87 80 22
1
89 62 17
1
87 73 20
1
79 77 14
2
72 66 4
84 63 9
1
99 77 11
1
94 75 19
0
0
1
63 45 6
0
3
93 88 1
99 91 10
106 96 24
1
81 67 15
0
1
101 78 17
0
1
91 62 2
1
107 95 19
1
86 76 13
0
0
0
0
0
1
118 88 13
2
117 98 2
106 90 5
3
61 57 1
86 73 7
90 72 19
1
91 70 1
1
104 95 23
0
0
2
74 53 7
105 78 13
1
107 83 0
0
1
86 65 23
1
87 84 23
0
0
1
78 72 5
1
95 74 4
1
84 66 24
0
5
132 123 0
97 75 4
106 91 13
89 74 17
97 75 19
0
2
86 61 12
83 65 16
1
110 72 6
0
1
66 57 19
0
0
2
102 90 12
111 86 21
0
3
95 76 0
123 104 5
71 64 23
2
115 92 0
118 78 13
1
95 73 17
4
106 76 13
100 80 15
98 73 16
69 49 23
1
102 89 11
0
1
105 66 20
1
78 57 2
0
2
87 70 7
101 83 23
1
109 94 5
0
1
114 84 7
2
98 62 8
86 59 15
0
1
97 85 5
2
98 68 3
100 74 24
1
108 63 17
1
74 68 4
1
61 53 16
0
2
98 67 3
104 87 23
2
91 70 11
66 59 14
1
110 80 0
0
0
0
2
98 81 20
95 66 24
1
88 55 10
2
130 107 13
119 110 22
1
88 83 23
1
100 87 19
1
116 114 8
3
120 97 0
104 71 6
114 114 15
2
104 77 5
87 81 23
4
74 55 7
90 78 11
83 71 19
114 95 23
0
2
109 94 7
75 42 24
1
74 43 2
1
99 82 12
0
2
100 85 7
72 59 16
2
119 77 5
85 76 21
3
117 89 2
113 92 13
87 79 23
1
95 81 19
1
116 108 5
2
106 85 11
124 102 24
0
1
82 67 2
1
104 76 2
1
78 64 19
2
105 79 5
122 107 19
1
104 76 11
1
76 51 13
1
126 102 19
0
0
2
86 62 7
62 47 24
2
108 93 2
112 91 4
1
94 72 20
0
0
2
101 92 6
152 113 15
0
2
102 71 8
109 74 23
1
76 57 13
0
0
2
46 30 2
112 96 13
0
1
80 70 19
1
146 135 2
0
0
0
2
157 122 1
98 72 9
2
116 89 11
112 96 16
1
109 83 1
0
0
2
149 108 0
118 90 2
0
0
1
83 80 20
1
115 102 6
0
3
150 115 7
129 132 14
115 89 16
1
33 25 22
2
26 20 0
122 102 11
0
0
0
4
91 74 7
94 84 9
125 112 19
58 50 22
4
121 97 1
139 100 11
96 88 19
97 81 22
2
131 112 19
95 85 23
1
60 51 2
1
140 134 2
0
2
109 79 23
121 92 24
0
1
119 113 8
1
76 43 22
0
2
121 110 7
74 61 23
0
0
2
137 111 1
123 112 5
1
136 113 0
2
78 72 0
151 114 13
0
3
125 101 7
128 106 13
82 57 23
2
117 77 11
73 52 20
1
151 128 7
1
149 116 17
1
146 108 23
0
0
1
144 122 16
1
151 114 23
2
69 65 6
135 106 12
0
0
1
133 123 11
1
123 101 14
0
2
123 65 1
133 90 23
0
2
93 79 15
110 76 23
1
117 112 11
0
1
159 162 23
2
123 104 15
102 73 23
1
133 86 10
2
147 115 0
113 70 7
0
0
1
135 107 14
2
109 106 5
118 86 20
0
0
4
96 78 0
120 101 1
169 159 6
134 119 16
0
1
158 139 6
2
128 86 2
122 97 3
2
170 151 5
151 132 10
1
115 62 19
2
91 86 23
116 98 24
0
1
118 76 23
0
1
89 68 17
2
105 85 13
132 128 19
0
1
108 89 12
1
92 73 1
1
131 117 7
3
132 94 0
106 68 5
107 80 22
1
106 74 2
0
2
113 74 7
155 139 15
2
118 97 0
138 129 2
1
116 90 0
1
89 64 15
0
2
126 99 6
120 90 9
1
124 99 15
1
200 151 12
3
135 105 2
80 59 13
120 89 23
3
144 109 2
124 94 17
100 62 19
0
0
0
0
1
85 55 22
0
1
159 110 18
3
147 133 0
127 84 7
128 113 16
1
126 108 4
1
125 89 24
1
165 135 2
4
77 65 5
101 74 7
115 108 19
132 119 23
3
171 113 0
145 105 19
141 113 23
0
2
96 77 4
102 82 5
0
0
1
127 96 0
1
104 100 13
1
101 89 22
2
98 82 0
131 89 11
2
104 86 16
134 95 18
3
102 84 1
167 134 13
121 75 22
1
108 65 4
1
99 86 22
0
0
2
132 100 12
112 90 23
0
1
142 115 23
0
2
164 120 5
104 60 6
0
1
166 141 23
0
3
124 105 0
133 134 5
152 121 17
2
138 101 11
152 125 19
0
0
1
164 124 13
0
1
131 90 23
3
117 86 0
108 84 4
149 107 24
0
1
84 64 13
1
138 114 8
0
1
164 129 11
2
125 120 1
132 116 4
1
113 104 21
0
0
0
1
183 143 12
0
1
171 110 0
1
121 84 17
2
76 60 1
88 81 23
1
129 86 11
0
2
138 132 2
165 126 24
0
0
1
137 154 14
1
148 96 8
4
143 121 0
188 152 13
134 103 19
120 100 21
1
160 126 2
2
144 130 7
144 126 19
1
105 82 14
0
1
144 118 8
0
0
0
1
121 104 23
1
142 81 16
2
145 118 13
141 112 19
0
1
152 88 10
0
1
130 104 19
1
147 118 11
3
124 103 16
169 92 19
118 95 24
2
105 89 16
149 93 22
1
123 94 0
0
1
130 95 3
1
83 63 24
1
129 89 7
0
2
128 95 4
146 112 23
1
159 120 2
0
1
184 179 23
0
2
127 88 4
135 114 23
1
142 115 23
1
84 81 8
0
0
1
139 104 23
1
162 111 13
2
156 134 5
97 60 9
1
128 119 22
2
94 84 2
175 146 11
1
108 72 24
4
104 74 0
126 100 2
154 120 7
87 76 23
0
0
0
0
2
171 113 2
132 118 23
2
150 124 2
142 111 11
2
144 108 6
192 151 10
0
1
142 135 7
2
97 73 11
156 123 24
2
141 106 6
143 123 19
0
1
96 75 24
0
1
162 98 0
1
127 103 5
0
1
129 78 20
1
161 147 0
1
125 75 0
2
135 88 0
155 130 7
2
163 150 0
139 117 11
3
161 125 1
134 111 11
127 102 14
1
183 137 7
2
175 167 0
141 108 13
2
139 108 5
176 120 8
0
2
189 156 2
101 75 16
2
158 130 4
122 81 24
2
147 110 1
157 125 2
0
1
152 100 23
0
0
1
164 114 2
1
164 156 7
2
180 147 19
166 136 23
1
136 111 23
0
1
173 142 16
3
112 94 19
194 174 22
160 143 24
0
1
196 204 17
1
116 94 9
2
123 82 7
114 89 16
1
126 91 5
1
145 107 19
0
0
1
157 110 24
1
169 161 5
2
184 138 7
138 119 18
0
0
1
159 138 13
0
0
1
141 110 12
0
2
155 134 3
177 103 12
0
1
94 74 7
0
0
2
162 150 13
88 76 24
1
153 98 7
3
91 75 19
122 96 21
165 126 24
1
144 96 2
1
141 124 23
1
144 122 5
0
1
81 57 22
1
183 145 24
1
161 157 8
1
145 123 11
1
132 92 23
1
115 86 13
1
154 137 2
2
172 139 13
146 141 21
2
137 118 0
149 106 14
1
166 140 3
1
194 158 20
2
124 105 2
81 67 23
1
183 137 23
0
1
119 76 15
0
0
2
139 117 16
108 97 20
0
1
148 119 3
3
187 162 8
110 78 14
147 89 19
0
2
165 115 7
129 106 19
1
156 102 11
3
142 101 11
155 140 12
146 103 17
0
1
113 110 23
2
147 93 1
100 65 15
0
0
1
164 107 6
1
175 139 5
1
167 134 24
0
0
0
3
156 130 8
159 122 11
185 137 19
1
171 97 23
1
197 140 13
1
123 79 2
2
141 109 3
134 82 7
0
2
138 103 8
101 70 18
1
154 120 17
1
136 124 2
1
173 198 23
1
129 110 6
0
1
165 130 24
1
190 128 21
1
218 185 23
1
78 57 7
1
105 63 21
