8 8 8 3 6 3 4 7 5 8 6 3 7 3 1 4 2 4 2 2 7 8 3 8 4
1
6 4 4
2
7 4 4
5 4 5
3
5 4 8
5 4 14
6 4 18
1
10 8 7
1
7 5 10
0
3
12 9 2
6 3 15
8 5 23
1
6 5 1
1
7 6 23
2
8 5 0
6 6 24
0
1
7 5 7
2
11 9 2
9 8 21
1
6 5 7
3
9 9 0
7 4 1
5 3 7
2
12 8 1
7 4 6
2
8 6 19
9 5 21
1
12 10 9
2
7 4 7
9 8 9
1
14 12 3
0
0
0
2
7 5 7
14 13 13
2
13 11 1
14 10 5
1
10 7 8
1
10 7 23
1
11 10 1
3
12 11 0
13 8 2
14 12 8
0
1
6 5 23
1
11 10 7
1
14 9 4
1
8 5 2
0
0
1
12 9 20
3
14 13 7
10 9 16
13 12 23
1
18 15 6
4
9 7 6
8 6 7
14 12 9
14 14 21
0
0
3
13 9 0
7 5 20
15 12 23
1
11 10 9
1
15 11 4
1
12 12 10
3
12 10 8
15 11 16
11 8 21
2
14 10 8
15 14 12
0
2
17 14 7
13 12 17
4
14 13 1
12 10 2
16 11 9
10 8 12
0
4
16 14 0
16 12 13
16 14 16
14 11 17
0
0
1
11 8 21
0
2
18 15 3
16 12 9
0
3
16 12 4
17 13 21
19 15 24
1
22 14 21
0
2
18 13 1
12 10 6
1
9 9 20
0
0
2
15 10 5
16 12 23
3
17 13 0
15 8 7
14 12 22
1
13 13 18
3
20 15 2
14 11 16
21 19 23
0
2
23 17 4
22 19 6
3
18 13 1
14 10 7
9 7 12
2
23 17 3
18 13 17
1
15 13 4
1
18 12 16
1
13 10 10
1
22 13 17
1
16 15 2
1
12 9 13
1
24 20 9
2
23 17 4
22 18 7
0
0
0
1
18 17 11
0
5
22 16 1
19 16 8
25 22 9
25 24 12
23 22 15
0
1
19 14 0
1
21 18 20
2
28 22 7
21 14 20
2
19 9 2
16 9 24
3
34 34 0
23 20 4
15 11 10
0
2
27 21 4
20 18 20
2
22 17 4
13 10 9
1
31 28 12
1
21 18 23
1
16 11 4
0
1
19 15 20
0
2
23 16 10
25 19 20
0
2
21 15 6
21 20 10
0
0
3
30 18 6
19 17 7
26 21 17
0
2
30 25 0
22 18 2
0
1
19 13 9
2
24 18 12
24 19 23
3
35 24 6
25 20 12
29 17 18
2
17 15 1
20 14 2
2
22 19 1
18 15 3
0
3
18 16 10
24 15 21
21 18 23
0
2
28 23 11
21 15 23
1
18 14 5
0
2
26 21 0
28 22 12
0
0
0
0
1
22 20 5
1
30 26 10
2
33 26 18
23 20 23
1
26 18 7
2
26 22 2
26 19 8
2
19 18 8
35 28 10
2
17 12 4
22 18 23
1
29 22 17
0
1
32 26 17
0
2
37 24 12
25 19 20
1
28 25 23
0
0
1
26 21 0
1
38 32 11
3
26 17 2
35 26 12
26 20 17
1
27 25 3
2
25 13 6
27 20 9
0
1
27 20 17
3
22 18 3
28 21 11
42 34 13
1
24 17 23
1
32 29 1
1
20 16 4
0
3
38 33 13
21 15 15
29 23 24
1
32 26 0
3
32 27 9
28 25 18
32 28 20
0
1
33 31 22
0
4
24 20 0
24 16 1
33 27 7
39 30 23
1
37 26 2
1
30 27 21
1
50 39 2
1
33 19 0
1
33 24 12
3
28 23 4
30 29 7
29 25 9
0
2
39 26 7
28 24 15
3
28 17 6
37 31 7
21 12 12
1
40 33 2
2
28 21 14
39 36 24
1
33 28 12
2
30 20 12
29 23 20
1
32 20 0
1
44 40 19
2
30 24 10
43 35 24
1
38 32 0
1
32 28 5
1
36 21 2
5
35 25 0
38 31 1
44 46 2
29 16 4
38 36 14
2
50 42 0
33 31 17
1
37 31 4
1
30 22 24
1
32 27 21
3
31 21 3
35 27 7
40 28 23
1
37 28 2
2
48 34 11
41 33 21
0
2
37 29 20
42 32 24
1
41 22 20
2
22 17 9
50 29 22
0
0
0
0
1
37 30 23
2
47 31 0
28 24 22
0
1
31 24 9
3
30 26 6
46 36 9
34 29 22
0
2
34 30 0
57 39 21
2
33 26 0
37 28 18
1
53 37 1
0
1
32 25 23
1
30 22 4
2
47 43 5
41 32 10
1
45 37 16
0
1
45 26 23
1
52 45 7
0
4
26 25 7
15 9 17
47 35 20
42 24 21
1
35 22 23
0
1
29 27 0
2
43 28 1
49 48 3
0
4
47 38 0
37 34 6
53 43 12
46 37 17
1
35 26 6
0
0
2
36 22 2
46 38 18
3
30 24 0
38 36 7
38 30 19
2
23 20 4
33 27 6
1
32 26 20
3
32 29 4
42 36 10
37 28 21
0
2
46 35 7
42 33 16
2
58 52 7
30 29 18
1
45 35 12
0
0
1
41 33 23
3
54 45 6
36 28 8
47 34 10
3
53 47 0
41 26 8
38 26 13
1
29 25 4
1
37 26 12
3
45 41 1
60 53 10
50 39 18
3
40 27 0
33 24 15
51 39 20
0
4
52 52 4
42 33 8
37 30 10
52 49 13
3
40 34 10
52 35 12
32 24 23
0
1
46 35 10
2
39 34 7
53 43 23
2
48 39 9
17 11 20
2
53 48 4
33 24 22
2
44 33 15
29 20 16
0
2
53 42 3
62 55 7
1
51 39 22
0
0
0
2
55 60 2
53 43 15
1
41 25 3
1
59 61 0
1
36 27 11
1
56 47 1
1
47 35 1
3
43 36 9
42 34 10
46 39 12
1
57 41 24
2
60 45 2
31 21 17
1
48 44 5
1
42 47 2
1
48 37 4
1
42 31 2
0
1
53 35 21
0
0
0
1
36 22 7
1
18 12 0
1
55 53 8
1
59 45 0
1
23 20 7
1
46 39 12
1
46 36 0
2
36 29 0
60 46 18
2
45 37 13
42 32 20
2
45 31 20
44 34 23
2
56 45 3
41 30 4
4
62 47 7
48 33 9
64 45 10
62 52 18
2
56 33 17
45 46 23
1
69 57 12
0
2
44 32 8
51 47 10
1
40 37 6
1
47 30 24
2
43 37 10
53 36 20
2
39 23 10
53 35 23
3
64 55 2
42 40 6
48 34 21
1
68 53 1
0
3
52 41 4
51 39 7
31 23 13
0
2
54 43 7
59 35 24
1
52 38 9
2
67 50 17
61 48 20
2
27 19 1
44 39 11
1
65 60 6
0
1
47 32 19
0
1
57 47 2
1
68 49 17
1
43 37 0
3
42 31 9
57 49 11
50 44 20
1
73 58 3
1
45 38 2
0
0
2
46 40 17
55 38 24
1
51 39 17
0
2
34 35 9
52 50 19
1
59 44 23
0
2
68 48 15
59 47 21
0
2
63 47 3
55 26 7
2
50 34 17
68 52 20
1
51 45 18
1
75 49 9
1
56 50 23
1
57 53 2
1
60 55 1
3
42 30 1
43 37 4
64 53 7
1
83 74 2
1
50 44 1
0
0
1
51 48 24
1
69 68 0
2
59 48 0
64 54 12
0
1
56 39 13
2
54 48 14
72 52 18
0
2
69 49 2
38 30 6
1
56 41 3
1
64 49 2
1
56 40 22
0
1
59 47 8
2
45 26 10
57 49 12
2
63 65 4
55 38 14
1
50 42 23
3
61 46 6
68 49 7
65 35 17
1
48 42 12
0
1
49 50 13
0
0
1
82 44 23
1
89 63 23
4
51 48 7
60 48 15
31 20 17
61 49 23
2
67 57 5
60 44 19
1
78 52 12
2
63 48 11
46 38 20
1
90 85 11
0
1
56 55 7
1
55 46 21
0
0
0
1
43 37 22
2
66 52 1
78 59 12
1
49 36 2
2
41 34 0
58 41 1
0
1
70 63 11
3
79 66 0
35 28 15
67 51 22
2
57 46 4
77 63 12
2
61 50 13
79 62 23
1
70 58 5
0
0
0
2
80 60 4
45 41 23
1
81 50 21
0
4
67 60 1
67 53 2
63 48 19
44 44 24
2
63 55 3
66 60 7
1
52 37 0
4
68 59 1
67 54 13
40 32 15
49 38 16
2
71 62 8
60 53 20
2
76 58 10
88 86 16
0
3
55 46 9
71 51 10
76 75 12
1
66 73 9
0
0
1
55 41 20
2
56 46 9
48 33 17
3
79 65 4
80 57 6
65 52 7
1
92 63 0
1
77 49 4
0
1
54 48 10
1
58 42 19
3
86 82 20
62 56 23
44 27 24
3
46 37 1
77 64 2
60 44 21
1
63 56 17
3
63 50 21
51 33 22
63 48 23
1
77 68 7
0
0
0
1
80 65 11
3
70 47 20
74 56 21
76 64 23
1
85 72 23
0
1
81 67 4
2
78 60 1
69 46 20
0
1
93 55 4
3
60 44 4
64 54 5
81 71 7
2
105 68 7
65 47 20
4
73 61 9
83 63 11
82 68 12
53 52 20
2
68 59 0
75 60 13
1
59 44 9
0
0
1
48 49 2
1
73 73 2
1
81 58 0
3
69 52 4
67 49 9
62 47 23
2
67 53 4
83 76 9
1
62 63 23
1
76 79 1
0
0
0
0
3
69 54 6
47 36 7
75 57 23
1
104 88 8
0
1
66 54 2
0
3
88 66 0
48 37 3
107 75 21
0
3
77 61 6
45 31 11
54 54 20
0
3
75 57 0
91 65 9
79 76 24
1
102 78 18
1
72 54 4
0
1
69 65 21
2
86 78 0
78 65 9
0
1
94 88 15
0
1
51 42 10
1
74 56 20
2
91 70 18
82 62 19
2
81 53 0
98 78 12
0
3
40 33 7
41 39 15
52 40 21
0
2
73 48 7
94 79 20
0
1
87 60 20
2
105 72 20
76 63 22
0
0
1
78 63 24
1
78 60 16
0
0
2
107 83 2
91 63 4
2
75 62 15
91 66 23
3
79 81 4
79 65 6
75 52 8
0
2
76 72 1
81 59 4
0
0
3
81 54 7
75 70 10
97 68 12
1
73 65 11
0
0
1
105 88 24
3
89 80 5
61 49 7
97 92 8
2
101 80 3
54 51 9
0
2
94 67 12
67 53 21
0
0
0
0
1
59 46 12
0
1
93 65 24
1
66 56 13
1
65 59 22
0
2
93 90 2
85 60 9
2
100 70 21
73 50 24
1
85 80 15
1
80 67 1
1
117 98 7
2
79 64 1
96 69 23
0
1
113 88 23
4
90 77 4
47 40 7
50 40 14
95 81 17
0
2
78 58 12
62 49 16
0
0
2
69 51 2
56 52 13
1
102 73 7
1
81 60 0
1
61 38 2
0
1
59 51 13
1
84 64 0
2
66 52 10
89 69 13
2
59 56 1
108 77 21
1
101 77 0
0
0
1
64 55 12
1
89 78 12
1
64 46 12
0
3
88 67 0
97 83 7
74 62 8
1
99 91 4
2
52 42 0
84 80 20
1
77 47 7
1
108 75 15
0
3
84 49 4
80 64 10
113 97 12
2
69 60 7
100 56 19
0
1
67 55 6
0
1
104 74 19
1
85 59 6
3
92 77 3
108 78 4
81 60 6
1
86 55 10
2
93 95 8
112 77 9
1
125 94 6
1
95 70 11
1
81 61 17
2
94 87 11
100 72 20
1
77 55 2
0
1
99 77 4
3
87 76 2
100 74 5
69 62 22
0
1
85 81 21
2
127 109 2
67 60 7
1
102 84 23
1
81 66 6
4
48 45 0
131 105 8
67 52 10
83 57 15
0
2
83 61 7
86 64 17
1
76 62 7
2
84 58 2
123 91 5
2
103 75 19
132 111 22
0
0
0
2
103 84 1
99 90 23
2
104 85 18
96 93 23
0
0
4
97 69 9
99 93 12
76 62 20
96 83 23
1
67 50 7
2
32 29 9
58 46 22
1
109 84 17
3
82 73 0
76 63 4
137 105 7
0
0
1
107 87 21
0
1
111 66 23
3
126 107 17
122 101 20
95 78 23
1
84 74 24
1
113 94 21
0
0
1
100 79 5
2
88 54 3
116 100 9
0
2
95 66 3
58 51 5
1
83 66 4
0
4
105 92 0
80 50 3
100 99 5
83 64 9
3
88 69 1
93 63 13
98 99 20
0
2
67 57 3
71 63 10
1
78 56 6
3
115 83 0
86 53 1
98 80 9
0
2
119 109 0
110 69 7
0
1
95 88 3
2
86 60 2
84 68 4
3
86 64 12
108 66 21
110 87 23
1
91 56 17
4
114 90 3
107 88 5
113 102 23
104 86 24
1
78 66 7
0
1
124 113 13
1
137 128 7
1
129 104 5
2
55 46 2
86 64 8
1
112 85 23
1
69 64 5
0
0
2
66 60 0
113 103 24
1
113 89 13
0
1
124 94 2
0
2
93 84 12
98 94 14
2
121 104 10
107 93 21
1
109 101 8
1
113 94 18
3
94 61 3
140 132 16
127 93 18
0
2
100 86 4
131 131 8
2
100 87 15
119 96 23
2
106 84 1
47 38 4
3
101 73 0
64 47 4
92 73 10
1
104 92 5
3
95 75 2
47 33 11
107 86 22
3
113 76 0
114 98 10
112 102 19
0
0
1
95 87 21
0
3
84 64 4
113 90 11
66 46 21
1
113 79 4
2
76 60 2
125 122 24
0
0
0
2
123 104 18
108 90 23
0
0
2
110 84 10
140 111 19
3
106 72 15
129 105 20
101 75 24
3
90 59 0
88 62 1
81 66 15
1
94 68 2
0
1
81 57 24
1
68 46 21
1
112 93 11
1
142 111 23
0
1
111 104 23
2
127 113 11
132 112 13
1
90 60 7
3
77 62 2
114 78 6
97 78 13
2
101 84 14
84 80 21
1
140 102 20
1
112 92 0
1
148 119 6
1
131 96 2
1
66 59 14
2
81 71 11
99 97 23
1
121 100 12
3
110 106 8
113 79 9
100 75 22
1
108 79 3
0
1
89 64 4
1
105 82 4
2
115 109 7
87 69 20
3
86 68 6
100 74 7
138 111 21
0
2
119 94 16
111 82 20
0
2
88 72 6
77 57 21
0
0
0
1
145 92 19
0
0
0
0
0
0
2
93 73 12
113 88 21
2
111 82 2
136 113 7
1
110 78 19
3
84 71 4
84 76 7
87 66 11
1
86 83 23
1
106 80 5
2
120 94 8
108 90 22
3
107 82 9
119 97 10
88 66 23
1
108 97 24
0
0
2
59 50 9
148 105 21
0
2
103 74 11
81 79 23
4
119 91 0
121 100 2
95 84 10
132 112 20
3
118 86 1
80 60 4
106 75 9
0
2
142 138 1
70 55 22
2
114 93 7
129 122 22
0
2
168 124 1
95 82 4
1
91 66 0
1
119 84 5
2
114 109 10
89 76 19
1
87 70 12
2
128 114 1
90 80 23
3
131 113 12
159 147 13
105 88 23
1
122 88 24
0
2
110 94 7
150 92 10
2
97 78 4
138 98 11
0
3
113 75 9
116 81 11
101 88 18
2
125 97 0
95 72 6
2
138 111 1
106 81 9
1
119 73 23
2
110 85 9
128 107 21
0
2
118 85 0
64 48 17
0
1
78 48 6
1
104 104 20
1
114 98 12
0
1
128 91 17
0
1
100 87 0
2
125 77 1
100 88 16
0
1
116 70 9
0
0
0
1
138 125 11
1
125 88 17
1
93 75 1
0
2
108 97 0
120 96 17
0
2
109 86 3
142 102 6
0
4
139 104 1
110 68 2
97 65 12
125 109 13
2
120 120 6
111 96 20
1
100 86 20
3
131 108 0
159 140 13
128 117 20
1
107 70 9
1
107 73 8
0
1
99 77 7
0
2
114 96 8
107 77 10
2
156 103 4
98 76 9
2
69 49 3
83 62 5
1
81 55 7
2
108 81 9
111 81 11
1
107 78 14
2
107 74 6
120 96 9
0
0
2
92 66 2
123 111 13
0
1
135 117 9
2
102 81 8
148 129 24
1
123 102 20
1
142 93 7
0
0
1
92 83 10
1
140 84 5
2
88 61 1
105 78 18
1
162 123 23
2
82 69 6
114 102 7
2
153 131 3
89 82 11
1
128 99 20
3
141 98 1
155 115 10
177 176 15
1
150 107 8
1
139 99 0
0
2
130 118 1
113 96 21
1
171 106 8
2
83 59 9
91 73 17
3
95 82 1
151 128 7
156 128 12
3
95 99 9
102 80 12
125 119 14
4
121 83 4
156 107 9
125 100 10
136 104 17
1
96 65 4
2
129 107 7
105 80 15
1
190 138 4
2
165 147 10
119 93 21
2
112 59 10
135 103 12
2
80 53 21
132 105 23
0
1
85 68 1
1
146 138 9
1
51 43 0
2
188 150 8
96 67 21
1
187 154 17
1
122 102 7
0
0
1
138 93 21
1
120 117 24
2
139 122 12
145 148 23
2
147 126 1
152 123 12
2
142 112 9
113 72 17
1
99 75 7
1
132 102 23
3
101 77 3
133 120 23
82 65 24
0
3
91 68 12
134 74 14
130 116 22
3
146 121 4
140 93 9
102 89 20
2
149 119 12
166 118 22
0
1
112 88 7
0
2
157 133 1
154 131 9
1
144 130 9
1
112 89 6
0
0
3
73 57 4
124 114 5
105 85 22
1
166 138 7
1
153 123 7
2
135 112 2
138 107 17
2
143 126 1
92 94 4
1
138 135 0
0
1
100 83 0
1
155 117 20
0
2
120 92 4
119 83 12
1
163 163 12
1
114 79 7
1
81 55 12
1
147 96 18
1
116 104 12
2
153 147 10
116 81 12
0
2
138 108 7
182 128 21
2
109 97 15
138 97 21
1
137 96 14
1
149 118 5
2
136 120 6
103 75 21
0
0
1
115 91 17
1
133 91 7
1
143 111 20
0
1
124 68 22
3
121 96 6
110 97 17
101 67 20
1
91 81 24
1
77 62 4
0
3
130 118 5
129 110 15
113 85 23
3
168 137 9
122 114 11
76 60 20
1
147 129 4
0
1
77 63 0
1
139 120 19
0
2
142 89 0
176 148 4
0
2
113 100 13
154 111 20
1
132 99 20
1
84 73 2
1
141 116 24
1
131 112 8
2
143 99 9
119 77 14
1
130 116 11
3
96 71 0
130 123 5
139 134 8
1
134 100 9
3
142 117 2
189 151 9
120 87 10
1
110 90 12
5
86 71 0
134 120 1
107 99 5
136 91 17
133 129 23
2
113 112 4
123 83 9
4
135 102 1
119 85 11
105 84 20
164 142 23
2
155 138 2
138 113 21
1
156 82 20
1
162 148 1
2
133 99 0
164 125 4
0
3
175 149 0
158 112 4
105 77 8
2
127 92 0
160 131 16
1
153 134 9
1
156 124 21
1
131 111 23
1
148 106 16
0
1
126 121 24
5
143 129 1
204 185 12
145 115 15
137 132 16
129 98 20
2
130 88 10
156 121 11
1
121 106 9
2
109 96 0
81 60 21
0
0
1
146 121 8
0
1
140 121 16
0
2
135 122 0
160 150 2
2
100 81 5
141 111 22
0
2
194 148 1
176 149 20
3
101 93 4
128 95 21
146 129 22
3
156 116 6
114 90 8
144 116 12
1
132 82 10
2
165 146 1
154 122 3
2
134 106 10
169 161 22
2
183 145 2
157 112 4
2
166 153 2
167 137 13
4
156 116 0
177 144 13
78 73 15
165 131 23
0
1
156 112 10
0
0
0
1
127 97 21
0
3
138 104 1
161 146 11
96 69 16
1
180 113 23
2
143 106 9
102 85 24
0
4
164 137 7
180 174 9
193 192 20
120 97 23
1
121 108 12
2
171 150 21
151 101 23
1
153 114 8
0
0
0
2
163 139 8
205 161 19
2
126 98 1
144 71 10
0
0
3
137 107 2
137 101 6
171 141 17
1
195 136 21
2
161 149 9
105 80 11
4
149 112 0
160 153 4
148 123 20
132 111 21
0
1
139 113 6
0
2
173 141 2
122 86 6
0
0
1
120 91 23
0
3
128 105 4
161 121 16
201 176 21
1
113 98 23
0
1
220 202 3
1
201 163 10
0
1
195 183 9
1
143 121 3
1
166 160 13
1
147 127 6
1
134 102 6
1
145 89 23
3
139 140 4
185 159 5
106 71 12
2
171 158 0
155 153 7
2
96 97 1
96 81 2
1
149 123 9
1
144 140 2
3
168 104 13
158 114 20
218 173 21
1
154 98 16
2
206 164 1
175 158 22
3
114 92 6
111 67 12
238 167 21
0
0
1
111 101 9
0
2
162 132 1
156 132 17
0
2
95 69 7
153 116 10
1
168 106 13
0
0
1
167 127 21
2
162 115 12
147 124 24
1
142 122 0
1
175 135 15
1
181 150 23
1
197 168 21
2
145 116 8
197 164 12
4
99 97 2
179 138 10
241 186 17
155 148 24
1
188 145 2
0
1
136 100 23
0
