3 6 3 4 3 2 6 6 5 7 1 3 8 4 2 8 4 7 4 1 7 3 4 6 8
0
2
6 4 1
8 6 17
5
8 6 1
9 8 2
7 6 3
8 6 15
8 6 16
1
9 8 3
2
9 7 17
7 6 24
2
10 9 6
10 8 23
0
1
9 8 23
0
1
6 4 13
3
6 4 6
8 5 18
7 6 23
0
0
1
9 6 9
0
2
10 8 6
7 4 21
0
1
10 8 0
1
11 9 23
0
0
0
1
9 6 17
1
10 9 23
0
1
13 9 11
0
1
8 7 13
1
12 10 9
3
12 10 12
13 11 16
15 10 24
1
10 9 15
0
2
15 13 1
11 8 17
0
0
1
12 8 1
1
17 14 10
3
14 11 6
14 13 15
14 11 24
1
16 13 16
0
1
17 12 18
2
12 11 6
11 9 18
1
10 8 8
1
11 10 6
1
16 11 24
0
3
13 10 17
16 13 20
16 13 24
1
17 13 16
0
2
16 16 9
17 14 16
1
13 12 0
2
16 12 21
11 8 24
1
13 13 1
0
2
18 11 13
15 12 24
0
2
17 16 9
14 13 23
0
1
14 10 3
0
2
12 10 21
18 14 23
3
18 16 5
11 7 12
9 7 24
0
1
18 15 7
0
1
21 18 20
0
0
1
13 10 24
1
16 13 3
0
1
25 19 21
1
20 16 23
1
24 21 9
2
21 17 1
20 15 3
1
17 13 22
1
25 20 9
3
15 13 5
17 14 9
21 18 13
1
15 14 13
0
0
1
19 16 22
2
19 15 3
23 14 17
2
10 8 1
13 11 12
2
26 23 7
16 11 17
2
17 14 6
21 18 15
1
15 13 23
1
22 17 9
1
17 16 17
0
2
15 14 11
24 18 20
0
1
27 25 18
1
24 18 9
1
30 22 8
1
23 17 20
1
24 19 12
1
24 19 22
2
29 20 3
17 15 17
0
0
1
28 25 15
2
20 19 7
25 17 21
0
1
24 19 3
4
19 14 2
26 23 4
26 23 13
22 19 21
0
0
2
26 22 0
22 20 9
1
18 14 24
2
21 19 17
29 24 18
1
22 18 1
3
27 20 13
22 9 22
29 29 24
0
0
0
1
31 26 2
4
24 19 4
25 25 9
17 13 17
30 26 20
1
30 23 20
2
32 23 7
24 18 23
1
30 29 23
1
31 24 14
1
23 19 3
3
18 14 1
32 18 15
24 23 20
1
34 29 9
2
14 11 9
38 26 12
0
0
0
1
32 30 17
0
0
2
19 15 0
23 18 18
1
36 25 14
0
2
24 22 7
32 22 8
1
23 21 21
1
22 19 16
2
35 38 20
34 29 21
2
28 28 3
21 17 12
1
20 16 4
0
1
27 17 3
2
32 23 16
22 19 17
1
21 18 21
1
29 24 8
0
0
0
1
31 24 8
0
1
35 26 13
2
31 27 0
36 27 11
1
29 24 15
1
26 19 9
2
39 28 9
33 26 24
0
2
40 39 11
32 24 24
0
1
24 20 7
2
33 33 13
33 27 18
1
38 25 24
1
39 38 12
0
1
38 27 6
3
32 23 3
19 15 15
36 25 24
0
4
27 19 6
32 25 18
29 20 22
34 28 23
3
31 26 1
22 13 13
17 13 23
2
26 20 6
32 24 8
2
36 20 9
36 34 13
0
2
35 33 20
26 20 24
2
25 16 0
47 35 24
0
3
40 30 6
44 36 15
30 29 22
0
0
1
30 23 12
0
1
27 19 15
0
0
1
27 20 1
2
33 28 5
39 31 20
0
3
40 31 6
32 27 8
22 19 15
0
2
30 22 2
38 29 8
0
2
34 31 6
38 29 17
1
46 42 17
2
39 23 12
35 32 21
1
28 20 9
1
42 29 15
0
1
33 21 24
0
0
0
0
0
2
37 23 1
31 29 17
1
31 26 17
3
30 29 7
38 26 15
33 26 23
1
44 44 15
1
54 48 24
1
35 33 15
0
0
2
43 31 1
27 24 12
0
1
63 56 8
0
1
36 32 7
2
35 32 12
27 20 16
0
0
2
33 20 4
48 34 7
1
36 33 11
2
24 17 7
31 23 10
1
55 44 1
0
0
1
49 43 24
1
45 38 17
3
49 31 9
28 17 20
56 49 23
1
45 30 23
1
36 29 5
0
0
0
1
44 40 6
2
28 22 15
46 38 18
4
41 27 11
39 31 13
49 37 23
35 22 24
2
35 27 1
53 43 20
0
2
47 34 6
30 24 16
1
52 44 0
2
29 21 4
36 33 13
1
57 50 24
0
0
2
56 45 12
48 41 18
1
21 18 13
2
52 38 3
36 28 12
2
40 30 13
51 50 15
1
48 36 24
1
46 39 16
0
2
37 33 0
49 32 13
2
55 36 7
48 38 13
0
0
1
48 37 22
3
53 38 3
56 52 4
30 23 20
0
2
48 38 8
35 19 15
2
50 34 1
52 42 9
3
53 46 6
46 38 23
56 46 24
0
2
46 28 3
61 45 7
0
1
60 48 24
1
35 27 21
3
36 31 9
45 53 14
52 44 17
2
75 67 6
48 35 20
3
50 36 6
52 39 8
44 41 23
1
50 41 3
2
57 50 1
48 39 2
0
2
43 39 8
39 30 21
0
3
66 52 2
50 40 7
56 40 9
2
42 36 16
41 30 18
0
2
54 48 9
53 35 24
2
35 31 15
49 38 21
0
0
2
60 43 0
47 45 17
2
59 50 12
38 33 24
1
56 37 23
0
0
1
62 63 1
0
1
64 41 9
0
2
41 38 6
49 32 15
4
58 54 4
55 44 9
48 39 12
63 59 24
1
48 34 8
0
0
2
41 34 1
50 39 24
3
65 54 1
53 38 4
44 40 11
1
47 40 17
0
2
44 32 7
60 43 16
1
55 41 23
0
3
54 37 4
54 48 17
46 40 23
2
33 27 9
59 47 13
3
67 57 12
42 37 17
62 41 24
0
3
66 44 2
68 60 6
57 41 24
2
60 51 17
38 32 22
1
43 31 20
0
1
64 47 24
1
42 39 13
3
48 44 2
47 45 18
53 37 23
2
48 39 15
66 40 17
0
1
66 47 6
1
58 44 23
0
1
63 54 7
2
25 23 3
60 38 5
2
75 51 7
51 40 11
2
38 29 5
64 39 24
2
53 42 7
57 39 20
1
67 53 16
0
0
2
28 23 1
64 57 11
1
67 52 8
2
55 42 0
55 45 21
7
41 33 3
66 44 6
50 43 9
76 53 15
42 28 17
54 49 23
64 48 24
0
2
62 48 9
56 44 17
2
65 57 9
63 57 12
4
41 28 5
39 34 7
70 60 9
76 63 11
1
56 45 3
0
1
74 66 1
0
2
59 48 1
44 41 24
3
56 36 7
67 60 13
61 53 14
3
57 44 1
62 57 6
43 26 9
1
52 41 16
2
67 58 12
61 56 18
1
23 21 15
1
76 47 3
2
61 52 12
71 49 23
2
58 49 9
48 44 20
2
44 29 12
51 34 17
1
86 59 23
0
2
70 55 12
30 27 16
1
72 55 15
0
1
73 57 9
0
0
1
65 55 9
0
1
82 79 6
1
56 42 24
1
60 50 7
1
53 41 22
2
67 58 6
66 53 11
1
79 59 1
2
66 51 3
47 29 15
1
55 42 2
2
69 55 15
49 43 16
0
1
68 64 16
2
75 45 9
63 45 11
0
3
46 37 6
53 35 16
80 67 24
2
71 48 0
68 50 15
3
69 63 1
69 65 7
44 39 18
1
65 68 24
1
72 51 17
0
1
61 58 20
3
58 40 1
44 39 15
53 39 21
0
1
63 52 9
2
56 43 3
65 58 9
0
1
56 53 21
3
62 55 1
67 57 3
72 52 5
2
79 63 7
51 42 9
2
42 28 16
41 26 24
3
70 52 3
53 33 21
73 53 24
1
55 41 24
1
35 26 15
0
1
56 48 2
3
55 48 6
76 67 15
81 58 16
0
1
62 55 12
1
83 65 12
1
70 39 24
1
67 44 6
1
76 59 12
1
73 55 9
0
3
68 51 3
82 58 12
78 79 24
1
72 65 24
3
50 46 7
71 62 15
57 42 22
1
48 41 24
1
66 53 12
2
62 46 11
55 48 13
1
81 78 9
1
78 63 17
0
2
77 83 3
64 55 18
0
1
85 59 2
2
53 43 6
69 64 7
0
0
1
58 50 21
0
1
108 77 1
4
70 48 3
67 56 6
80 58 12
98 82 23
0
0
1
96 59 9
1
64 54 7
1
59 46 17
1
66 41 17
4
53 44 12
69 62 13
58 49 15
53 50 23
0
0
3
78 63 9
56 44 16
73 58 17
0
0
0
0
2
79 60 9
61 46 22
1
76 60 12
0
3
72 65 6
70 61 12
76 63 16
2
73 54 22
48 35 24
0
2
81 65 2
76 53 17
0
2
70 68 5
57 37 16
1
88 69 9
1
75 68 7
1
50 40 1
0
3
95 84 8
67 48 15
56 48 23
0
2
87 82 7
68 54 16
1
74 65 14
0
0
0
2
63 52 12
87 80 17
1
61 55 8
1
92 85 11
1
79 64 24
0
1
97 69 9
0
1
66 44 17
0
1
102 80 1
3
65 50 3
48 44 6
66 54 16
0
2
72 67 0
57 51 24
1
78 73 17
1
79 77 7
0
3
76 56 2
88 85 6
77 74 17
0
0
1
100 83 23
2
65 51 8
63 53 9
2
91 76 9
54 39 10
2
87 76 1
58 41 2
4
89 68 12
53 43 15
87 62 20
76 60 22
1
68 45 4
1
73 60 17
3
71 46 3
71 63 11
77 81 12
2
91 69 15
83 71 20
2
86 65 6
94 66 7
2
95 76 0
62 57 3
1
94 75 24
2
84 76 17
92 66 23
1
88 69 8
0
4
93 61 6
86 79 9
90 74 16
90 69 21
0
0
0
4
65 52 2
70 59 3
66 64 15
76 56 17
1
76 69 15
0
1
54 41 12
1
95 77 17
1
98 81 19
1
75 54 20
1
83 76 20
2
80 65 1
98 75 20
2
61 44 1
88 77 2
1
114 96 0
0
1
94 70 2
2
88 73 9
101 83 24
1
103 81 12
1
70 58 6
0
1
76 62 1
0
0
2
75 65 1
67 59 9
2
86 85 17
101 81 24
2
95 71 8
80 63 15
3
90 69 14
83 74 16
60 44 24
0
0
0
1
60 46 8
0
3
46 31 3
76 62 13
103 60 23
4
114 97 5
86 77 6
80 68 12
115 110 15
1
86 66 16
1
79 60 23
0
2
86 76 9
74 46 21
3
107 71 3
58 49 13
76 68 24
0
2
79 58 15
91 73 16
1
116 105 5
0
1
84 73 17
3
85 81 5
118 107 11
82 62 21
1
83 77 15
0
0
0
1
84 52 13
0
3
115 91 12
65 55 19
98 69 24
0
1
91 62 13
0
3
103 81 7
104 78 17
113 81 20
0
3
81 76 2
87 56 15
121 114 20
0
1
74 54 23
3
43 33 0
87 83 6
97 72 22
0
1
100 85 14
3
78 64 2
98 98 15
93 90 20
1
58 48 17
3
72 46 3
102 60 5
85 69 24
0
1
69 51 14
0
1
81 54 12
2
102 84 18
103 93 23
4
79 58 8
66 40 16
85 63 18
112 90 21
0
0
0
0
2
70 64 17
100 90 20
0
0
0
3
77 70 1
75 52 7
85 63 9
0
0
0
1
119 101 23
1
76 41 15
2
92 88 1
96 54 9
1
128 94 15
1
94 68 18
0
0
1
76 70 1
1
74 48 16
1
97 83 12
0
1
80 69 5
1
82 58 3
1
84 68 13
0
2
80 70 9
104 89 12
1
68 60 7
2
67 53 12
99 76 17
0
1
113 111 24
1
108 84 14
1
105 74 12
2
79 80 20
104 87 21
0
0
0
1
130 111 23
2
90 80 20
101 91 22
2
134 106 18
93 76 20
1
97 78 3
2
89 65 23
80 82 24
1
98 62 4
1
58 55 0
1
100 98 9
0
0
1
94 78 23
0
1
102 81 15
1
91 74 1
1
107 90 0
1
106 88 16
1
126 111 4
1
124 108 2
1
142 145 6
1
91 69 24
1
118 73 20
1
121 98 21
1
120 96 1
0
1
90 87 11
3
92 71 13
108 72 16
144 131 20
0
1
103 82 1
3
117 68 7
103 91 9
110 86 17
1
120 93 22
1
66 52 0
1
89 67 11
4
84 69 2
111 94 3
122 82 7
98 84 17
3
103 84 0
86 55 23
124 120 24
1
73 47 24
1
88 54 8
0
1
87 64 7
5
86 65 1
102 79 3
122 90 9
132 96 12
128 110 23
2
82 60 5
95 83 16
0
0
3
115 104 2
92 75 6
105 78 15
1
88 71 18
1
104 94 12
1
118 84 11
1
117 79 3
1
128 95 7
1
97 71 17
1
97 72 12
0
1
87 86 7
4
76 62 1
111 105 4
100 87 16
110 65 23
1
102 93 23
1
118 91 12
0
0
1
127 87 3
2
102 87 3
124 103 17
0
2
89 78 5
97 80 17
0
1
83 76 12
1
127 113 20
1
83 73 12
1
123 103 23
2
82 70 7
77 54 19
1
104 78 1
2
90 55 7
129 123 23
0
2
144 118 1
96 71 3
1
93 78 3
2
115 93 5
82 81 23
0
0
1
85 73 0
1
155 133 24
1
81 63 12
1
108 94 9
1
100 93 20
1
81 75 23
0
1
133 79 24
2
151 140 1
95 76 6
0
1
98 78 23
2
76 55 1
134 100 9
1
93 74 0
0
3
108 78 0
137 110 8
98 92 22
4
105 92 7
95 83 16
92 69 21
99 82 22
0
2
139 117 6
115 99 24
2
105 86 0
161 104 18
1
108 77 22
1
74 58 17
0
1
97 59 5
0
0
1
129 104 7
1
87 67 21
2
100 75 6
129 106 15
1
134 98 23
0
1
99 83 6
1
64 49 24
2
80 59 4
122 89 17
2
106 91 1
161 112 6
1
131 99 15
1
86 72 6
0
4
116 92 6
116 82 20
117 111 22
81 57 23
1
137 129 15
1
132 120 11
4
114 72 6
120 105 9
145 107 15
130 100 23
2
140 100 3
110 70 7
1
143 100 10
1
77 59 2
0
1
91 74 6
2
95 58 17
100 79 20
2
102 82 5
28 23 16
5
124 105 5
106 91 12
128 99 15
85 64 17
103 82 23
2
128 115 6
119 116 23
2
138 100 17
101 85 21
2
134 111 2
97 78 8
2
108 84 1
119 106 8
1
106 75 24
1
116 92 0
1
156 136 16
3
147 131 5
165 136 12
100 66 21
2
115 84 11
139 116 15
0
0
2
90 56 4
98 71 9
0
2
117 92 5
95 83 17
2
120 99 19
143 107 22
1
129 127 6
2
116 93 15
77 72 22
0
2
177 174 1
112 81 17
1
154 143 3
3
119 93 14
118 96 19
138 119 23
1
156 156 15
1
142 92 23
3
64 58 4
94 78 18
90 84 22
1
104 100 15
0
0
0
2
102 74 20
85 63 22
3
137 105 2
107 93 6
150 112 8
2
126 95 7
161 158 18
0
0
0
2
118 100 9
157 128 14
1
134 87 17
2
147 144 1
93 79 24
0
2
152 110 3
85 64 17
3
101 58 12
136 99 15
77 72 24
0
4
138 98 1
145 107 13
127 118 15
126 126 22
1
145 154 9
1
131 98 1
2
107 95 1
163 139 13
1
143 116 20
2
117 96 9
115 72 24
2
153 136 17
96 68 24
0
2
131 115 6
87 58 22
0
0
2
155 129 6
112 89 20
1
123 88 12
0
1
148 91 15
1
137 120 6
1
157 104 8
0
0
2
121 92 8
104 83 15
0
0
0
3
105 86 6
150 122 9
113 85 24
2
158 105 9
144 127 20
1
102 75 24
2
131 112 3
126 104 7
0
0
3
170 142 4
49 41 5
140 152 9
0
3
85 77 1
162 129 10
116 95 23
0
0
1
156 164 8
2
140 128 9
141 120 24
0
0
1
139 110 23
1
137 97 1
2
128 97 2
148 121 7
0
0
0
1
185 132 17
0
1
115 98 6
1
168 154 18
2
137 103 18
113 101 22
3
138 107 1
123 102 8
117 99 20
1
117 113 9
3
154 115 7
130 114 12
109 97 21
0
1
122 101 16
0
1
142 129 18
0
3
127 87 5
174 133 15
157 100 23
2
148 128 12
122 104 24
1
157 131 4
5
160 152 1
150 119 2
114 117 14
124 100 16
173 178 23
5
103 76 1
148 149 7
121 102 12
129 79 17
127 102 24
2
174 167 6
125 96 10
1
134 98 4
1
112 77 16
0
2
94 76 8
123 94 12
1
139 87 24
2
110 87 23
158 134 24
2
178 121 3
103 95 18
2
138 104 0
139 93 24
1
103 83 4
1
122 94 12
2
99 81 2
136 122 14
0
1
130 114 17
0
0
0
2
170 130 12
183 170 22
2
169 116 0
134 96 13
2
124 104 4
155 126 15
1
137 116 5
4
141 127 12
143 107 14
160 124 15
144 100 16
2
95 75 0
135 111 12
1
145 126 20
0
3
137 112 6
91 82 8
84 92 9
1
160 99 14
2
96 80 12
130 114 20
1
94 85 1
2
127 95 9
152 117 20
1
147 126 21
4
120 93 0
75 49 12
148 136 23
155 126 24
1
125 117 18
2
146 120 9
97 82 13
1
101 89 6
0
0
2
167 133 15
87 66 17
2
136 112 1
94 85 2
0
3
153 130 4
176 145 9
170 109 20
3
119 85 6
166 161 9
146 121 23
2
125 107 6
97 94 24
0
2
141 100 12
92 78 13
2
154 120 7
131 115 20
1
102 98 23
1
120 127 21
3
160 133 1
160 129 8
141 98 14
0
0
1
153 105 24
0
0
2
128 84 6
134 85 18
1
107 87 23
3
164 144 1
137 98 17
126 108 18
0
0
2
163 148 16
140 120 23
0
2
106 69 6
97 70 12
0
1
130 102 24
0
0
0
0
2
158 117 9
121 97 24
0
0
2
195 137 6
137 96 9
1
166 122 11
1
127 83 15
2
91 66 4
174 135 7
2
118 100 15
106 88 17
1
151 135 0
2
118 109 12
59 47 24
0
1
96 76 15
1
139 115 15
0
1
113 72 15
1
143 124 14
0
1
130 108 23
1
134 94 24
2
136 111 9
163 125 23
2
146 92 11
142 119 22
2
121 95 17
174 134 24
1
131 81 4
1
188 150 6
2
115 89 6
170 154 24
1
145 101 2
1
92 86 22
0
0
1
163 145 0
3
116 85 18
130 126 19
155 114 20
1
182 168 13
2
145 135 20
140 111 24
0
0
1
126 95 6
0
1
129 98 12
0
1
169 150 12
1
175 140 12
1
156 139 16
0
1
191 131 24
0
1
239 128 4
2
107 82 3
139 105 23
0
1
147 119 20
1
121 110 17
1
147 104 13
2
94 89 9
88 70 15
0
2
164 120 1
211 169 22
0
0
1
132 89 3
0
1
182 127 17
0
0
1
110 82 6
0
1
134 100 16
3
185 125 9
138 125 13
164 109 15
0
0
1
209 161 9
4
146 100 6
141 107 12
160 134 18
120 104 23
2
146 87 18
117 76 20
0
2
146 133 7
153 143 8
2
158 147 6
63 58 12
2
112 92 20
153 138 24
2
227 188 9
121 99 18
2
179 178 3
148 154 12
2
131 98 7
169 115 15
3
126 101 9
100 72 11
161 130 20
1
113 91 24
2
152 107 9
167 125 20
1
154 99 8
1
204 143 13
1
165 153 3
0
1
171 163 21
2
99 69 8
168 163 24
0
1
115 79 12
1
185 120 6
2
150 105 11
120 98 15
3
150 125 6
165 158 21
134 118 24
1
120 100 21
0
0
1
222 177 9
1
159 128 24
1
104 85 9
1
148 98 17
3
136 128 7
132 105 20
170 140 23
2
126 84 8
169 120 21
0
5
152 119 5
160 154 9
189 174 14
197 127 15
153 133 19
1
177 133 12
0
2
170 138 13
220 196 22
1
140 99 13
0
