5 4 8 3 4 8 7 6 1 1 4 7 3 4 3 1 4 6 1 3 2 6 8 7 1
1
8 6 2
2
9 8 4
7 6 21
1
7 4 21
0
2
8 6 1
8 6 4
0
1
5 3 23
2
11 6 19
12 9 22
0
1
10 7 5
0
1
10 7 6
0
2
10 6 2
9 6 20
0
1
8 7 7
0
2
9 8 2
8 7 7
2
7 6 4
7 6 11
2
10 6 3
11 9 7
1
9 7 2
0
0
0
1
12 9 7
3
13 10 0
12 11 5
9 6 13
1
10 6 24
3
13 13 0
12 10 11
14 12 20
2
11 8 2
12 9 22
3
13 13 0
7 5 11
13 9 16
1
12 10 4
2
10 7 7
15 10 19
3
11 9 2
11 9 14
12 8 22
2
10 8 19
10 9 23
2
13 11 2
11 8 6
2
12 10 7
13 9 18
0
0
2
12 9 7
16 10 22
0
1
8 6 10
1
17 14 20
1
12 8 10
3
9 6 6
12 11 7
13 10 13
2
15 11 0
17 11 22
3
16 12 5
19 14 17
14 11 22
1
15 12 20
1
16 13 22
4
14 10 5
17 11 7
11 10 9
14 11 22
1
16 15 14
4
15 12 0
13 10 10
13 15 14
19 15 23
1
11 9 19
1
19 15 2
1
14 12 0
1
11 7 13
1
20 16 20
2
13 11 16
17 11 18
4
18 13 0
10 10 9
18 12 14
19 14 18
0
4
20 13 5
15 12 10
21 19 11
21 17 17
0
1
19 16 10
1
16 10 11
0
1
20 12 8
0
0
1
13 10 6
0
0
2
10 7 6
18 15 16
0
2
16 12 2
23 21 16
1
19 18 19
1
21 15 5
1
18 10 22
3
16 11 4
15 13 21
17 12 23
1
24 16 16
0
1
17 15 8
3
24 16 0
19 13 6
15 13 20
0
0
0
1
18 15 12
3
22 17 2
14 12 7
15 12 11
3
11 9 2
19 17 8
16 12 13
1
21 18 14
1
19 15 5
0
2
14 11 11
22 14 22
0
3
25 19 0
21 15 11
14 9 17
2
18 16 1
25 22 4
2
20 16 2
18 14 23
1
18 11 7
1
17 14 6
0
1
16 11 7
0
1
14 10 22
0
3
13 10 9
14 11 10
20 16 21
0
3
27 22 10
28 17 13
18 14 16
0
0
0
3
20 15 4
30 25 21
22 16 22
2
27 20 14
26 23 23
1
15 13 2
2
30 28 13
20 13 22
2
19 17 5
28 23 21
0
1
22 11 21
0
1
26 22 11
1
23 19 6
1
20 14 6
0
2
33 20 7
30 21 23
2
29 20 2
25 19 4
1
19 19 13
1
26 20 21
0
0
0
0
1
29 22 21
1
19 15 5
1
28 22 2
1
24 22 22
0
2
23 15 6
27 24 16
1
19 18 6
4
18 14 2
33 26 6
30 28 22
34 28 23
2
22 21 8
27 17 19
1
33 33 23
3
32 22 6
31 34 14
31 20 24
0
2
31 25 8
35 18 22
1
23 18 16
1
23 15 5
2
30 25 12
30 22 13
2
35 26 2
23 19 7
0
3
27 21 2
32 27 10
31 26 14
1
33 29 4
2
33 28 16
27 31 23
1
37 31 20
1
28 17 6
1
26 23 11
0
0
0
0
1
33 19 10
1
18 14 14
1
38 26 14
0
1
33 23 15
1
23 22 5
2
29 21 5
29 26 6
1
21 10 17
2
34 30 2
42 31 22
1
34 25 3
0
2
35 30 5
20 16 6
2
42 38 10
24 21 14
1
36 31 19
0
1
33 23 6
0
1
45 39 22
1
36 30 22
0
0
3
33 27 6
30 23 12
37 22 23
0
1
30 23 23
1
39 31 11
2
31 23 6
28 23 24
1
39 32 0
1
33 27 22
2
36 26 5
36 27 7
1
39 29 14
0
2
26 21 0
32 28 2
1
20 18 11
1
48 52 11
1
35 32 5
0
2
32 25 19
32 27 23
1
36 35 3
1
33 26 0
0
0
2
43 34 5
29 26 19
2
38 26 0
35 21 2
1
25 18 21
1
34 28 2
1
43 37 5
0
2
45 40 4
40 31 16
0
2
37 27 1
39 38 9
1
27 20 17
4
32 24 6
43 32 7
42 33 11
39 25 14
1
33 28 16
1
36 23 13
0
2
48 37 13
38 28 17
0
2
39 26 13
44 39 22
1
32 22 11
0
1
50 41 2
1
51 28 4
0
0
3
45 37 0
44 38 13
28 25 23
0
3
42 36 3
23 20 6
35 27 12
0
0
1
34 23 12
2
29 20 2
43 37 11
1
31 26 1
0
2
43 34 1
39 26 11
1
43 35 16
3
41 28 0
42 33 4
28 18 22
0
1
45 38 14
1
50 40 5
0
0
1
39 36 23
0
1
36 30 11
0
0
3
55 55 2
51 33 6
38 37 23
2
38 31 3
64 49 4
0
2
39 33 14
41 36 16
1
56 51 2
1
38 32 14
2
25 21 11
45 38 17
1
49 43 16
1
54 44 5
2
46 34 0
38 24 19
1
45 41 4
0
1
56 44 11
2
51 44 2
45 46 11
0
2
32 26 5
45 43 11
1
50 33 16
0
0
1
59 44 21
1
51 40 17
0
0
0
1
37 28 23
3
51 38 1
53 41 10
67 51 23
1
52 35 16
0
2
49 37 6
66 49 20
1
39 40 22
0
1
53 47 23
1
38 30 4
0
2
55 35 7
28 22 17
1
44 38 1
0
0
2
43 30 5
53 40 13
3
59 42 2
55 43 17
46 31 22
3
44 41 7
57 45 13
34 27 22
2
25 20 4
50 38 20
3
60 43 3
56 47 5
44 36 11
0
1
54 45 3
1
45 32 24
2
42 27 7
53 43 17
2
34 33 7
44 39 13
0
1
54 36 16
0
2
51 55 2
40 35 5
3
44 32 2
44 30 11
42 38 14
0
1
51 38 17
0
2
50 41 12
70 56 22
0
2
45 34 0
43 29 10
2
49 43 4
40 36 17
1
73 68 2
0
1
67 50 22
0
0
0
1
44 28 5
0
1
71 60 1
4
49 35 7
75 74 12
71 56 17
73 65 21
1
64 55 14
2
53 48 2
44 39 13
2
66 42 7
49 45 23
1
66 52 5
0
1
66 47 16
1
45 40 12
0
2
59 48 16
57 46 23
2
64 50 6
48 40 20
0
1
29 22 6
1
60 44 5
1
41 31 17
0
0
3
51 39 5
54 56 10
50 31 11
1
51 37 22
0
1
67 67 13
0
1
69 62 19
2
48 28 13
51 43 20
1
44 42 7
0
0
2
59 47 1
63 41 23
0
0
2
60 43 1
55 42 5
0
0
0
2
51 39 5
65 60 17
1
67 58 6
1
38 25 24
2
42 41 0
52 42 23
1
76 67 5
2
93 81 11
72 68 19
2
55 50 2
74 55 17
0
3
74 70 2
72 50 12
53 35 16
3
58 43 4
59 44 6
50 47 9
2
69 47 0
37 30 12
0
1
63 42 5
0
0
0
1
63 50 23
1
74 57 5
2
54 40 1
46 39 7
1
79 72 13
2
74 57 18
74 59 23
1
89 87 11
0
3
77 55 0
53 25 7
70 61 20
0
0
0
1
76 72 5
1
57 50 1
1
51 36 21
0
2
52 35 3
50 49 5
0
0
3
73 70 7
59 41 11
82 65 17
2
49 33 5
74 61 18
2
64 55 6
74 54 10
0
0
1
54 45 14
4
71 51 6
85 73 16
83 69 20
48 33 22
0
0
0
1
42 40 11
1
62 54 11
0
2
53 37 6
52 53 11
4
28 21 5
66 55 6
81 64 22
53 43 23
1
63 43 2
1
68 59 10
3
57 39 5
79 58 12
63 57 17
0
0
2
77 74 4
81 48 7
1
43 34 22
0
0
2
79 63 4
103 72 11
0
2
63 47 11
76 61 23
1
65 55 6
1
59 48 23
4
69 53 6
35 23 20
82 57 21
79 75 23
1
65 49 13
0
1
60 39 0
0
2
79 50 5
64 47 14
1
79 69 21
0
1
77 48 21
1
62 51 3
0
0
0
0
2
58 43 9
69 51 16
0
2
68 70 5
88 67 22
0
1
77 53 6
2
94 73 11
73 69 17
0
3
61 48 4
68 42 11
54 54 16
1
81 65 2
0
0
1
94 61 17
1
56 38 22
1
77 67 12
0
0
3
85 70 0
84 58 21
74 65 23
0
1
73 61 20
1
62 49 12
4
79 72 0
59 57 16
69 43 20
73 65 23
0
1
71 53 7
0
2
64 52 7
68 44 19
1
62 43 17
2
69 51 11
52 44 14
1
81 71 5
1
85 67 0
1
48 38 21
2
59 50 3
89 67 21
1
93 71 17
3
59 45 9
73 59 11
59 42 22
2
88 77 6
75 47 17
3
72 66 0
70 50 2
79 74 11
2
73 50 1
42 40 23
2
97 75 8
55 43 11
1
74 68 17
1
79 62 21
0
1
60 57 7
2
65 45 5
71 49 13
0
1
54 40 23
0
1
73 74 1
0
2
76 78 1
59 42 20
0
1
67 54 3
0
0
1
69 51 23
1
52 32 5
1
101 101 2
1
71 50 13
0
0
0
1
91 90 23
1
41 34 21
0
0
2
67 64 0
99 72 2
2
101 98 6
108 75 14
1
55 36 11
1
59 49 6
1
70 67 6
2
58 42 16
72 53 24
0
1
94 75 0
2
70 62 2
79 62 5
0
1
95 81 23
2
102 84 13
110 84 17
0
1
60 42 17
2
81 67 7
99 82 23
0
0
1
98 80 23
2
55 37 1
71 55 10
1
99 75 11
1
71 55 15
1
85 59 21
2
85 65 5
80 63 8
1
67 49 8
1
68 43 22
2
92 89 3
84 60 21
2
103 83 18
82 43 22
0
0
1
96 80 18
1
59 52 17
0
2
85 68 7
81 77 16
1
112 77 21
3
82 53 0
70 44 4
119 66 7
2
80 68 19
80 74 22
2
96 68 5
76 66 22
2
93 81 4
55 48 11
1
103 82 13
0
2
87 58 6
72 62 20
2
73 52 4
124 99 23
2
95 87 1
72 50 23
2
94 79 2
89 72 23
3
53 47 3
78 48 11
55 38 13
1
76 67 5
1
83 62 10
0
1
83 71 3
0
1
79 66 1
2
82 57 7
92 83 18
0
2
77 67 4
72 65 17
0
0
1
102 80 24
1
115 87 6
1
98 72 10
3
99 79 0
98 68 6
67 44 23
1
63 49 5
1
93 65 4
2
85 58 0
112 90 6
0
0
2
105 78 4
88 57 16
2
108 68 8
98 54 14
1
63 48 6
0
0
0
1
77 73 0
3
99 83 12
87 76 21
97 69 22
2
75 63 5
84 55 23
0
1
87 67 6
1
84 78 11
0
0
0
0
0
1
119 114 6
0
2
93 79 7
64 49 11
0
1
95 80 2
2
87 78 1
117 88 5
0
1
86 67 17
1
75 64 11
1
103 87 2
2
97 76 14
75 58 17
0
0
1
84 65 5
2
129 100 2
80 65 21
1
97 98 21
0
1
112 79 8
2
93 88 1
93 90 7
1
71 52 19
1
76 81 11
4
74 60 2
110 76 6
91 76 8
118 87 17
0
1
78 61 2
2
70 51 5
80 71 18
1
85 74 4
0
0
1
128 98 4
1
87 60 19
0
2
101 78 11
79 72 19
0
1
42 30 0
2
72 57 13
120 101 23
2
84 52 21
80 71 23
0
1
118 92 6
0
0
2
114 100 15
89 61 23
1
116 80 19
1
109 73 17
1
101 89 2
0
3
95 79 0
117 104 3
90 75 23
3
78 56 0
127 107 5
145 121 15
1
89 76 23
2
88 70 6
84 73 7
2
114 94 6
91 69 15
3
51 36 5
66 61 11
76 65 21
0
3
76 48 0
111 107 13
114 78 22
1
90 75 20
2
96 77 13
95 85 17
2
63 47 11
84 68 23
0
0
1
118 103 22
0
1
156 137 11
1
141 104 16
3
109 79 0
98 54 2
108 84 6
2
93 92 11
109 76 18
2
75 58 7
109 82 17
2
91 65 2
105 97 16
1
117 103 5
2
98 87 5
112 88 22
0
3
109 83 4
123 95 7
93 67 14
2
110 76 4
105 91 16
0
2
107 90 5
68 53 8
1
108 95 6
2
72 57 11
92 68 12
1
75 55 1
1
81 60 2
1
118 110 4
0
0
3
75 70 2
81 60 6
98 74 22
2
100 65 2
74 64 20
0
0
2
93 69 12
117 81 22
0
1
110 94 5
1
107 90 10
0
1
96 69 23
2
62 41 7
116 105 23
1
134 106 2
2
115 95 17
125 96 21
2
142 111 0
139 133 6
1
79 57 10
1
133 109 22
1
113 92 2
1
150 122 2
1
88 63 6
2
109 76 11
139 116 17
1
102 95 23
2
130 105 4
126 116 6
1
106 86 3
1
82 52 6
0
0
0
0
0
0
0
2
100 84 2
119 82 16
1
112 77 7
1
101 91 17
1
132 83 17
0
3
96 64 5
62 47 6
99 61 17
0
4
98 89 0
95 84 11
144 106 18
131 86 21
1
130 100 17
1
109 94 17
1
106 99 4
0
1
89 70 2
0
1
110 76 12
0
2
100 89 3
114 113 23
2
136 106 3
121 91 4
2
66 48 16
145 132 19
2
114 90 13
115 95 23
1
139 122 17
4
109 64 3
101 77 9
90 61 13
126 90 22
1
126 105 21
3
104 91 6
98 65 10
110 83 11
0
2
84 70 11
135 129 17
1
112 104 2
1
109 103 16
1
130 107 11
1
156 100 1
1
55 47 5
0
0
0
2
95 74 1
94 57 6
1
128 99 5
1
119 87 7
1
125 78 17
2
115 84 0
118 90 2
0
0
2
90 66 3
110 83 5
0
0
2
77 46 11
80 68 17
0
2
80 77 3
131 117 11
0
2
94 73 6
109 71 19
1
130 119 2
1
108 95 12
0
2
136 105 4
103 78 7
1
134 93 19
2
154 132 5
109 83 11
2
114 83 2
124 91 14
1
106 75 11
0
0
1
139 108 12
2
100 75 16
148 135 21
0
1
112 96 22
1
119 72 7
1
143 87 2
1
148 101 17
3
128 117 1
110 77 10
129 110 11
1
149 117 6
2
139 147 13
112 88 16
0
0
0
0
2
74 58 10
109 93 23
1
138 113 5
0
1
130 98 5
2
96 61 2
111 82 7
0
0
2
151 149 6
86 71 22
0
3
145 122 0
98 74 4
93 69 7
0
1
64 52 1
0
1
168 158 10
2
79 58 5
125 112 10
0
0
2
135 111 5
134 97 14
0
1
115 66 12
1
142 121 4
2
115 78 7
160 125 13
0
2
113 89 8
117 100 11
0
0
2
128 93 4
123 81 20
2
84 67 11
84 77 23
2
119 67 16
101 79 19
1
142 120 2
1
112 81 1
0
1
115 94 23
1
130 107 11
0
1
100 96 12
1
133 130 16
4
164 124 6
159 105 11
105 83 13
166 156 20
0
0
0
1
135 89 5
0
2
96 77 4
90 80 23
1
102 89 23
3
121 115 6
108 84 11
143 111 15
0
1
138 101 22
3
133 90 1
116 89 8
71 44 13
3
106 69 0
127 125 10
111 89 14
3
131 108 1
96 65 2
125 100 10
0
2
103 93 0
119 99 11
2
75 66 0
89 76 16
1
140 108 11
0
1
141 129 1
0
1
108 92 5
0
0
2
177 128 0
127 91 5
0
0
1
164 134 11
1
142 122 23
0
0
2
137 119 6
127 109 22
0
2
115 113 4
151 122 22
2
131 107 10
153 128 14
1
132 93 11
2
179 97 22
124 104 23
1
144 128 6
1
128 98 21
0
2
102 63 19
183 152 23
1
74 50 13
1
108 82 1
3
111 84 5
145 128 12
110 69 16
1
137 109 23
0
0
1
101 72 12
1
159 113 11
2
167 157 11
149 111 13
2
134 75 2
129 110 5
1
99 79 22
0
2
154 135 19
182 139 23
0
1
159 118 21
1
134 118 12
3
142 131 0
187 162 3
101 88 6
1
106 81 10
0
2
170 124 22
131 87 23
2
134 110 0
106 65 5
0
0
2
132 130 4
159 126 22
1
120 82 23
0
0
1
116 133 7
0
2
130 95 7
164 150 23
0
1
119 81 11
1
123 115 23
2
61 59 6
119 92 21
1
169 125 1
2
132 126 2
98 87 11
0
1
193 108 12
1
113 90 2
3
82 66 5
166 146 19
172 153 22
2
73 72 14
123 91 17
1
79 59 22
0
2
185 164 2
153 111 8
4
146 131 0
98 82 2
58 46 13
118 82 21
2
116 121 11
180 149 14
1
133 94 18
2
133 93 0
129 120 5
4
152 146 5
147 107 19
164 127 21
89 66 22
2
134 85 21
127 86 23
1
190 131 16
2
125 83 5
200 164 6
1
105 94 11
2
207 204 9
113 104 10
1
134 85 2
1
125 121 6
1
133 114 13
2
122 102 11
133 130 22
0
1
115 85 1
1
113 83 5
3
151 113 7
130 103 14
116 83 22
1
107 90 22
1
139 92 4
1
111 101 5
1
166 127 7
1
130 106 5
1
149 102 23
2
179 146 13
175 125 21
0
2
139 88 6
147 123 11
1
161 122 21
1
174 112 6
1
142 139 9
1
118 88 17
1
134 101 11
1
148 117 13
1
63 44 13
2
132 101 6
153 123 7
2
160 132 6
137 117 16
1
160 123 16
2
174 165 0
184 123 18
0
3
126 99 3
134 104 12
156 107 19
1
190 180 7
2
148 117 4
139 95 22
1
124 98 22
2
130 115 6
163 123 11
1
155 127 11
0
1
137 147 0
1
151 110 8
3
199 146 3
183 171 10
156 138 21
1
162 138 2
1
165 135 10
0
2
138 94 2
176 144 3
2
179 122 5
189 126 20
0
0
1
100 79 22
1
190 124 23
1
161 145 7
1
172 150 23
0
2
178 142 7
187 131 19
2
118 89 5
183 154 21
0
1
122 109 12
1
192 164 6
1
150 111 6
1
211 163 13
0
0
2
184 152 4
192 196 8
2
138 92 1
118 110 10
1
87 59 5
0
2
155 100 11
162 144 16
1
165 146 22
0
3
162 119 1
136 94 7
144 94 10
0
2
153 96 6
167 155 19
0
2
125 121 2
121 102 23
3
175 147 13
113 108 22
182 122 23
1
160 147 21
1
143 128 2
1
110 95 17
1
141 140 0
2
162 122 6
108 78 22
2
136 114 0
180 126 1
1
100 74 15
0
1
166 135 16
2
152 108 7
130 105 18
0
0
2
137 103 4
167 115 10
1
172 145 21
1
166 152 21
1
130 114 7
0
2
145 105 17
165 131 18
2
198 154 22
173 148 24
1
140 104 2
1
147 101 21
1
144 127 11
2
142 105 6
169 114 22
0
1
233 187 20
3
175 126 11
164 136 12
166 120 23
3
178 148 1
144 106 7
212 120 13
1
160 121 6
2
152 138 4
71 59 6
0
0
0
0
2
135 119 2
127 133 11
0
1
133 100 6
2
245 196 2
200 170 18
1
157 138 14
0
0
1
209 158 13
0
1
162 125 19
0
