3 8 4 6 1 2 5 5 3 8 1 6 3 6 4 4 7 6 3 4 8 3 1 3 8
1
5 3 13
0
1
10 8 13
3
10 8 4
9 6 6
8 7 16
1
7 4 18
0
2
9 8 12
6 5 13
2
5 3 7
10 9 12
0
0
2
9 6 18
12 10 20
1
10 10 7
1
7 5 14
2
10 7 13
12 10 20
1
7 5 23
0
3
12 8 0
7 5 9
4 4 13
2
12 9 15
9 8 17
0
1
11 9 8
3
8 5 3
12 10 7
10 8 21
4
15 12 7
11 7 9
10 9 13
7 5 23
1
11 9 24
4
11 9 0
11 8 6
11 8 7
5 5 21
1
11 8 20
1
7 6 24
0
1
11 9 20
0
1
15 11 12
1
15 11 23
3
12 10 1
11 7 9
11 10 17
0
0
1
5 4 11
2
14 10 1
17 12 11
0
1
11 9 8
3
12 9 9
9 7 16
10 9 17
1
9 8 1
1
15 14 4
0
1
16 14 8
3
15 14 1
14 13 6
20 16 24
1
14 10 19
2
18 10 1
18 12 3
1
20 19 13
1
16 12 21
1
17 11 1
0
0
2
13 11 18
12 10 21
3
18 17 14
15 12 17
15 10 24
1
18 15 24
3
18 17 9
20 15 15
16 14 19
1
14 14 20
1
18 14 3
0
1
14 11 3
2
19 19 9
18 13 16
1
17 15 7
1
17 12 17
0
1
14 10 15
2
12 11 1
13 11 13
0
1
21 17 17
1
15 13 21
1
20 15 1
1
16 15 8
0
1
13 13 16
2
20 13 0
17 12 17
1
21 17 11
1
21 14 1
3
19 16 2
15 10 5
21 18 6
2
26 21 6
20 16 13
3
24 18 0
20 16 1
11 10 21
4
17 12 1
24 20 4
16 13 6
20 19 19
1
22 19 15
1
19 16 11
1
14 12 21
3
16 9 9
13 9 23
23 21 24
0
1
25 22 7
1
19 19 1
1
16 11 0
1
20 17 9
0
1
10 8 8
1
18 18 13
0
1
23 18 14
1
21 17 21
1
22 17 7
2
19 14 9
28 17 13
0
0
3
19 17 13
13 10 19
19 12 24
1
16 13 21
2
21 18 8
30 19 21
0
0
1
19 14 24
1
21 13 9
1
32 29 19
1
27 25 17
0
0
0
1
19 18 7
0
4
28 20 10
24 17 14
27 21 19
21 17 20
2
19 13 3
21 15 15
1
27 21 14
4
38 25 14
30 27 16
26 22 17
18 15 18
1
15 14 20
0
0
0
0
0
0
0
1
24 19 1
2
27 21 12
29 22 14
2
30 21 2
22 16 6
1
28 24 13
1
19 12 11
3
26 22 15
31 27 20
28 22 24
2
26 25 3
22 18 6
1
27 20 17
2
26 25 16
29 22 17
0
2
37 30 9
34 22 17
2
22 18 7
18 10 16
1
37 24 24
1
29 26 23
0
2
29 19 2
33 27 8
0
1
28 24 19
1
23 17 24
2
36 25 13
28 25 20
0
0
1
33 31 2
0
0
1
40 32 12
0
3
27 21 5
31 23 6
19 15 20
2
21 17 1
28 18 11
0
1
23 23 9
1
32 28 21
0
1
30 28 24
2
24 16 0
31 22 1
1
24 21 1
1
33 21 8
3
27 22 7
34 28 16
35 26 24
0
2
27 18 15
39 36 16
1
33 20 24
1
37 25 7
1
26 26 1
0
0
0
1
32 27 5
0
1
33 25 19
1
23 17 16
3
41 33 0
26 20 9
31 23 20
2
37 31 7
30 22 18
1
44 32 19
2
27 20 15
29 20 20
0
2
29 23 3
30 24 24
2
25 20 0
44 40 11
2
27 24 6
37 31 20
1
31 31 8
0
1
43 34 7
0
2
24 18 13
38 31 17
3
36 31 9
42 41 12
39 28 15
4
45 37 1
28 22 4
32 27 13
46 35 16
2
30 24 7
36 31 14
3
34 32 1
37 25 3
19 16 13
2
43 31 1
33 29 16
0
3
27 21 1
38 30 10
28 19 20
1
40 43 14
1
36 23 20
3
35 31 3
39 29 7
29 24 20
1
26 22 12
1
19 17 7
4
38 33 14
38 28 20
27 20 22
33 25 24
1
31 23 6
1
40 37 8
0
2
37 33 5
46 41 8
0
1
41 34 1
2
52 33 12
47 35 15
0
1
37 30 7
2
42 33 20
50 54 24
0
0
1
31 25 24
0
0
3
57 44 3
42 39 16
32 18 20
0
1
42 35 17
3
48 35 2
25 21 20
47 37 23
1
30 25 9
3
59 40 9
22 17 20
45 40 24
2
36 23 0
15 13 5
0
2
40 29 0
33 27 24
2
43 43 6
52 34 18
2
42 38 2
47 47 13
2
35 25 14
44 36 22
2
42 32 11
46 42 20
1
29 26 9
1
38 29 15
0
0
1
50 47 15
1
56 47 15
0
0
1
52 36 9
0
1
55 40 18
3
50 47 9
39 29 14
46 37 18
1
55 41 12
0
1
58 49 17
1
26 20 11
0
0
1
44 37 11
2
47 37 1
57 49 10
0
1
51 43 6
0
0
1
32 30 1
0
0
1
57 49 14
1
46 35 9
2
39 26 18
43 35 24
1
42 30 9
2
25 20 0
45 26 9
1
60 59 19
2
48 41 1
67 42 11
1
51 33 8
3
43 20 3
36 33 6
58 48 11
3
45 30 3
42 33 7
39 28 15
1
21 15 24
1
48 40 16
1
46 52 9
1
49 42 3
0
1
55 37 9
0
2
52 38 1
55 40 14
1
45 34 2
4
63 61 1
57 41 2
28 21 12
51 37 24
2
59 43 11
48 33 20
1
55 44 1
0
2
67 57 1
47 33 13
1
48 32 2
1
62 57 12
0
1
41 30 20
1
58 36 3
1
42 29 19
1
68 60 17
1
43 41 12
2
60 50 9
33 23 12
1
70 50 3
1
55 51 17
0
1
72 52 24
0
0
2
62 62 7
77 58 8
1
33 32 7
0
1
64 55 3
1
50 44 1
2
67 65 2
54 50 13
0
1
43 23 8
1
65 52 15
3
58 48 1
35 36 3
41 36 21
1
48 44 7
2
42 32 17
55 43 20
2
50 49 9
61 51 24
1
57 47 9
2
43 32 2
43 32 18
2
49 35 3
45 40 16
1
45 42 0
1
75 54 14
2
57 50 13
48 30 21
0
0
0
1
60 44 5
1
65 62 1
1
36 27 17
2
60 43 7
52 41 15
1
44 31 16
0
2
75 66 20
54 51 24
3
47 36 1
59 43 11
57 46 21
1
60 41 17
2
60 44 1
64 44 20
2
40 37 16
75 60 20
3
49 43 4
57 37 7
39 35 20
4
61 52 11
63 47 14
55 44 19
61 51 20
0
2
55 52 1
52 38 20
3
51 41 9
58 40 13
52 45 24
1
35 28 11
1
65 65 9
2
70 54 6
51 38 7
1
47 32 16
1
42 38 11
1
49 40 13
2
55 32 1
75 65 16
3
67 45 9
69 42 11
28 18 13
0
2
53 39 12
47 34 13
2
63 56 11
59 54 20
2
59 45 17
63 46 20
2
74 60 13
58 56 16
3
56 47 9
64 52 14
60 43 20
1
62 52 18
1
69 61 5
0
0
0
2
67 53 2
60 42 7
2
55 46 8
44 22 19
1
59 58 6
2
47 42 2
65 49 19
1
77 57 11
1
65 60 12
2
65 53 9
69 56 16
2
43 33 1
64 56 24
1
65 54 20
1
61 48 5
1
69 57 1
1
53 40 5
0
1
50 51 9
2
67 51 12
65 43 15
1
64 45 3
2
70 52 1
64 55 21
2
60 47 15
54 45 18
2
49 36 9
83 72 15
0
2
66 39 7
64 51 24
1
56 45 14
1
84 61 19
2
68 68 6
54 49 12
1
64 51 21
1
30 22 2
2
55 41 3
83 67 16
0
1
57 58 24
2
66 60 2
61 46 16
3
54 48 6
69 59 9
64 47 11
0
0
1
60 48 19
1
59 51 19
1
54 39 0
0
1
80 60 23
0
2
61 50 11
64 48 24
1
78 68 9
0
0
0
0
0
2
61 55 2
81 58 5
2
58 51 1
72 63 17
3
86 69 2
68 63 8
81 67 11
1
87 91 1
0
1
76 70 8
1
61 59 6
2
78 70 19
76 55 22
1
64 48 0
2
86 75 17
45 31 20
1
82 66 11
2
84 74 18
81 65 20
1
86 59 8
2
81 65 1
60 48 6
0
2
97 80 17
56 40 23
1
65 50 20
1
70 60 14
2
55 47 21
74 63 24
0
1
59 50 7
0
0
0
2
83 68 1
58 41 16
1
107 82 18
1
39 33 9
0
1
54 48 20
1
72 60 9
0
2
80 65 11
73 51 20
1
85 78 15
0
1
78 55 21
0
1
81 53 21
1
52 54 3
1
85 66 17
0
1
87 65 20
0
4
60 46 1
65 64 18
68 61 23
75 60 24
0
1
107 89 9
1
91 57 1
0
1
99 73 12
0
0
1
88 77 15
3
79 55 6
81 73 7
69 41 16
2
89 76 7
85 60 17
2
81 74 1
78 68 9
0
3
85 76 2
81 59 20
70 49 24
0
0
1
51 39 11
1
34 26 19
0
1
74 63 2
0
1
93 86 19
1
61 54 9
2
97 65 7
45 40 8
0
0
0
2
90 58 9
102 96 24
1
77 43 15
0
1
83 58 3
1
96 89 14
3
83 61 3
83 60 13
86 75 23
0
2
83 61 3
86 58 7
1
81 62 14
1
81 77 13
1
93 74 20
2
98 85 9
93 64 18
1
68 63 0
1
85 75 0
3
55 35 9
91 68 13
76 44 20
0
0
0
0
0
0
1
94 60 16
0
1
99 83 20
0
0
3
98 86 11
92 74 12
97 72 24
0
1
91 77 3
1
40 37 4
1
76 61 6
2
72 42 6
74 72 17
0
2
102 86 1
92 74 2
1
56 47 13
0
1
100 80 0
0
2
80 61 8
66 51 9
1
109 115 5
0
0
1
96 79 19
2
60 39 7
94 68 23
1
76 57 13
1
79 58 1
0
2
64 45 2
85 79 11
1
89 61 20
1
67 51 11
1
84 67 17
1
63 56 12
0
0
4
85 61 7
106 84 9
68 59 13
65 64 19
1
101 72 17
0
0
0
3
94 71 11
82 68 13
100 105 14
0
1
108 101 21
1
68 59 11
2
114 83 20
103 72 21
4
102 85 9
52 40 11
119 81 13
95 78 14
2
63 36 11
73 76 20
2
48 40 17
58 46 18
2
91 89 9
78 53 18
2
92 80 17
75 58 20
1
82 82 24
1
100 82 11
2
105 82 5
63 42 16
1
100 59 2
2
111 78 7
72 63 16
0
1
104 72 15
1
67 56 24
3
93 68 13
95 74 19
101 80 20
0
1
49 40 9
0
0
0
1
111 103 9
1
82 75 18
2
110 107 9
100 65 16
0
0
1
79 65 13
0
1
90 64 16
1
92 76 14
1
75 46 3
0
1
95 79 15
5
68 60 1
96 66 12
126 88 13
112 91 21
79 52 24
2
82 65 12
58 36 24
0
1
95 82 2
1
76 68 21
0
2
63 66 20
95 54 21
0
1
100 92 1
1
105 85 3
3
76 50 8
94 60 15
91 53 20
1
95 83 23
1
62 38 19
2
78 78 21
126 104 24
0
2
90 50 14
127 122 22
2
89 84 20
108 98 23
1
74 61 2
1
106 88 16
1
90 65 17
3
129 101 3
152 114 9
113 98 21
0
0
0
0
0
0
1
126 87 5
2
93 61 7
130 98 20
3
105 82 2
97 78 19
101 73 20
1
65 45 14
1
109 59 9
0
2
98 71 6
81 52 19
0
0
1
108 78 19
0
0
2
118 82 7
115 91 9
0
4
68 45 1
86 60 9
66 54 17
112 80 19
0
1
108 85 18
0
0
2
135 105 3
82 54 24
1
110 86 1
1
105 98 17
0
1
117 83 13
0
0
1
123 77 9
1
108 86 3
1
104 73 9
0
0
2
81 59 18
101 77 20
1
60 52 1
2
123 78 2
90 55 16
1
96 56 5
1
130 93 14
0
0
1
92 70 7
0
2
92 72 2
77 52 23
2
96 79 12
105 83 16
2
138 79 7
120 74 9
0
3
113 83 1
86 72 2
90 91 14
1
43 36 3
1
137 89 9
1
93 76 16
5
111 86 1
84 57 6
116 106 8
83 62 9
111 91 17
0
4
106 78 0
100 83 1
134 111 3
99 76 9
0
1
114 90 3
0
0
0
2
133 151 0
108 95 6
4
97 67 3
101 76 6
97 74 18
124 129 23
0
2
109 80 15
75 55 19
0
0
2
116 92 1
95 66 11
0
0
0
1
88 65 9
1
142 118 9
3
72 60 12
95 73 15
77 66 20
1
92 59 13
0
1
112 82 19
0
0
0
1
88 68 9
2
117 80 13
120 100 17
1
96 89 12
1
98 77 16
1
129 73 13
2
120 87 2
134 90 13
1
101 89 17
0
3
101 64 11
97 81 20
105 89 24
2
85 64 9
81 52 19
1
106 88 16
2
105 92 16
116 92 19
2
139 121 16
126 83 20
0
1
118 103 19
2
137 111 2
121 100 23
1
112 81 20
4
108 68 9
103 98 19
125 90 20
141 109 24
2
112 79 14
105 81 21
1
76 65 6
3
113 96 9
110 82 13
109 69 18
1
73 70 24
0
1
123 86 8
2
131 93 15
104 91 17
1
112 85 23
1
113 70 9
2
147 104 14
148 122 20
0
0
1
89 70 11
2
103 86 13
131 93 15
4
145 121 4
98 67 7
129 94 8
89 77 23
1
104 93 17
1
76 67 1
0
2
117 86 1
68 59 20
0
0
1
141 110 7
0
0
1
120 88 1
2
110 83 9
129 110 17
1
100 92 24
1
121 100 1
1
132 102 8
2
125 88 2
83 79 16
0
0
1
112 93 2
2
131 103 11
110 92 19
1
111 68 17
0
1
140 118 7
0
3
132 99 3
145 118 9
89 72 14
0
1
90 78 2
3
119 79 3
97 72 13
102 66 18
0
0
0
1
102 93 16
1
150 117 20
1
111 85 11
1
61 46 17
2
123 98 3
103 74 14
1
137 105 20
2
131 118 22
86 64 24
0
0
1
96 71 1
1
119 87 16
2
127 112 11
124 90 19
2
147 106 3
105 84 12
1
108 69 24
3
121 89 0
141 120 5
117 107 7
1
145 129 13
2
99 69 15
90 70 23
3
96 73 13
122 96 16
140 131 23
1
99 77 2
0
1
99 77 13
1
85 70 16
1
113 97 11
1
134 114 3
0
0
0
0
0
0
0
1
91 65 14
0
1
116 97 15
1
144 120 2
1
95 73 9
1
114 95 1
0
0
2
155 138 5
124 66 7
1
150 132 13
1
134 109 16
1
99 86 21
0
1
116 118 16
1
120 109 24
0
1
110 119 16
0
0
0
1
139 118 5
1
135 108 16
1
108 88 9
0
1
114 87 16
2
143 108 3
129 106 20
2
141 132 2
174 150 9
1
124 78 8
2
141 146 11
142 98 15
3
138 120 10
124 101 17
164 133 20
0
2
139 117 2
137 119 16
2
110 98 19
137 104 23
2
112 83 1
81 83 13
0
1
144 123 24
1
93 55 6
3
95 77 7
162 124 11
153 111 20
2
88 61 12
133 86 17
1
166 126 16
1
128 96 9
1
123 94 16
0
1
145 128 3
3
142 96 3
142 122 20
131 93 21
2
96 76 11
141 97 24
2
167 111 0
176 140 15
1
117 95 11
0
0
1
139 116 1
3
92 83 7
152 122 13
174 130 17
0
3
131 76 2
156 125 20
107 79 24
2
146 105 7
150 113 22
0
1
75 58 19
0
0
1
72 57 6
1
116 97 19
0
0
0
3
136 95 2
153 105 6
134 113 19
2
120 101 3
102 67 17
1
149 116 17
3
119 87 11
121 96 13
119 105 23
2
110 86 5
112 89 23
5
149 136 1
144 121 6
102 80 12
168 120 13
155 123 16
0
2
133 116 9
113 81 24
0
1
59 49 3
0
2
173 140 9
184 151 11
2
172 152 2
147 96 14
0
4
147 122 7
167 150 13
122 96 15
192 153 19
3
117 86 7
175 125 10
154 132 19
0
1
124 106 9
0
0
0
0
1
159 151 9
1
139 106 14
1
179 137 3
1
121 99 8
2
141 98 0
105 73 13
2
152 127 5
135 97 6
0
1
74 64 24
4
123 111 7
126 91 11
142 121 15
127 91 23
2
141 92 1
112 114 12
3
120 77 7
145 121 9
122 103 23
2
136 116 6
121 110 12
0
1
162 147 2
1
155 124 19
1
151 134 1
1
166 130 11
1
144 107 1
2
87 75 6
166 116 9
0
1
107 86 23
0
1
171 127 15
1
191 182 16
1
92 84 0
0
1
132 109 20
2
164 133 6
118 78 8
1
143 119 13
0
0
1
150 115 3
2
137 130 3
159 116 20
1
76 55 12
1
122 73 3
1
113 74 7
1
129 76 23
0
0
1
97 77 16
1
150 108 13
0
2
97 81 19
157 117 24
1
157 138 24
2
166 121 16
102 75 19
2
98 62 16
91 61 17
0
1
97 77 9
0
1
109 93 17
2
100 78 6
169 138 8
1
100 73 13
0
0
0
3
204 148 3
171 148 6
104 94 18
1
157 132 18
2
164 114 1
109 96 6
2
157 116 17
155 152 20
3
126 97 0
87 75 1
92 92 9
2
141 118 1
59 51 22
2
142 135 20
152 132 23
1
152 116 11
1
141 112 21
2
168 125 13
130 122 15
0
1
126 91 7
1
124 115 1
1
148 110 24
0
0
1
158 130 3
0
1
164 139 11
0
2
123 108 1
182 121 13
2
113 88 13
150 126 19
0
0
0
1
168 134 11
1
115 114 18
1
92 76 11
0
0
0
1
144 129 15
1
190 149 24
1
103 80 24
0
1
179 160 20
2
162 86 7
106 81 9
3
164 145 1
121 93 5
147 134 17
1
155 109 16
1
118 101 12
0
1
127 103 21
3
116 85 1
149 114 2
112 83 19
2
119 106 1
122 92 16
0
0
2
182 168 16
110 88 20
0
1
189 145 0
0
1
181 144 5
1
190 177 23
2
151 110 16
125 101 20
1
169 139 6
1
92 66 16
0
1
171 149 24
1
168 127 9
1
116 93 5
0
1
130 119 17
0
2
132 100 9
174 124 15
0
2
131 102 2
96 83 16
1
114 90 13
1
184 158 19
0
1
162 119 15
3
138 114 15
134 101 21
152 107 24
0
1
202 167 11
1
133 83 1
0
1
197 132 3
4
167 139 1
159 141 3
195 196 13
152 119 24
0
0
1
61 47 22
0
2
156 132 3
129 95 15
1
201 159 17
1
133 82 13
2
148 141 2
143 101 4
0
1
153 126 11
2
164 116 7
158 156 21
0
2
158 126 3
96 68 23
3
157 131 1
130 125 13
185 178 24
2
173 112 9
132 105 17
1
150 103 15
0
1
179 164 9
0
1
135 109 23
1
105 94 14
0
1
150 107 9
4
188 151 1
140 113 12
203 166 13
232 196 23
0
1
204 144 11
