4 3 4 2 6 8 1 4 6 7 5 4 7 6 4 4 3 3 5 1 3 6 7 2 7
0
0
2
10 8 0
8 8 22
2
8 6 10
7 6 21
1
7 6 8
2
6 4 1
8 8 12
2
5 5 8
10 9 24
1
9 7 9
1
8 5 24
0
0
1
7 6 0
0
2
6 5 0
9 7 12
1
7 6 21
2
10 8 9
8 7 23
1
10 8 20
0
0
1
13 10 2
0
2
8 6 7
8 7 15
1
11 9 2
2
9 7 1
7 7 24
1
12 9 3
0
1
14 10 0
1
10 9 8
0
2
12 10 10
11 7 18
0
2
12 13 14
9 8 21
3
12 9 4
8 7 9
13 7 11
4
19 15 4
12 8 7
16 15 14
12 7 22
1
11 8 22
1
14 11 7
1
15 12 24
1
15 11 17
2
10 7 4
15 10 11
1
17 12 2
1
16 14 2
1
8 6 16
4
18 11 2
17 15 5
16 14 14
13 10 21
3
17 12 18
13 11 21
16 10 22
0
1
12 8 14
0
0
1
13 11 4
1
15 13 4
0
2
16 11 0
17 13 5
0
3
14 9 5
15 13 8
15 12 15
0
0
0
1
18 18 22
1
15 14 9
1
15 12 4
0
1
21 16 22
1
20 14 24
3
13 12 4
18 14 15
15 12 22
0
1
12 10 2
2
13 12 8
18 14 13
1
18 15 3
2
17 14 5
18 15 14
1
11 7 7
0
3
16 12 0
21 18 15
10 8 17
2
10 6 9
17 12 20
1
21 18 12
1
25 20 16
3
16 14 5
25 18 8
13 10 12
2
19 14 16
15 10 24
2
17 16 5
21 15 13
2
25 23 7
19 12 9
0
1
22 17 1
0
2
14 10 1
22 21 23
2
13 10 15
20 14 23
2
20 17 10
20 18 12
2
27 21 4
19 16 5
2
18 14 11
27 16 22
3
21 16 21
20 18 22
22 16 24
1
20 13 21
0
3
22 20 13
18 14 17
27 22 22
1
26 23 15
1
20 12 23
1
16 12 24
1
21 19 6
1
21 15 24
1
21 18 12
1
20 17 21
0
0
0
1
20 16 20
2
24 17 11
22 15 22
0
0
1
23 22 18
1
24 20 12
0
0
0
0
2
39 32 5
20 15 22
0
2
23 16 10
26 18 21
0
0
1
25 25 24
2
23 14 13
26 19 17
2
28 20 13
24 18 24
1
18 15 12
3
22 18 7
32 25 18
20 12 24
0
0
3
20 17 4
28 22 9
29 21 23
1
17 13 5
2
31 23 0
22 17 22
0
1
31 24 24
1
23 21 13
1
29 21 13
0
1
16 14 22
4
31 27 4
24 15 5
29 26 16
18 11 20
2
27 22 8
23 22 24
2
32 27 5
24 22 11
2
27 24 4
16 13 5
3
26 19 10
26 22 18
26 21 20
1
30 23 13
2
42 39 12
28 21 15
3
31 20 14
16 13 16
30 26 18
3
28 19 7
31 22 17
28 28 23
1
32 27 20
1
31 24 17
1
36 29 4
0
2
23 15 0
24 18 4
3
37 32 0
25 21 3
24 19 7
2
26 21 5
31 20 15
2
30 21 5
32 20 13
2
26 23 11
30 27 21
1
30 26 21
1
21 18 22
1
28 21 9
1
34 26 20
1
28 17 9
1
31 33 2
1
26 22 9
3
21 18 4
37 26 5
35 26 12
1
32 21 17
0
0
1
29 26 16
2
36 32 2
31 19 10
2
33 27 10
31 24 13
0
1
30 24 14
0
1
22 18 4
0
0
0
2
32 26 0
29 23 5
0
2
18 15 13
49 40 21
1
32 34 9
0
0
0
1
34 27 13
0
1
25 22 0
1
20 16 20
4
30 24 8
42 34 12
36 29 13
33 25 19
1
41 28 17
0
0
1
26 20 5
1
36 31 15
1
28 23 0
2
24 17 15
36 27 22
2
28 22 18
35 29 20
2
37 28 22
38 34 24
0
2
18 14 9
42 30 20
0
2
41 44 8
39 36 9
1
26 21 5
1
29 22 12
1
40 30 8
0
2
38 35 4
30 22 22
3
34 30 11
45 32 14
33 26 21
3
38 35 7
33 27 20
35 32 21
2
38 31 18
38 28 24
0
0
1
35 31 8
2
42 37 16
41 36 24
0
0
0
0
2
48 36 9
40 33 22
1
23 23 19
1
29 18 13
1
37 29 24
3
23 18 5
35 29 9
41 35 20
4
43 36 11
45 34 14
29 23 16
46 39 22
0
1
37 27 16
2
24 19 0
46 34 18
0
2
37 32 4
27 22 8
1
33 27 2
1
47 37 22
1
37 27 12
1
40 27 7
1
33 21 22
0
1
25 19 4
2
50 36 8
48 41 16
1
26 26 24
2
32 24 20
33 26 22
1
38 26 22
1
25 20 19
2
59 39 18
49 47 24
0
3
47 43 21
49 40 22
32 19 24
1
33 29 5
1
36 29 20
1
33 26 17
2
38 33 3
47 35 12
1
51 34 0
1
61 45 16
1
53 45 8
3
50 36 2
52 36 4
45 40 17
2
49 43 8
51 35 14
1
49 37 1
1
51 33 2
0
0
0
1
40 33 14
0
2
47 35 14
35 26 17
1
46 41 18
1
48 36 21
0
1
44 39 21
0
0
0
1
43 38 12
4
54 40 1
63 42 4
52 42 8
63 65 9
0
1
67 54 5
2
33 20 5
48 34 15
1
33 25 4
0
2
55 51 13
39 28 18
1
34 27 21
1
42 26 15
1
44 40 14
1
68 50 22
1
49 36 1
1
44 33 21
0
2
46 38 8
44 31 18
0
1
60 41 8
1
51 40 9
1
39 32 3
0
1
40 34 21
2
59 40 4
47 39 8
1
41 34 10
1
40 30 12
0
0
2
44 30 17
51 45 18
2
44 36 0
56 44 8
1
48 45 11
3
69 54 3
53 43 5
55 47 23
1
60 48 8
0
4
39 34 5
45 36 13
59 48 14
46 40 15
1
64 52 15
0
0
0
0
0
2
55 45 12
55 44 14
0
0
1
50 34 8
0
0
2
49 39 2
68 46 17
2
46 35 9
35 27 12
2
50 43 4
51 50 21
1
64 50 18
0
2
70 49 20
62 36 24
1
61 53 11
1
55 45 0
2
56 50 10
60 47 12
1
41 30 3
0
0
2
54 43 5
59 48 8
2
56 50 17
54 45 21
1
53 44 11
1
42 41 22
1
65 54 24
2
56 51 8
64 46 15
3
43 30 4
55 45 7
66 58 9
1
55 37 7
0
0
0
0
0
2
34 29 11
42 31 12
1
48 37 23
0
1
51 47 11
2
78 63 2
52 39 16
0
1
50 38 21
2
57 48 4
48 37 5
0
3
83 75 4
87 59 9
57 49 21
1
66 61 4
5
63 55 0
66 51 12
64 53 13
75 58 20
57 48 21
1
63 55 16
2
76 66 5
65 57 9
1
57 41 18
1
61 49 2
3
56 51 8
80 47 11
55 36 21
2
43 36 5
73 70 7
0
1
69 51 21
1
32 24 5
2
56 49 14
53 41 20
2
59 48 12
76 56 20
0
2
70 51 12
66 62 24
1
49 34 1
2
69 55 5
71 70 22
0
1
69 76 9
0
2
52 45 6
69 60 11
1
42 32 14
0
0
0
0
3
67 45 2
59 47 10
41 34 24
1
57 53 12
1
59 47 7
1
90 76 14
4
60 43 2
75 51 17
63 44 20
67 53 21
1
51 39 13
1
64 54 24
3
76 71 5
62 44 14
72 54 15
3
92 72 4
67 39 7
55 44 8
2
65 57 4
50 34 13
1
65 63 0
2
80 63 7
60 53 12
1
84 78 7
1
74 52 9
1
59 40 8
3
65 44 4
88 54 5
46 41 22
0
2
60 44 12
74 51 14
3
84 58 1
80 66 16
67 56 18
2
61 47 4
65 46 15
2
68 63 8
74 49 14
3
57 37 4
55 34 17
56 38 21
2
43 31 14
72 64 18
1
68 68 23
2
68 59 14
82 63 23
5
44 34 0
77 59 1
57 48 2
75 51 9
57 44 12
1
36 30 7
1
50 41 14
1
77 46 1
1
74 68 13
2
94 75 13
59 49 16
0
0
1
59 44 15
1
59 44 22
3
39 33 2
66 64 8
67 46 17
3
55 42 4
79 64 12
68 56 22
1
66 55 8
1
60 51 22
2
87 63 5
69 63 20
1
72 84 21
0
1
41 33 7
0
1
67 47 9
1
72 63 17
0
1
75 57 16
2
58 46 7
64 54 12
3
80 60 7
83 59 10
86 67 24
1
90 59 4
1
55 34 15
0
0
1
57 45 13
0
1
83 71 4
3
45 43 4
49 37 12
80 72 21
1
52 36 24
0
2
58 40 13
60 34 24
1
76 63 4
0
2
65 58 19
90 75 21
2
28 19 0
48 47 22
1
59 53 22
1
83 65 13
2
93 83 0
70 62 4
2
59 52 0
63 45 4
1
82 75 10
0
3
64 50 8
78 66 21
72 62 22
2
46 36 8
43 31 20
1
80 67 2
1
83 63 9
2
100 70 17
78 65 24
0
2
84 56 14
87 65 24
0
2
60 36 2
73 59 17
2
61 47 5
86 74 24
1
63 45 5
1
73 65 8
0
1
57 46 11
0
1
75 49 24
0
1
68 49 17
1
77 46 11
2
43 37 8
82 61 18
3
69 55 10
80 77 20
69 51 24
0
1
83 68 10
2
98 84 5
84 74 22
1
81 56 10
2
85 79 10
91 73 22
0
0
1
105 87 1
1
85 76 22
2
64 61 5
80 49 14
0
2
62 42 0
95 83 9
1
94 66 20
0
2
65 49 4
85 66 21
0
1
65 57 16
3
72 47 13
67 59 21
81 62 22
1
74 64 4
1
88 80 4
0
1
78 64 12
2
136 99 12
92 71 15
1
69 56 19
0
2
67 60 3
67 49 4
1
58 43 2
3
74 67 5
45 37 22
79 56 24
2
102 74 0
91 65 11
3
73 54 5
52 46 8
73 59 11
4
81 66 7
90 68 13
71 59 16
94 72 24
2
55 40 1
74 59 24
2
46 39 0
74 53 15
3
71 51 4
102 74 13
99 69 22
1
92 62 5
0
4
87 59 4
80 64 6
67 51 13
69 51 24
1
81 66 7
0
1
96 67 9
2
77 57 5
67 44 12
2
94 80 2
84 67 17
1
75 61 5
0
1
62 44 9
1
113 86 14
2
58 56 4
96 80 8
0
2
99 60 5
81 60 13
0
1
53 53 18
3
90 84 1
75 64 10
73 54 12
3
83 73 1
67 51 22
113 95 24
0
0
0
0
1
96 88 8
0
2
95 70 15
99 85 17
2
81 67 16
79 62 24
1
103 85 4
1
77 69 11
1
101 74 14
0
1
88 70 13
4
96 69 1
71 69 9
116 72 12
99 67 14
1
110 123 12
0
1
77 65 17
1
72 62 10
1
18 15 10
0
0
0
2
106 81 9
93 85 22
2
102 68 3
76 53 5
0
1
92 77 17
1
128 117 24
0
2
91 64 4
113 99 7
0
1
117 116 4
0
0
1
87 65 22
3
107 79 8
75 47 13
61 58 21
3
78 57 8
94 82 14
124 101 24
2
123 88 1
98 62 4
1
92 70 13
1
109 102 0
0
1
104 80 23
2
89 61 17
98 72 22
2
120 103 2
94 80 15
4
93 77 1
96 83 4
109 78 13
81 72 15
1
89 78 23
3
115 96 6
93 76 12
118 80 17
1
97 73 12
1
57 38 15
3
70 53 7
81 71 13
113 73 21
2
83 64 9
91 57 21
0
1
124 102 6
2
101 93 9
113 97 12
2
81 56 12
104 90 15
3
104 93 8
100 80 9
101 88 13
2
99 85 0
70 65 24
0
0
2
119 90 0
92 78 12
2
89 78 5
84 75 9
0
4
70 58 9
84 72 12
119 102 16
63 59 22
2
76 67 9
83 58 20
1
118 76 5
1
90 79 22
0
4
112 102 10
82 63 20
114 97 21
133 118 24
3
73 54 2
108 84 16
108 89 17
1
110 107 24
1
92 89 4
1
123 116 0
4
120 107 13
86 73 16
85 75 18
106 71 22
1
88 68 4
2
83 72 1
47 30 22
0
1
87 83 16
1
120 97 4
3
97 75 4
84 70 9
116 80 22
0
1
57 45 5
1
136 144 7
1
115 87 4
1
62 53 22
0
2
83 79 4
82 67 21
0
0
1
103 85 4
1
95 80 13
1
110 87 24
3
102 93 3
117 81 9
99 90 21
1
111 103 10
1
99 96 18
2
65 47 13
64 65 22
1
92 86 15
1
121 78 17
3
90 69 8
89 67 11
70 49 12
1
85 70 21
1
115 75 13
0
1
76 54 22
3
87 65 14
95 79 18
97 87 24
1
77 59 14
1
125 95 18
1
69 68 21
0
0
1
94 77 9
1
127 125 7
2
55 43 10
83 78 11
1
120 98 12
1
107 94 20
0
2
67 52 6
104 78 18
1
118 93 2
3
126 107 7
106 62 8
89 63 18
2
79 67 21
113 97 24
1
103 72 1
1
137 121 13
3
100 67 15
121 87 18
71 53 21
0
0
2
78 60 0
138 110 2
2
113 90 18
127 110 22
3
45 37 6
76 53 22
112 81 24
0
2
110 109 5
131 114 17
1
132 107 7
2
149 144 9
125 101 22
1
116 114 0
2
87 63 13
86 61 14
0
2
107 90 12
120 82 23
2
123 89 14
66 56 15
1
96 76 22
1
91 63 17
0
2
90 68 18
105 93 21
0
2
75 62 15
80 70 22
0
1
94 77 5
0
2
122 103 9
100 78 24
3
103 71 1
72 58 5
129 114 14
1
104 82 13
1
115 93 3
1
116 89 15
0
2
97 77 13
118 85 17
2
110 96 4
103 86 5
0
2
96 88 10
127 97 13
2
114 104 16
112 93 21
2
136 112 0
70 52 21
2
112 108 8
111 93 17
1
122 117 2
1
91 84 8
2
80 61 5
113 89 14
0
0
4
92 77 9
102 88 12
134 125 18
125 102 24
1
145 119 5
0
0
1
91 75 11
2
107 94 5
143 86 11
1
114 85 8
2
151 87 5
133 120 18
4
87 69 12
116 84 15
100 74 21
121 84 24
0
4
110 81 4
84 56 5
134 128 15
99 72 20
1
108 74 5
3
96 72 3
89 68 4
106 84 10
1
129 111 4
2
137 118 2
86 65 15
0
3
137 94 2
89 79 4
70 61 24
2
125 105 5
101 87 14
0
0
0
2
118 93 11
106 92 18
0
0
0
1
104 70 12
1
116 93 8
0
3
141 124 0
113 89 16
83 79 22
1
108 99 11
2
103 89 9
94 68 21
1
128 96 4
0
0
2
56 40 9
79 63 22
0
1
127 96 4
0
1
128 104 5
0
0
2
121 113 9
98 73 22
1
116 90 21
1
160 114 12
1
143 115 10
0
2
90 69 1
92 81 17
0
2
81 64 5
86 75 20
0
1
119 94 8
0
0
0
1
102 78 12
2
141 113 11
133 109 17
0
1
91 83 8
0
1
131 116 13
3
142 126 10
122 98 11
65 54 24
2
97 93 5
145 107 21
0
0
0
1
83 56 5
1
153 116 24
1
129 103 5
3
135 112 0
105 82 8
146 112 12
1
99 89 5
2
93 86 4
158 143 15
2
126 111 8
165 118 11
1
127 98 18
2
99 67 2
96 83 5
0
2
68 63 17
136 114 22
3
67 46 5
134 101 21
121 98 24
2
106 95 13
84 83 15
4
147 115 8
121 111 16
98 75 17
103 67 23
3
113 96 2
112 81 10
130 84 12
1
84 57 0
2
84 60 7
129 115 12
1
105 66 24
1
126 80 5
1
122 86 9
1
110 72 10
0
2
125 104 11
134 100 12
1
130 119 22
0
0
0
1
84 78 22
1
87 66 2
0
0
0
2
122 100 11
107 71 21
0
0
0
0
0
1
109 75 22
2
124 89 7
119 78 12
2
76 68 0
92 88 11
0
0
1
112 115 5
2
105 83 15
133 84 23
0
0
1
118 95 24
2
122 104 13
141 109 22
0
1
152 115 16
1
135 110 15
0
1
127 103 22
0
0
1
144 129 8
0
2
80 64 4
130 114 22
1
93 68 5
1
144 126 8
1
97 83 4
2
135 100 4
130 83 22
0
0
1
156 141 18
2
139 112 9
141 99 16
2
149 154 2
116 84 24
0
0
0
1
100 84 9
0
1
126 90 23
3
156 138 9
180 133 15
182 159 21
3
153 115 11
191 147 17
151 96 24
2
165 114 16
113 71 18
1
102 104 0
1
111 113 22
1
101 61 9
1
181 158 10
1
134 106 15
1
143 138 22
1
130 107 21
1
161 145 15
0
1
96 85 10
3
173 128 9
163 117 11
99 85 24
1
105 89 24
0
1
84 66 9
1
117 98 12
2
131 105 5
134 77 13
2
104 83 12
137 120 14
2
127 108 12
135 122 13
0
0
2
151 91 7
163 116 17
2
123 91 5
144 127 8
1
91 73 24
3
155 125 8
138 95 14
123 87 22
1
151 125 11
0
3
114 76 1
131 134 6
112 89 12
0
0
0
0
2
123 94 13
127 96 24
2
144 94 4
143 86 10
0
2
146 140 12
169 139 24
3
106 92 0
132 115 6
109 90 21
2
148 129 10
127 105 15
1
164 139 20
1
123 81 6
1
108 84 5
3
154 128 7
106 54 11
171 126 22
1
144 123 22
2
128 82 12
130 97 21
0
0
2
160 118 0
119 78 21
0
2
183 146 6
122 90 8
1
150 97 14
2
99 72 9
152 133 20
1
109 90 12
0
1
94 60 15
0
2
126 88 17
161 111 22
1
108 103 9
0
1
179 136 12
1
134 100 5
1
91 81 15
0
1
163 131 18
0
1
129 99 5
1
154 120 1
0
0
0
1
138 124 0
1
142 117 2
1
108 104 19
3
176 145 4
151 132 10
162 122 16
1
194 144 22
0
2
128 81 3
143 110 5
0
1
139 119 0
2
126 94 22
122 94 24
0
1
146 96 13
0
1
90 67 18
2
121 121 16
124 119 21
3
170 148 5
115 99 16
128 101 20
2
138 113 16
103 70 22
0
2
99 89 1
177 120 3
1
126 111 9
3
154 127 7
144 111 10
131 112 15
2
189 149 10
158 137 16
1
146 135 15
1
115 87 4
1
154 121 0
0
2
179 160 2
157 88 21
1
141 106 4
2
229 222 15
127 73 21
1
121 93 4
2
94 54 13
141 121 19
2
137 101 6
159 116 13
2
152 143 8
145 115 11
1
127 101 24
2
169 126 15
147 117 16
0
1
186 135 12
2
145 136 4
163 133 17
2
135 100 21
143 122 24
1
172 146 10
1
154 133 13
1
166 134 23
0
1
136 145 5
0
3
117 85 7
168 150 8
172 137 22
0
0
1
165 112 8
2
153 137 4
160 126 8
0
2
150 130 9
132 104 24
0
1
141 103 24
1
126 96 11
0
2
135 83 17
180 165 18
0
0
0
0
4
157 125 3
149 141 4
146 118 13
106 95 16
2
173 144 12
145 101 22
0
1
153 120 11
1
168 142 12
1
102 89 14
1
187 154 13
3
125 89 9
117 88 10
166 123 18
2
107 72 16
139 117 17
0
3
149 137 3
159 126 9
191 142 21
1
126 105 22
2
144 121 5
191 146 13
1
145 112 20
0
0
1
167 131 4
0
0
1
157 120 13
1
123 99 1
1
171 134 17
0
1
142 113 7
1
172 152 11
1
132 114 15
3
186 145 16
173 139 22
129 91 24
3
219 160 9
157 115 13
135 98 14
1
137 112 4
5
142 126 0
89 66 8
176 161 16
120 89 18
146 110 24
1
127 120 12
2
157 142 9
125 103 21
0
2
152 110 10
189 159 20
0
1
165 141 9
0
3
203 116 2
129 97 5
155 128 8
0
3
164 138 11
148 128 22
155 127 24
2
181 143 2
168 124 8
1
135 75 0
1
115 105 4
0
1
147 142 11
0
2
160 135 8
166 125 24
1
160 135 8
2
117 110 10
174 169 14
4
126 89 9
129 72 13
152 115 16
189 143 20
1
164 93 3
1
165 136 14
3
204 139 0
156 111 3
148 104 13
0
