8 8 1 6 4 5 4 7 8 7 1 5 6 3 1 1 4 6 2 1 5 4 3 4 6
0
0
2
7 6 6
9 7 24
0
2
9 7 8
9 8 21
0
3
8 6 5
7 5 17
5 4 21
1
9 8 6
2
7 5 5
7 4 9
3
5 5 7
10 10 8
8 6 20
1
9 7 7
0
0
0
0
3
10 9 0
8 5 1
9 6 12
0
0
1
8 8 8
2
12 10 1
7 5 17
0
2
6 5 5
12 8 12
1
9 8 7
1
13 8 22
4
11 9 0
14 10 3
9 8 16
10 10 20
3
9 7 7
8 7 10
8 6 24
2
14 12 5
8 6 24
1
12 9 3
0
0
2
14 11 0
12 10 9
0
1
13 12 23
0
0
2
11 9 9
16 15 11
1
12 10 1
1
14 12 8
1
15 12 11
1
14 11 3
0
1
13 10 6
0
3
8 7 6
10 7 8
13 10 23
0
0
0
0
1
16 15 20
3
10 8 1
8 7 4
12 9 22
1
18 14 8
1
22 20 22
1
15 9 19
1
17 12 16
2
19 16 4
14 11 23
2
15 10 8
20 13 9
1
12 9 1
2
17 13 3
16 12 12
2
19 16 9
18 11 23
1
13 11 0
1
15 8 17
4
14 10 0
13 12 4
12 10 5
14 14 9
0
1
17 14 16
1
21 14 3
1
16 14 0
2
16 15 5
10 10 12
1
23 15 23
1
13 11 24
0
0
1
23 17 12
1
18 14 24
1
25 21 2
0
2
22 19 0
18 12 11
0
0
3
18 14 5
25 19 9
20 17 11
1
15 13 0
2
22 18 23
16 16 24
2
20 16 6
17 13 11
4
18 13 8
25 15 12
25 24 16
26 19 24
0
1
18 15 24
1
22 15 1
1
20 19 18
2
26 21 3
12 10 8
1
23 22 1
0
1
15 11 11
1
20 15 5
0
2
23 22 9
21 16 13
6
23 18 1
18 13 5
26 19 6
25 17 17
23 18 18
17 15 21
1
24 18 12
2
23 22 4
20 15 9
2
22 16 7
22 19 16
2
26 20 9
17 14 17
0
1
24 19 17
3
20 20 8
22 13 17
20 18 24
0
1
27 18 17
0
0
2
21 20 2
19 16 24
1
23 17 24
2
23 22 8
17 15 20
4
29 23 4
23 24 5
21 16 6
18 13 9
2
16 15 7
22 18 8
0
1
26 20 8
4
22 17 9
24 16 20
19 15 21
26 21 24
2
19 17 7
22 17 16
1
26 18 5
0
3
21 15 0
21 17 17
22 17 20
1
21 16 15
1
29 23 8
0
0
1
16 11 2
0
1
22 11 0
1
24 16 9
0
0
1
31 23 3
2
28 16 0
27 21 9
1
33 25 0
0
1
22 15 13
1
21 15 9
1
21 17 5
0
0
2
23 18 3
25 24 6
1
21 18 24
2
39 30 0
29 27 20
2
24 16 1
27 21 15
0
0
1
32 20 17
2
27 21 9
21 14 17
1
35 27 5
3
41 31 3
33 29 12
32 20 20
2
36 21 7
34 22 16
2
29 25 15
17 15 16
2
20 16 6
31 27 7
0
1
35 25 24
0
1
31 21 8
1
36 30 16
1
31 27 0
1
33 27 8
2
43 33 1
30 28 7
2
32 29 9
37 34 11
3
34 22 1
24 21 3
35 30 4
0
1
30 23 16
1
30 21 7
1
19 14 16
0
0
0
3
39 35 16
41 32 20
38 29 21
2
33 28 0
32 29 1
1
35 29 11
2
26 19 8
35 33 9
0
0
1
45 38 11
2
36 30 3
46 40 21
2
39 30 8
26 22 13
1
26 21 0
2
36 22 7
42 31 9
0
2
35 29 1
35 23 8
1
35 26 9
1
28 22 5
3
38 27 0
31 28 7
32 23 11
2
32 23 12
27 26 24
1
39 38 11
0
0
2
40 33 5
35 25 22
2
32 29 0
29 22 22
3
33 28 14
44 34 17
43 29 23
1
42 30 11
1
33 23 6
1
43 32 24
0
1
41 35 13
0
2
43 36 0
46 41 8
0
0
1
43 31 12
0
2
34 31 16
30 25 21
3
46 33 5
22 16 17
28 17 24
1
40 32 24
1
28 23 1
0
3
36 26 0
44 27 8
41 30 24
1
36 27 8
0
3
44 39 17
45 27 20
48 43 21
2
44 28 4
44 36 9
1
37 29 0
2
44 38 3
44 36 7
2
43 41 5
48 37 24
0
1
37 33 12
1
37 32 12
0
1
43 35 20
2
45 49 7
28 21 14
1
38 27 20
1
48 39 9
0
2
41 24 9
38 37 13
1
54 48 0
1
45 43 18
3
55 42 1
28 23 11
23 22 17
1
41 28 20
0
1
45 34 3
1
37 21 1
1
43 39 18
0
0
3
29 26 0
29 22 9
59 47 16
1
40 28 4
0
1
41 41 0
1
46 43 17
2
46 38 1
42 23 7
1
34 21 21
3
29 23 1
49 32 20
33 21 22
1
55 52 6
1
38 35 20
2
35 29 16
57 44 21
0
1
40 32 15
0
1
59 49 20
0
1
45 42 1
1
37 27 20
4
50 40 0
23 17 6
46 37 13
45 33 22
1
44 29 9
4
42 36 7
49 45 16
41 32 21
53 44 24
1
49 46 12
0
0
2
44 34 0
49 41 11
1
55 36 20
2
46 41 3
29 22 21
0
0
1
55 48 3
2
52 57 0
54 44 8
1
46 32 7
0
1
30 24 3
1
60 52 24
1
50 51 20
1
42 36 1
2
54 42 7
60 49 23
0
0
2
44 39 1
41 34 9
2
61 43 3
34 25 22
2
54 52 6
46 28 8
1
40 26 24
3
65 49 3
47 32 12
42 36 20
2
36 34 8
31 25 12
1
43 31 16
1
53 33 13
1
45 37 11
2
33 26 0
38 32 1
1
39 36 20
2
48 30 10
53 40 20
1
66 40 21
0
2
58 47 0
44 32 17
1
56 49 7
3
43 44 1
67 54 3
56 38 7
0
0
2
46 38 0
27 21 3
0
3
39 29 6
44 30 10
54 44 12
2
71 52 0
67 50 12
1
48 37 8
2
56 42 1
66 52 2
1
43 37 9
0
0
1
54 49 12
1
46 37 8
1
39 22 22
1
55 46 12
2
60 56 0
53 38 17
0
0
3
40 26 2
40 31 3
62 54 6
0
1
53 45 8
0
0
2
42 32 9
38 37 23
0
0
0
3
45 44 0
53 44 13
53 46 23
1
61 48 1
4
59 34 0
57 49 2
54 48 3
73 59 23
0
3
55 39 3
46 37 16
69 53 21
2
69 46 1
56 44 12
1
59 54 6
0
1
62 62 11
1
44 47 22
1
68 54 13
0
0
0
2
57 41 7
57 45 14
1
50 43 7
0
2
44 33 13
52 42 21
1
61 48 24
3
62 39 2
50 42 12
60 47 17
0
1
64 50 6
0
3
33 22 0
45 32 4
75 57 24
1
58 38 7
1
71 65 24
1
61 42 1
0
1
54 52 16
3
37 37 0
51 51 23
37 33 24
2
73 48 12
53 46 17
0
2
45 32 0
53 42 8
0
4
60 39 0
58 42 1
66 53 7
54 40 17
0
0
0
0
2
56 40 13
76 63 17
2
57 47 3
58 38 5
2
56 49 6
55 40 17
2
65 61 11
58 53 13
1
68 57 7
0
2
71 56 8
69 43 13
2
45 35 6
58 46 20
2
76 56 10
56 50 24
0
0
0
2
52 31 6
51 43 23
1
57 48 16
0
1
70 53 18
1
78 63 20
2
55 49 3
71 51 6
1
70 48 0
1
73 66 12
3
63 58 7
52 38 8
62 55 20
1
78 66 23
0
1
65 43 10
1
67 52 2
1
69 55 15
4
66 47 4
76 66 11
46 31 19
58 45 21
2
72 70 16
82 55 20
1
59 52 17
0
2
77 46 11
64 57 24
2
73 66 7
66 58 20
1
51 31 21
1
47 30 17
1
60 51 11
3
66 62 3
70 49 8
63 53 13
1
61 49 4
1
67 51 16
0
1
81 60 4
0
1
79 58 21
3
79 69 0
63 56 8
61 51 21
0
1
57 47 17
1
77 63 0
1
76 56 8
4
69 65 3
72 52 7
52 45 8
59 52 24
0
0
2
76 63 4
65 50 9
2
90 81 9
42 32 24
2
89 65 1
60 46 9
0
0
0
3
75 71 4
64 48 6
59 45 24
2
57 40 1
58 47 22
1
78 63 16
1
64 51 8
1
72 62 23
1
60 45 1
1
57 47 7
1
58 40 18
1
63 42 24
1
69 58 5
2
78 51 6
78 63 8
3
59 44 3
60 40 4
75 54 23
0
1
66 50 24
0
1
87 57 7
2
59 57 8
75 81 13
0
2
69 56 5
56 52 20
0
1
61 49 2
1
61 48 11
0
1
65 61 0
0
1
69 61 8
2
90 83 12
91 78 17
1
69 53 6
0
0
0
0
2
107 81 3
104 91 5
2
66 46 16
56 39 24
1
63 56 7
1
72 49 9
3
74 66 5
91 84 12
70 65 23
2
75 69 11
70 67 16
0
1
85 69 18
1
66 52 1
0
2
57 52 5
56 47 22
0
2
78 68 8
93 78 22
0
1
100 81 5
0
2
90 59 1
66 44 12
0
0
1
95 79 12
2
83 78 0
81 70 12
4
68 53 7
62 44 8
68 61 21
84 77 24
2
96 85 1
99 71 3
0
1
49 30 11
1
68 48 8
1
65 44 9
3
79 54 4
77 65 12
92 73 13
2
64 43 4
73 48 20
0
3
110 68 11
109 92 23
76 61 24
1
82 62 9
1
99 85 8
4
82 62 0
70 59 6
108 90 8
88 67 9
0
1
60 42 0
2
75 66 4
62 50 9
0
1
97 103 24
2
97 86 0
59 47 1
2
67 65 9
65 55 24
2
78 53 0
47 36 7
2
74 50 0
89 60 24
4
61 46 3
101 74 7
68 43 8
103 77 21
0
0
2
96 59 0
90 87 5
0
1
68 50 12
0
1
92 66 0
0
1
78 74 17
0
4
88 80 8
82 64 20
78 63 22
54 45 24
1
83 68 22
0
2
66 43 7
65 52 17
0
0
0
1
97 76 15
0
1
84 53 9
1
80 79 1
0
0
0
2
91 56 3
124 103 8
1
83 61 12
0
1
89 75 21
0
4
82 65 1
100 85 7
81 62 9
48 35 22
0
4
130 106 11
93 91 15
89 72 21
88 57 23
1
93 88 0
0
0
1
91 69 0
1
51 39 0
1
91 64 3
1
89 74 17
2
63 40 0
94 80 5
0
1
88 73 11
1
102 78 12
1
60 54 8
2
89 77 3
125 108 17
1
36 24 17
1
76 52 17
0
0
0
0
1
73 76 12
0
0
0
1
105 82 21
2
90 70 11
102 78 24
0
0
2
74 42 5
101 88 16
2
95 75 7
105 79 11
0
1
68 62 5
1
87 75 9
0
1
92 80 16
2
90 74 6
122 101 23
1
62 54 16
0
0
0
0
0
0
2
89 71 2
101 79 22
0
2
108 99 3
90 83 5
4
75 51 9
110 72 18
85 65 21
74 66 24
2
120 90 3
97 84 17
1
41 31 3
1
85 56 3
0
1
132 121 4
3
64 51 8
93 73 9
84 76 24
0
3
72 66 8
67 53 12
64 57 24
1
105 88 12
1
103 98 12
0
0
1
81 56 18
1
48 41 6
0
0
2
103 75 12
92 75 20
1
116 91 11
1
93 65 11
3
101 97 2
83 57 6
76 62 9
0
1
87 80 9
2
106 69 7
110 97 13
1
80 70 12
1
127 91 4
0
1
105 90 0
1
121 96 0
3
69 59 1
132 114 8
93 69 9
3
101 85 1
64 61 7
96 94 17
3
98 85 12
93 75 16
93 68 17
0
1
88 53 0
1
126 103 17
0
1
73 68 16
1
81 68 9
0
2
110 88 0
63 46 9
0
0
0
1
94 98 16
3
94 88 1
116 126 14
111 96 18
0
0
5
103 71 6
108 71 13
95 96 17
69 48 22
103 63 23
0
0
3
88 63 14
114 79 18
101 72 24
0
1
138 110 9
1
73 53 6
0
0
0
2
108 80 12
138 122 17
2
76 64 1
95 83 17
1
80 63 24
2
70 65 0
100 92 3
2
103 79 9
107 88 23
1
103 77 1
0
0
0
1
126 91 8
1
76 69 0
1
108 66 17
0
2
103 90 6
108 71 11
1
106 109 21
0
2
128 90 11
118 116 15
2
91 82 1
96 73 7
1
133 108 20
2
75 60 3
121 103 7
1
110 69 6
1
128 98 7
1
131 105 20
0
0
4
141 123 6
101 80 7
111 91 17
123 88 24
1
113 77 5
0
2
118 101 4
133 101 12
0
0
1
111 95 8
1
75 56 9
0
0
0
2
128 96 8
79 59 22
1
100 72 1
0
3
92 92 9
153 111 13
110 94 21
3
125 115 1
120 101 17
121 95 23
1
115 103 3
2
95 77 0
121 95 12
4
92 67 0
123 85 8
109 79 12
93 66 15
2
111 80 7
92 61 17
1
102 75 23
2
142 128 1
120 114 24
1
105 89 2
1
146 112 9
3
88 80 5
104 91 8
90 84 17
3
114 85 3
83 65 8
112 107 23
2
109 83 16
105 89 21
1
32 19 0
1
125 72 15
0
3
90 67 1
96 82 8
131 95 16
2
128 101 3
103 90 4
0
1
93 69 1
0
2
129 102 3
104 76 8
2
121 98 0
114 80 14
2
99 63 1
126 118 3
2
112 87 0
126 107 7
2
152 123 8
133 132 9
3
70 58 1
144 133 4
142 107 16
0
0
0
1
107 74 22
1
109 89 22
1
96 65 20
0
1
124 102 19
2
125 109 12
139 105 24
0
1
100 77 11
1
141 95 8
0
0
2
148 103 9
81 67 17
1
133 89 17
1
122 86 9
4
112 83 7
132 114 17
137 114 23
108 94 24
0
1
148 105 16
2
83 53 5
95 55 11
1
101 85 3
1
102 82 5
1
161 140 9
0
2
68 49 0
110 82 13
4
122 106 6
77 54 8
133 96 16
85 66 23
1
132 109 7
2
146 105 22
160 134 23
1
89 62 13
1
109 66 0
1
124 108 9
1
129 101 4
0
1
81 58 9
1
132 128 10
1
130 120 9
2
100 101 7
118 101 9
2
167 132 9
121 91 20
1
100 67 21
0
1
115 98 16
4
91 64 0
132 83 5
125 98 19
104 85 23
0
1
95 70 4
2
153 113 16
123 101 20
0
2
109 82 22
118 88 24
1
91 79 0
2
119 78 8
148 118 24
1
139 93 3
3
98 83 2
90 63 7
134 81 8
1
112 82 12
1
137 97 3
1
102 104 11
1
121 91 1
1
112 102 1
0
2
129 76 16
100 72 23
1
104 79 16
0
1
159 96 16
2
113 79 6
125 105 17
1
110 81 8
0
2
132 110 0
102 81 13
0
2
98 65 17
134 109 21
1
142 83 24
2
138 99 0
110 66 4
3
73 56 1
126 92 7
91 72 23
4
96 81 9
108 79 17
71 55 23
107 97 24
1
106 76 22
2
124 92 21
141 134 23
2
142 122 17
109 93 24
2
100 71 3
59 50 4
2
142 118 0
160 129 21
1
156 123 6
2
121 88 0
104 80 3
1
155 122 22
1
102 76 12
1
131 98 4
1
101 74 4
1
76 58 1
1
88 45 6
1
130 112 8
0
1
144 118 8
1
104 87 0
6
161 124 1
95 80 3
100 86 9
116 92 17
139 94 23
84 61 24
0
2
116 81 5
126 109 10
1
100 71 16
2
107 76 4
88 79 8
2
104 59 7
160 114 11
1
119 107 0
0
0
1
73 57 11
1
132 98 18
1
146 133 12
0
1
127 116 12
1
105 90 16
0
0
0
1
143 96 17
2
147 82 13
135 92 14
0
1
151 94 0
0
1
102 75 12
2
104 90 0
114 89 8
0
2
159 138 20
95 77 21
0
1
132 92 24
0
1
120 87 5
2
129 145 8
119 101 24
1
114 89 7
2
134 119 9
144 126 21
1
108 93 23
0
0
1
150 87 7
2
106 79 7
83 74 21
2
120 122 1
145 106 8
0
1
181 139 5
0
0
5
141 97 0
119 115 3
152 143 9
123 90 12
153 96 21
1
133 119 18
1
151 110 13
0
0
0
1
86 55 21
0
0
1
116 108 23
1
129 91 20
3
104 90 4
109 101 10
150 107 16
3
91 83 3
124 113 4
100 81 13
1
97 75 0
2
110 90 3
82 64 13
0
0
1
139 104 19
0
0
1
145 100 12
2
176 170 23
188 136 24
0
1
160 116 8
0
3
133 120 12
123 82 16
111 89 23
5
106 99 3
146 96 4
157 107 6
164 145 20
147 126 22
2
105 83 3
126 100 23
0
1
173 116 9
1
143 111 11
2
98 72 1
147 96 22
2
107 93 0
161 134 20
1
160 127 11
1
137 114 6
0
0
1
179 127 5
1
150 138 17
1
127 83 17
1
130 111 18
3
126 87 1
129 90 20
81 53 24
0
0
2
205 129 3
116 106 21
1
134 93 21
0
2
154 122 3
142 118 24
2
149 105 6
138 135 24
3
155 107 7
103 81 8
118 89 21
2
139 111 9
139 116 23
1
118 103 11
0
1
153 112 7
1
170 165 24
0
2
175 138 9
181 131 20
0
1
100 88 20
1
128 110 7
2
140 110 0
147 129 12
0
1
54 45 20
1
167 120 18
1
182 134 0
0
0
1
113 97 12
0
2
183 121 12
97 79 16
1
166 111 18
1
118 86 7
1
144 112 3
2
158 118 5
159 132 7
3
171 148 3
111 72 4
112 83 23
1
234 234 3
1
122 112 7
3
154 138 6
147 114 9
156 109 12
1
143 129 24
0
1
142 117 6
0
0
1
154 145 6
2
170 117 0
136 91 11
1
130 85 1
1
118 104 0
1
140 72 22
1
164 156 5
1
134 131 9
1
105 77 5
0
0
0
1
137 112 20
1
129 115 17
0
0
0
2
175 141 7
156 118 16
0
0
1
121 105 22
1
155 152 17
0
0
2
130 98 0
120 80 3
1
173 141 5
3
120 84 6
194 168 7
174 148 22
0
4
143 110 1
190 165 3
135 94 13
148 128 20
1
123 117 8
2
162 124 7
154 156 20
3
131 110 0
95 82 9
131 110 12
1
119 107 8
2
160 119 21
112 80 24
1
135 123 5
1
186 155 5
1
124 96 4
1
193 144 17
0
2
135 84 16
139 101 18
0
1
129 106 1
0
2
186 184 21
125 119 23
0
1
107 84 8
1
121 92 2
1
171 130 23
0
2
127 90 17
152 142 23
0
2
113 102 3
165 144 9
1
92 56 24
3
200 137 0
168 115 8
165 141 23
2
166 163 5
158 131 11
1
169 112 12
1
155 108 11
0
2
123 103 1
92 67 6
2
106 94 1
153 116 7
2
150 105 8
137 102 17
0
1
150 123 16
2
146 114 1
116 78 16
4
207 163 0
189 164 9
186 121 12
163 129 24
3
126 93 3
146 133 11
160 128 21
1
156 88 22
0
0
0
2
157 144 1
191 172 15
0
1
134 105 17
1
143 123 20
1
85 63 1
1
206 188 16
1
164 141 0
0
1
129 107 3
1
160 127 17
1
178 163 12
1
163 156 17
3
154 113 5
95 81 8
197 173 9
1
150 131 12
0
4
150 129 0
122 117 3
141 107 12
153 130 23
1
135 88 8
2
177 140 11
186 134 22
0
5
171 114 3
39 29 4
130 106 9
159 141 20
172 130 23
1
82 57 16
3
181 98 0
175 166 7
152 115 9
1
189 150 8
0
1
175 130 21
0
