3 2 6 2 6 3 7 6 7 1 4 6 6 2 4 5 8 5 5 3 2 6 5 8 7
0
2
4 4 11
7 5 18
1
8 7 16
1
5 3 1
1
9 8 14
0
1
10 8 17
1
10 10 22
1
4 3 8
1
10 7 2
0
0
0
1
8 5 17
1
11 7 16
2
9 6 14
8 6 18
1
7 5 2
1
6 5 4
2
10 9 6
7 5 21
2
10 7 2
7 5 22
1
13 10 5
0
0
0
0
1
13 11 11
2
13 11 12
16 14 23
0
1
9 7 5
0
1
12 9 15
0
1
10 8 22
1
10 8 5
2
14 13 8
14 12 15
3
12 10 5
12 10 15
10 7 18
1
19 15 1
1
13 10 11
2
12 10 7
11 10 19
2
18 17 5
16 12 23
2
18 14 20
10 7 21
0
0
0
1
17 11 5
2
15 13 11
9 7 13
0
0
0
3
12 10 6
15 15 12
14 10 22
0
2
15 12 15
15 12 24
1
18 13 23
0
2
16 8 17
16 17 22
3
16 12 2
15 16 15
20 18 22
1
18 14 14
1
10 9 16
3
14 14 4
19 15 5
22 16 7
2
17 17 8
19 14 23
0
1
9 8 8
2
18 15 8
13 12 9
3
15 13 13
13 11 16
13 10 17
2
13 9 16
16 14 18
1
16 12 11
0
3
17 12 1
15 12 17
10 8 20
2
16 14 12
15 14 18
1
16 16 23
0
2
18 15 7
12 9 12
2
14 10 20
17 12 23
1
20 15 21
1
12 11 8
2
17 16 17
15 11 23
2
20 17 0
18 12 2
0
0
1
16 12 6
1
20 18 21
1
23 18 16
0
1
15 11 14
0
2
19 13 6
19 16 7
1
25 21 12
3
21 15 4
24 17 5
18 18 23
2
14 12 0
18 17 13
2
21 18 18
21 18 21
2
20 17 6
17 12 24
1
21 18 24
1
21 16 24
1
24 19 14
1
19 13 8
1
25 22 23
4
25 21 11
22 20 19
24 20 21
28 20 23
1
26 17 21
2
27 21 3
19 12 8
2
21 17 11
18 15 14
0
2
22 19 4
22 16 5
2
15 13 6
29 21 20
1
20 15 16
3
25 20 7
27 22 15
27 22 16
0
1
15 14 15
3
27 23 15
20 18 16
17 15 22
3
19 17 4
35 24 14
25 22 24
0
3
11 8 10
18 14 17
18 15 24
2
22 14 10
20 15 17
1
24 20 12
0
0
0
3
28 20 11
26 19 16
32 30 24
0
2
22 18 2
30 27 6
1
28 17 24
0
1
24 20 8
3
21 13 11
30 24 15
26 25 22
1
28 22 2
1
30 25 5
1
28 26 6
2
24 23 15
20 18 22
3
21 18 1
44 39 12
36 31 23
4
31 23 0
22 20 4
19 14 18
30 30 19
1
26 15 21
2
43 40 14
23 19 15
4
28 20 2
21 14 4
28 23 6
21 19 23
0
0
2
27 20 12
22 12 22
1
28 19 15
2
24 18 14
33 27 23
1
33 30 18
1
24 18 16
0
2
20 17 22
40 31 23
1
25 22 16
2
32 24 2
29 22 23
0
1
35 24 17
2
35 27 0
40 33 15
3
15 11 4
32 28 8
34 24 17
1
31 26 4
0
2
27 18 10
31 20 21
0
2
35 22 11
36 28 14
1
34 30 6
1
29 18 4
1
24 18 8
2
28 24 21
42 35 23
1
35 30 11
1
34 26 11
1
32 26 18
0
1
34 24 15
0
1
21 21 7
1
25 21 2
4
27 20 3
25 24 8
25 15 14
23 19 21
0
1
21 14 23
1
36 29 23
1
41 33 17
1
47 34 2
2
33 27 4
28 24 19
0
1
37 23 16
2
37 29 17
28 20 24
1
41 33 6
1
46 34 16
0
3
36 32 15
28 20 16
30 18 20
1
21 18 18
0
2
33 27 4
38 31 23
1
28 25 19
1
25 21 2
1
20 17 4
1
41 30 15
1
48 34 7
1
57 50 24
1
44 31 10
1
29 23 16
0
2
42 37 15
38 32 23
2
36 33 8
38 24 19
0
1
28 23 24
2
37 32 22
32 21 24
0
3
42 30 11
36 24 17
38 27 20
1
35 29 12
0
1
43 31 18
1
39 33 6
2
43 34 4
31 27 11
1
36 30 23
1
32 29 12
1
53 44 21
2
37 28 10
41 37 24
2
36 22 11
40 32 16
2
46 30 8
43 38 18
2
20 16 16
50 37 22
2
35 29 8
15 12 19
1
20 19 22
1
45 32 8
2
42 35 15
52 48 16
0
0
1
44 29 22
2
56 52 12
28 22 21
1
33 25 24
4
42 27 6
53 37 12
35 33 17
52 45 24
1
31 21 21
0
2
36 25 14
46 27 23
1
46 35 24
2
50 35 8
44 32 10
1
46 38 11
4
36 29 2
33 24 7
31 24 9
35 23 22
1
28 23 6
0
4
50 42 6
45 37 9
37 26 11
28 21 16
1
34 25 7
0
3
48 40 0
38 36 15
50 43 21
0
2
52 41 12
38 33 21
3
41 27 3
52 42 6
44 40 24
2
59 52 7
44 35 15
0
0
3
48 37 4
49 36 16
43 32 21
0
2
46 33 2
45 36 4
1
33 33 23
1
49 45 24
1
40 35 16
0
1
42 32 23
0
1
37 28 22
1
43 43 23
1
35 29 18
1
50 45 15
1
39 28 4
0
0
2
40 35 12
56 49 14
0
2
53 43 5
41 30 14
0
0
1
38 35 4
1
29 23 23
1
43 32 15
1
52 35 23
0
1
56 38 23
0
2
52 43 8
27 17 13
2
52 50 13
38 36 24
1
47 28 21
0
2
59 47 4
42 36 11
1
45 36 11
1
64 51 23
2
48 40 1
61 49 10
1
63 41 8
0
1
55 37 3
1
39 28 19
2
61 48 12
28 15 15
3
46 35 12
58 49 16
36 28 18
1
65 49 11
0
1
36 39 23
1
46 33 1
0
2
60 49 8
30 27 21
1
56 52 7
2
46 28 7
34 26 18
2
46 34 4
42 39 23
1
51 40 1
2
64 52 17
43 33 22
1
56 35 22
2
46 35 6
47 45 21
2
51 34 5
32 29 21
1
47 33 8
1
25 18 11
2
54 43 10
50 42 20
0
0
0
1
43 39 7
1
44 33 2
1
60 41 18
2
71 57 4
23 19 23
0
0
3
47 45 1
39 28 5
45 37 8
1
55 40 4
3
61 54 4
49 35 11
50 38 16
1
65 64 12
1
47 31 15
0
3
74 68 6
48 40 12
49 39 16
0
0
4
58 43 4
55 46 7
41 38 16
60 46 24
0
0
1
71 59 21
2
57 46 17
50 38 24
0
0
1
43 32 6
2
53 37 17
52 42 24
0
0
0
1
74 53 22
0
4
73 52 6
54 40 12
41 37 16
57 52 23
1
71 56 12
0
4
59 47 1
72 64 8
41 30 15
36 31 17
2
69 54 0
65 55 2
1
54 44 22
1
67 57 16
2
64 50 10
39 32 19
0
0
0
2
78 61 2
71 64 14
2
62 50 2
39 24 24
1
34 32 16
2
56 45 4
65 48 6
0
2
57 39 4
58 53 24
5
66 66 0
68 56 6
67 66 8
80 67 16
70 55 19
2
60 55 4
48 33 24
4
71 51 3
51 39 4
63 51 7
47 41 9
2
71 49 2
74 49 22
0
2
56 37 20
34 21 24
0
2
75 63 2
59 47 5
2
59 52 12
54 49 18
1
68 51 16
0
0
0
2
54 48 16
46 36 20
0
4
70 59 2
67 55 6
55 46 10
41 28 24
0
0
2
58 46 16
56 41 18
1
54 39 13
0
0
0
0
0
2
41 33 5
43 36 16
2
83 59 15
51 35 22
1
58 38 4
0
0
0
1
79 63 23
1
69 66 21
2
57 43 16
82 76 23
3
57 43 18
72 52 23
78 68 24
4
72 54 7
50 34 12
74 51 21
54 38 23
0
4
65 56 2
65 53 5
76 57 18
64 54 23
1
56 36 24
2
25 22 8
70 52 24
1
81 73 6
3
73 58 0
57 49 4
68 56 15
4
74 68 15
64 54 18
84 79 21
37 31 23
1
56 39 16
2
67 70 4
58 57 8
0
1
87 73 8
1
72 58 11
1
50 42 11
0
2
67 49 8
61 55 16
0
1
75 52 22
0
3
51 46 12
71 62 22
62 42 24
0
0
2
90 72 0
50 44 20
1
63 40 4
1
85 77 23
2
81 66 2
94 65 19
2
79 52 0
60 45 17
1
59 45 14
2
58 43 4
67 53 22
0
0
0
2
59 48 23
90 73 24
3
64 45 7
77 59 8
68 69 16
2
77 63 6
76 56 12
1
82 54 23
2
57 37 21
60 45 24
1
94 60 23
1
81 69 24
1
79 76 7
0
1
65 38 24
3
55 45 0
56 40 1
61 59 3
0
1
77 66 21
0
1
83 47 0
1
58 46 7
1
57 48 10
2
69 43 0
83 77 8
1
79 79 7
0
2
63 50 7
58 43 17
5
68 44 3
72 60 4
75 54 18
70 57 21
70 57 24
0
2
81 72 16
54 49 22
0
0
4
62 55 2
84 75 8
78 60 12
101 78 19
0
0
5
83 70 5
72 53 10
78 61 15
69 49 19
76 51 23
2
57 45 7
78 64 13
1
93 77 23
4
71 51 6
82 62 12
71 55 14
46 32 24
2
80 69 12
95 82 21
1
53 41 18
1
55 47 17
2
66 54 21
55 50 23
1
53 26 16
1
44 31 7
0
2
96 86 4
83 70 16
2
94 78 2
81 68 11
2
67 45 4
66 56 15
0
2
69 49 17
83 78 22
2
71 65 16
73 60 23
0
2
65 55 22
55 39 23
1
65 43 2
3
86 60 2
97 88 18
85 64 21
2
97 78 2
75 63 11
0
1
55 55 7
1
71 58 22
0
3
76 59 0
101 87 3
78 58 18
3
72 52 2
62 53 4
95 85 18
0
2
60 48 5
91 62 21
1
79 67 23
0
1
85 71 24
1
76 75 21
2
57 46 9
64 52 15
0
1
73 62 0
1
79 78 14
1
77 65 17
1
88 70 0
2
95 55 14
81 63 21
1
100 67 12
0
1
78 71 24
0
1
123 109 22
1
61 39 2
2
75 62 8
72 55 21
0
1
81 77 1
1
83 58 17
0
1
97 74 10
2
67 46 2
66 60 21
2
87 72 4
114 93 15
2
102 71 2
56 36 8
1
73 58 22
3
89 75 14
112 109 22
88 65 23
2
91 67 8
107 85 10
1
82 68 20
0
2
82 79 3
98 80 15
1
41 28 2
1
87 54 13
0
2
74 59 12
103 93 15
1
95 77 16
3
70 62 8
89 70 21
83 65 24
0
0
4
82 74 0
83 72 11
96 86 14
114 98 16
1
71 73 14
1
92 55 8
2
102 81 5
96 70 15
1
94 82 21
1
93 87 2
1
94 83 23
1
99 82 24
0
2
63 48 2
97 89 18
1
77 70 6
1
43 33 22
1
103 79 3
1
95 68 16
1
105 97 23
1
81 66 18
1
73 59 15
1
104 78 0
0
2
91 83 17
69 53 24
1
89 70 23
4
88 65 8
91 63 14
92 88 15
65 55 17
2
106 76 7
69 54 22
0
1
91 76 22
0
1
104 84 3
0
2
76 66 22
91 78 24
0
0
4
95 74 6
87 61 11
78 59 17
68 55 22
1
92 73 6
0
1
57 43 11
4
49 34 2
78 65 10
114 91 12
54 45 14
2
85 73 8
97 86 12
6
92 61 2
89 67 4
76 46 13
105 60 14
125 102 19
82 49 24
0
4
112 95 5
99 86 7
78 60 21
84 65 23
0
2
106 71 6
80 68 22
2
84 69 2
105 61 22
3
104 81 4
67 41 16
91 81 23
1
97 75 4
2
84 59 2
132 113 12
1
62 36 22
1
92 69 16
1
76 68 7
1
85 64 19
0
1
60 50 16
0
2
89 65 8
99 81 10
0
0
0
5
90 66 2
106 79 6
107 75 7
69 56 16
94 64 22
0
1
92 64 3
1
100 69 6
0
2
86 74 20
110 90 22
2
108 77 17
91 82 23
2
58 52 6
83 55 23
0
0
3
101 77 1
125 99 2
62 49 16
2
83 50 5
92 78 8
0
0
0
0
0
2
125 120 5
89 81 23
3
111 92 2
111 91 4
104 92 8
2
83 65 11
94 75 15
1
80 58 8
0
1
93 57 6
1
75 60 6
1
88 68 17
1
60 43 1
2
122 96 7
94 65 11
0
2
105 81 16
107 85 24
2
97 87 2
111 81 6
1
92 65 7
1
90 68 19
1
100 99 20
0
2
125 104 0
135 83 16
1
100 69 24
4
97 82 6
91 58 10
88 77 23
126 89 24
0
1
86 58 16
2
106 72 8
85 62 21
2
104 97 14
80 62 15
0
3
124 106 11
98 59 17
97 89 19
1
136 110 6
1
105 82 12
1
134 120 17
3
78 52 3
88 54 12
85 53 13
2
39 32 4
84 55 22
1
119 110 12
0
2
138 119 17
119 98 23
1
78 77 8
1
117 95 18
0
1
121 100 3
1
81 53 8
1
88 62 12
0
1
119 108 17
0
2
133 101 18
124 106 21
1
89 77 13
0
0
2
131 106 23
104 105 24
2
94 72 21
118 102 23
0
1
117 95 15
2
139 112 16
56 40 22
1
104 84 0
0
1
64 60 15
0
1
105 67 23
1
101 97 8
1
99 73 10
0
1
101 76 23
0
0
1
119 80 14
1
107 84 7
0
2
156 141 16
108 69 23
1
100 69 15
0
0
1
108 91 7
0
0
3
143 126 2
88 64 6
77 67 16
3
78 64 7
91 77 21
126 108 23
2
114 99 17
123 114 24
0
1
121 93 7
0
0
2
64 48 9
84 64 12
0
0
3
78 67 10
91 61 18
124 117 21
2
122 114 2
98 76 6
3
111 69 2
63 44 10
95 82 15
1
88 71 23
2
117 91 21
121 71 23
1
148 113 6
0
1
114 102 8
1
115 89 23
0
0
2
102 80 4
97 95 24
2
116 92 1
101 73 16
1
58 33 23
1
154 125 4
2
102 73 12
110 89 21
0
0
1
127 111 8
1
111 84 18
0
0
2
126 95 15
119 88 16
1
111 100 5
1
120 71 0
1
115 97 5
1
57 40 13
0
1
122 93 13
1
121 98 7
0
1
131 107 12
1
127 117 12
2
146 125 3
105 81 10
2
149 145 3
127 111 10
2
145 119 15
81 61 17
0
2
128 112 14
103 78 18
0
1
123 107 2
2
124 83 2
89 61 11
2
93 75 0
138 117 1
1
146 126 6
2
138 106 21
111 66 23
3
137 102 0
144 148 21
76 59 22
1
129 98 7
0
0
2
91 79 12
80 67 16
1
86 57 24
2
88 58 4
96 93 12
0
3
116 93 2
130 131 12
149 99 23
0
1
138 101 5
2
132 89 7
96 71 23
1
124 93 21
2
87 59 14
141 105 18
2
128 93 16
82 64 23
1
121 101 19
3
115 92 10
149 133 18
76 43 20
1
153 96 9
2
146 127 2
94 82 7
2
120 90 17
93 62 23
0
0
2
132 98 21
120 106 24
2
114 99 7
62 53 22
1
123 115 21
1
140 129 23
1
134 137 4
4
125 126 7
137 123 8
104 100 16
143 118 23
1
63 42 0
3
148 138 2
160 112 10
137 99 18
0
0
0
1
130 102 11
0
1
139 127 24
2
126 82 7
130 105 16
0
0
0
2
142 115 19
121 99 23
1
99 66 6
1
138 113 16
0
1
123 117 12
1
146 148 14
2
103 93 6
140 117 23
2
80 68 6
101 92 22
3
126 68 4
78 59 5
141 110 11
2
151 132 21
119 78 22
1
108 95 4
1
161 128 2
0
2
89 74 11
137 133 24
2
94 55 16
118 94 23
2
159 132 10
138 101 23
1
108 97 18
2
128 99 2
116 95 11
0
1
138 156 10
2
124 115 6
108 83 15
0
1
130 93 4
2
119 94 6
111 84 8
3
105 88 2
123 88 8
150 125 10
1
118 73 4
0
2
87 65 18
63 46 23
3
133 104 3
176 151 16
127 99 17
1
127 113 12
1
148 105 18
2
112 89 21
129 106 23
3
107 102 6
89 66 8
115 108 17
1
155 123 16
0
1
105 76 20
2
108 109 9
98 63 12
0
2
102 97 2
100 80 11
2
128 104 12
146 114 15
2
124 113 2
123 88 4
1
184 166 14
0
3
140 84 9
120 108 18
127 108 22
2
144 112 6
141 122 17
0
2
110 101 0
117 80 6
2
161 135 6
144 102 20
0
1
148 121 24
0
0
2
66 57 14
120 100 15
0
3
151 105 1
82 68 5
118 91 22
3
98 78 8
130 99 11
106 99 14
1
118 74 3
0
1
150 108 18
2
139 113 4
131 97 23
1
132 111 19
2
75 54 22
116 82 24
0
0
2
186 142 14
136 104 17
1
115 105 19
0
1
99 68 18
0
2
179 155 18
197 140 23
2
108 97 4
144 121 16
1
146 113 16
1
189 163 1
0
0
3
116 103 1
158 110 2
121 122 15
0
0
2
156 126 12
192 159 18
2
127 80 11
156 105 16
1
143 128 5
3
129 107 2
199 130 21
89 64 22
2
115 108 3
156 118 18
2
169 124 8
156 127 24
4
101 95 12
144 117 16
139 125 17
117 70 20
1
164 137 4
1
129 109 21
1
137 126 18
2
105 83 4
133 121 24
0
1
74 61 23
4
130 118 2
151 110 5
131 111 6
123 108 8
1
138 113 7
1
165 134 23
0
1
163 155 23
0
1
107 81 17
1
130 119 18
0
0
0
2
158 133 3
130 81 21
0
0
3
124 114 0
182 179 11
164 110 14
0
1
136 73 16
1
122 103 22
1
128 114 8
0
1
138 142 18
2
124 106 2
158 137 17
2
149 114 4
143 127 12
1
115 95 21
1
147 133 23
2
116 103 8
94 73 20
0
0
0
1
135 117 22
0
2
170 132 9
159 132 23
2
131 123 2
176 145 17
2
111 99 11
141 103 17
0
1
162 143 8
1
138 124 24
1
132 108 12
3
174 125 11
135 112 16
144 132 19
0
2
96 70 10
124 104 17
0
1
115 83 4
0
0
0
0
3
134 130 6
123 111 19
178 161 24
1
134 118 14
1
157 123 23
0
1
187 151 4
1
128 104 8
0
0
0
0
0
0
1
167 136 16
0
0
1
163 147 17
1
152 111 16
2
91 56 0
141 124 19
0
2
108 87 10
155 131 23
2
161 127 15
105 81 23
0
0
0
1
170 106 10
1
148 123 12
1
173 184 24
1
166 114 18
0
1
85 75 0
2
176 143 4
149 133 24
1
136 102 16
2
217 154 2
149 92 4
0
1
161 128 21
0
2
154 124 11
165 146 18
0
0
2
190 173 6
178 157 24
1
178 141 23
2
140 108 11
132 110 16
0
1
131 85 15
0
0
3
175 132 0
152 121 14
121 91 21
0
0
1
163 142 15
1
120 86 14
2
130 110 7
136 121 11
1
119 112 9
2
165 124 20
143 103 24
1
155 134 8
1
132 109 11
3
147 105 6
167 131 23
89 83 24
0
3
152 105 8
88 60 15
142 117 20
0
0
1
209 172 6
4
146 91 4
116 83 10
216 166 16
113 84 17
1
124 120 17
1
132 117 14
2
139 101 12
152 127 17
0
2
121 78 5
150 127 18
0
2
149 122 7
143 111 12
0
0
0
1
90 64 21
1
163 104 2
1
165 144 5
2
152 107 3
160 145 16
4
125 101 4
125 120 6
145 96 14
161 130 16
0
2
136 96 19
166 121 21
0
1
147 122 12
0
0
3
134 108 3
218 158 16
137 124 17
1
123 107 7
0
1
107 89 14
3
105 97 7
155 136 10
105 80 17
2
145 121 20
157 142 23
0
0
2
204 146 20
164 153 23
3
201 166 0
152 95 8
134 64 18
0
0
0
1
229 142 7
1
125 102 21
3
118 92 3
139 99 8
193 144 12
1
164 129 22
0
1
147 118 4
0
1
149 139 18
0
2
213 195 11
122 117 18
0
0
