8 6 2 5 3 6 1 3 8 5 6 8 8 6 2 4 3 2 2 2 8 7 4 1 2
0
1
5 3 0
1
8 5 11
2
5 5 14
5 3 20
2
9 8 0
5 4 12
0
1
10 8 22
0
0
2
7 5 14
8 6 21
1
6 4 12
1
10 8 8
2
9 8 9
9 6 19
0
1
10 10 4
0
3
13 11 12
13 9 16
9 7 20
0
2
11 9 11
9 7 21
3
10 9 3
9 7 13
9 5 16
0
1
14 11 10
1
7 5 12
0
1
14 10 17
0
3
10 9 9
13 9 11
11 8 20
0
1
8 6 8
1
12 8 1
2
11 8 12
11 9 20
0
2
12 10 10
9 7 19
0
3
12 8 3
15 10 15
9 6 16
0
1
15 12 0
3
13 9 6
13 7 8
10 9 24
1
9 8 10
0
2
13 12 10
16 12 12
1
11 11 10
1
10 6 0
0
1
11 10 11
3
14 11 3
13 8 11
13 13 20
0
0
1
16 14 21
1
14 13 17
5
21 19 0
10 8 14
13 11 17
19 14 20
21 15 24
0
3
15 11 0
15 9 1
13 12 10
1
19 16 5
0
1
13 9 4
3
17 13 0
18 16 4
20 15 21
1
16 10 11
1
20 16 22
0
1
23 17 5
2
11 9 8
17 17 11
2
21 17 1
17 13 8
1
8 5 5
1
15 10 21
0
0
1
25 17 1
0
0
1
19 14 8
4
24 17 0
16 12 5
15 12 12
22 19 20
1
16 16 4
0
0
0
0
2
19 16 1
14 13 11
1
15 12 4
1
24 20 10
1
15 14 11
2
12 9 0
19 14 8
0
0
1
21 18 17
1
17 15 5
0
1
23 17 22
0
3
18 12 10
17 10 11
27 24 20
1
22 16 7
1
26 25 16
2
16 11 10
18 14 13
4
16 11 0
13 8 7
23 17 20
21 15 21
1
16 10 8
0
0
2
19 15 11
17 12 15
0
0
3
13 13 9
22 20 12
21 18 16
3
22 16 11
25 22 14
24 21 15
3
24 18 7
25 20 20
24 18 21
2
20 16 1
18 17 9
0
2
17 11 3
28 24 5
0
4
31 30 3
27 22 11
21 18 12
26 19 15
1
26 20 13
0
0
0
2
29 23 0
27 20 4
2
22 17 11
18 15 13
1
21 16 1
0
1
20 14 14
3
27 23 10
24 22 11
26 22 21
1
29 25 20
1
29 27 22
0
0
1
37 33 0
2
32 26 8
30 21 20
1
26 24 10
0
1
33 24 22
0
1
30 22 0
0
1
29 26 10
1
32 28 15
0
1
29 24 0
0
0
2
29 24 12
20 15 21
1
31 26 22
2
29 23 0
15 9 20
1
27 22 13
0
1
30 24 14
0
1
31 22 15
0
1
21 13 8
1
19 18 10
1
33 29 7
0
1
32 27 9
0
1
35 24 21
2
30 27 20
29 26 21
0
1
34 23 10
3
25 19 3
31 23 10
25 21 21
1
33 25 0
2
34 26 20
23 11 24
4
36 31 5
40 32 6
23 15 15
24 18 21
1
43 34 10
4
25 21 1
36 24 9
35 22 20
26 22 21
1
31 29 22
2
25 18 2
33 29 15
3
31 29 9
47 34 11
36 24 19
2
31 28 12
43 32 20
2
22 19 1
32 30 5
0
0
1
22 16 0
2
32 26 4
53 45 6
3
25 18 0
27 24 11
30 22 20
1
35 33 17
5
31 25 8
37 31 9
25 22 10
37 24 17
23 22 20
2
34 24 17
42 33 20
1
41 37 0
1
31 26 21
0
1
25 20 0
0
1
31 22 13
2
30 22 9
32 29 15
0
1
45 40 3
1
43 30 24
0
2
27 22 11
19 15 12
0
1
31 22 1
1
34 34 11
1
33 24 7
1
30 24 20
2
52 41 2
37 27 10
0
0
1
35 33 9
1
45 35 11
0
0
0
1
35 33 20
2
38 27 12
32 26 13
1
32 31 15
1
46 36 1
2
28 23 0
32 23 20
2
32 29 7
28 23 17
2
30 26 11
25 18 13
0
0
1
25 18 14
1
49 40 11
0
0
0
1
50 33 13
0
1
47 27 13
1
40 28 22
0
1
37 33 16
0
1
33 27 20
2
27 22 5
44 38 14
0
2
26 22 8
40 28 21
2
40 25 13
33 27 17
2
39 25 8
28 24 20
3
50 48 4
27 25 14
46 37 21
0
2
27 18 7
46 39 18
2
41 33 9
33 28 16
0
0
1
51 31 0
0
0
0
2
45 38 3
52 38 12
3
34 35 2
34 27 4
37 27 8
1
32 26 16
1
44 32 1
2
34 31 12
49 33 14
2
35 28 10
52 39 20
4
51 47 4
45 39 8
28 17 9
45 37 20
1
59 52 19
1
49 44 20
2
51 40 5
48 32 20
1
54 45 10
0
0
1
52 39 11
0
0
2
39 30 11
39 29 17
1
62 41 19
1
45 41 21
2
54 34 0
35 29 16
4
54 28 8
50 29 9
59 46 12
29 23 13
3
42 31 0
44 36 1
34 28 8
0
1
28 16 5
2
58 47 0
42 40 5
2
39 31 12
51 37 13
1
46 42 1
0
1
46 30 7
2
47 32 17
43 28 18
0
2
31 26 11
51 40 12
1
58 41 12
2
43 35 16
40 35 19
2
27 21 3
33 31 20
1
59 43 3
2
45 34 6
51 53 20
0
1
46 37 21
0
3
62 57 12
56 41 13
32 25 22
1
43 31 1
4
48 34 0
41 25 5
50 45 20
61 50 22
1
46 32 4
1
56 53 11
2
41 29 4
31 22 20
1
51 45 19
0
0
0
1
50 43 20
1
58 49 20
2
54 40 1
58 47 14
2
44 35 1
60 41 7
0
1
42 32 15
2
47 40 13
53 35 19
0
3
33 31 7
53 35 13
48 33 15
0
2
60 52 4
57 56 8
2
57 47 9
46 31 11
1
42 33 17
0
0
0
0
0
1
55 35 0
3
50 36 8
37 26 12
56 48 20
3
42 34 0
48 35 15
48 49 19
2
64 47 5
51 42 8
1
50 46 21
3
49 39 7
37 29 11
53 38 16
1
58 44 21
2
46 32 9
63 50 12
2
64 69 1
73 50 20
2
51 46 2
43 35 7
2
47 44 10
47 47 12
2
38 32 4
81 62 5
2
37 29 5
57 37 21
1
60 57 8
0
0
1
62 55 21
2
64 59 8
57 40 15
1
41 37 1
0
1
48 34 20
0
0
3
58 52 11
54 34 16
53 42 20
1
86 71 12
2
47 36 10
56 47 16
1
52 44 17
0
1
64 48 8
1
45 32 13
0
1
46 42 13
3
61 53 2
58 53 7
37 24 21
0
2
45 26 4
65 52 16
2
52 40 5
58 52 22
0
3
50 35 11
44 32 12
40 31 15
0
1
76 64 9
1
58 36 20
1
56 41 12
1
58 48 10
0
2
76 63 17
74 66 23
1
62 45 11
1
63 45 19
1
39 32 16
1
53 44 11
2
68 46 8
65 47 21
1
69 57 12
2
69 56 12
64 44 20
0
4
78 65 5
49 38 14
64 51 15
73 66 21
1
44 37 20
3
59 36 2
59 48 6
88 79 12
1
60 47 22
0
0
0
1
52 40 11
0
1
61 54 20
1
58 50 12
0
2
57 47 1
67 37 18
2
67 64 10
57 43 18
3
54 37 5
33 16 8
82 59 12
1
51 34 5
1
63 49 8
1
54 41 3
3
57 44 5
53 41 17
89 69 20
1
74 54 0
1
58 49 16
4
55 43 12
56 39 13
56 58 15
83 69 22
2
30 27 5
97 75 12
0
1
54 41 23
0
0
0
0
2
84 72 20
71 46 22
0
0
0
2
78 53 9
52 29 13
0
1
70 54 10
1
40 25 12
1
73 59 15
1
61 58 5
4
65 48 1
60 51 8
53 42 15
42 30 22
2
101 67 3
49 41 10
2
50 39 1
50 30 5
2
70 51 7
50 37 14
0
0
1
70 46 15
1
63 52 1
2
78 77 7
76 51 11
1
61 58 2
0
1
71 62 1
0
2
54 51 1
70 56 11
3
60 54 5
68 71 9
63 45 14
2
69 50 10
91 77 17
0
0
3
77 59 0
59 38 9
121 96 21
1
66 49 11
1
82 61 24
0
0
2
65 49 0
47 49 11
1
60 37 24
1
56 34 17
0
0
0
0
1
78 64 8
1
69 58 8
1
99 82 16
0
1
83 72 24
1
66 52 12
0
1
46 44 12
1
97 78 5
0
0
1
77 67 0
2
77 54 0
82 71 8
2
69 38 3
67 49 12
1
84 57 22
2
54 50 9
70 64 12
1
79 68 4
0
0
0
1
74 45 13
2
49 38 0
67 62 11
0
1
73 70 7
1
61 44 15
0
1
49 41 5
3
66 54 4
83 48 7
44 32 13
1
86 71 8
1
80 56 12
1
54 45 1
1
85 68 15
1
67 50 4
1
85 77 11
1
92 67 12
1
67 58 1
1
80 50 0
4
90 66 6
98 78 10
81 56 15
77 66 20
2
82 64 0
68 49 13
3
82 62 5
50 40 12
68 60 20
1
68 59 20
1
64 58 20
2
77 43 19
59 49 22
2
50 46 7
63 60 18
1
82 47 14
0
0
0
2
65 54 15
52 38 24
2
114 89 0
49 42 16
1
111 112 5
2
84 61 8
46 41 10
0
1
75 40 5
1
88 60 3
2
52 39 9
48 36 20
2
93 65 11
87 76 12
0
0
0
0
1
75 61 15
0
1
81 68 24
1
90 78 6
1
96 84 10
2
118 120 16
73 57 17
0
1
82 64 9
1
91 71 5
0
4
89 52 3
76 47 4
86 69 7
78 64 16
2
103 82 0
82 60 11
0
3
88 61 10
78 58 11
79 68 18
3
91 79 0
79 62 12
80 75 21
1
112 79 13
1
106 74 13
1
99 62 4
2
59 48 0
107 90 1
1
107 101 17
1
73 61 0
1
75 57 9
1
104 87 3
0
1
75 63 9
0
4
71 55 0
101 83 8
90 58 15
94 90 17
1
104 91 13
0
1
82 63 10
2
82 65 11
100 98 20
1
69 54 8
1
94 68 21
1
87 84 16
1
70 39 4
1
82 58 0
0
0
3
56 39 1
69 52 12
103 84 21
1
93 76 11
2
65 58 7
78 59 9
0
1
125 105 12
0
1
85 63 22
1
62 65 22
2
84 72 3
81 64 7
2
87 76 13
92 70 14
4
100 67 0
112 94 9
91 78 12
87 71 15
1
117 86 1
1
111 99 1
2
67 48 1
84 74 8
1
97 74 21
4
110 58 0
79 65 8
106 74 13
89 70 22
1
67 67 5
2
115 84 7
85 73 12
3
74 58 5
92 57 16
86 64 21
4
81 77 1
96 68 7
105 88 10
90 85 21
0
3
104 78 0
103 74 1
87 78 8
1
91 81 14
0
0
2
74 53 8
78 71 10
1
67 49 9
1
103 89 21
1
76 61 10
3
76 62 10
96 86 14
119 105 21
2
79 71 13
76 63 21
1
86 64 0
1
107 89 10
1
85 70 12
1
93 72 4
2
101 81 1
124 89 19
0
0
0
0
0
1
117 91 0
0
1
95 61 5
2
83 68 0
98 82 13
4
98 81 0
94 66 1
100 85 12
109 100 20
2
87 79 0
96 81 10
0
2
86 55 3
100 55 9
3
82 59 0
87 58 1
103 90 10
2
93 77 0
97 75 13
2
111 95 12
101 87 20
0
0
0
1
86 68 13
0
0
2
109 89 12
113 93 15
0
1
107 92 10
1
73 57 11
1
80 76 11
2
111 88 0
74 48 20
2
97 94 0
86 75 11
1
104 78 13
1
122 106 0
2
86 66 7
70 53 21
1
75 56 10
0
5
140 118 0
70 49 4
69 60 5
70 60 12
130 119 17
1
97 77 12
0
0
1
147 146 11
2
101 63 1
81 63 4
1
90 62 9
4
83 58 0
87 77 7
107 93 10
92 64 20
1
85 55 3
0
1
96 75 20
1
104 73 22
0
2
86 68 8
111 80 11
1
72 56 3
1
112 104 4
0
1
127 103 21
2
130 108 0
63 47 15
0
0
0
2
110 86 0
104 72 13
1
94 83 9
1
121 122 1
1
121 107 17
3
84 75 9
117 96 11
120 77 20
0
1
132 111 2
1
82 59 15
1
108 79 16
1
151 119 0
2
93 80 1
82 70 3
2
100 79 5
118 104 11
2
100 84 3
130 103 8
2
122 77 0
106 79 19
1
75 63 4
2
78 47 11
106 90 13
0
0
0
1
79 51 8
1
117 70 22
2
120 121 4
126 100 8
2
75 67 13
88 64 24
3
116 82 1
110 106 5
121 94 13
1
114 103 3
2
123 94 5
82 93 7
1
133 110 21
0
1
127 117 4
1
98 75 0
3
113 96 8
161 156 12
107 96 21
2
127 97 5
132 111 22
1
152 111 9
2
92 71 9
111 101 21
2
110 82 20
144 137 21
1
92 81 21
1
120 99 20
1
117 104 5
0
0
0
2
92 85 0
91 60 22
1
109 91 12
0
1
63 51 16
1
98 68 8
2
122 103 12
82 53 21
0
0
0
0
1
99 78 20
2
139 87 0
115 100 12
3
109 86 1
111 85 16
111 96 17
1
98 81 1
0
1
121 103 5
1
132 131 8
1
79 70 7
2
126 102 1
99 75 16
2
106 78 3
135 101 16
0
0
2
100 62 3
154 130 20
1
79 54 8
1
110 80 17
1
44 35 14
3
110 107 1
71 63 11
106 90 14
0
0
3
92 58 7
92 72 9
91 74 11
0
2
117 103 11
78 56 12
0
1
114 86 13
1
113 110 7
0
1
57 54 17
0
1
106 81 2
1
111 83 21
1
71 63 3
0
2
80 65 0
105 98 7
1
94 68 15
2
112 87 3
136 134 13
3
142 101 3
124 82 15
141 105 16
2
134 115 11
87 85 12
0
0
2
130 112 9
78 59 17
1
96 70 8
1
65 37 15
1
91 62 3
0
1
152 118 1
0
0
0
1
115 82 2
0
2
113 74 13
129 81 23
2
157 121 9
112 90 15
0
0
1
124 117 4
1
113 93 8
1
158 112 11
2
136 92 0
119 97 11
2
106 84 5
106 68 13
3
90 66 10
159 128 13
140 138 21
2
110 97 10
123 118 12
1
135 125 9
1
96 79 8
0
3
135 134 0
98 81 11
124 103 19
1
108 93 9
2
80 63 12
166 118 21
1
89 73 11
0
1
115 82 13
2
94 70 1
136 114 5
0
1
152 128 11
1
116 86 13
1
148 112 3
2
107 98 13
128 95 20
1
96 76 1
1
138 110 3
1
163 170 9
0
0
2
163 123 9
103 82 21
1
118 79 5
0
2
87 61 18
168 145 24
0
1
84 74 21
1
118 102 8
1
122 104 11
1
149 120 23
1
96 71 22
1
91 86 15
0
1
137 125 9
0
0
0
1
125 85 12
0
1
127 112 7
3
116 80 7
80 64 8
127 103 14
1
150 120 20
0
0
3
146 122 2
140 121 12
111 88 13
0
0
0
1
128 85 20
0
1
115 72 1
2
132 113 8
114 93 21
1
122 94 23
2
104 92 12
75 58 20
2
118 95 5
98 82 8
3
142 116 4
91 81 14
110 89 21
3
111 93 2
123 103 11
91 80 21
0
2
151 141 19
119 93 22
1
130 98 7
0
0
0
1
106 92 20
2
124 114 0
83 74 21
2
143 112 2
152 156 4
1
92 67 22
0
1
105 74 12
1
161 127 16
2
170 148 4
161 140 21
1
139 104 13
0
0
1
93 89 8
2
135 99 10
124 100 22
0
3
133 96 1
90 75 8
177 123 21
1
49 44 0
0
2
141 115 10
119 81 22
0
2
144 113 12
128 98 21
0
1
92 88 24
2
142 88 0
170 132 11
1
106 87 21
1
151 97 10
1
125 102 23
1
137 111 15
2
131 107 11
142 119 19
2
178 138 9
116 85 22
2
127 104 8
120 89 21
0
1
110 69 5
3
149 117 3
127 109 8
132 125 18
0
1
148 129 13
1
102 62 13
2
133 86 9
136 109 12
0
2
145 116 3
171 144 11
1
122 93 14
0
0
1
155 126 22
1
145 135 5
2
115 94 1
126 107 11
1
139 87 12
2
146 128 1
155 152 20
0
0
2
130 91 13
160 114 21
0
1
122 113 9
1
151 109 13
4
132 97 1
136 83 8
188 151 15
154 149 24
1
160 114 21
0
0
0
3
120 98 0
126 103 3
174 113 14
1
123 101 8
0
2
88 59 13
128 125 20
1
124 99 1
1
115 107 7
1
138 94 13
0
0
2
157 130 7
170 108 15
2
198 189 1
130 105 9
1
115 96 3
0
1
166 113 8
1
151 119 16
0
1
92 78 21
2
107 98 12
114 114 20
2
191 189 1
94 75 20
3
144 115 11
105 79 12
156 118 21
0
0
3
171 132 6
139 90 20
120 83 21
1
198 162 12
1
185 141 8
1
160 113 12
0
0
1
129 107 24
0
1
146 133 21
2
159 142 6
130 79 8
1
74 64 12
2
112 64 1
158 122 9
1
150 130 8
1
90 80 20
0
0
0
3
107 86 1
134 97 7
143 127 21
1
167 135 20
1
117 86 3
1
107 99 23
0
2
160 135 5
148 122 13
2
190 125 1
125 79 11
2
74 61 10
192 155 22
1
88 68 17
1
131 123 10
2
152 107 0
190 156 3
2
84 71 3
126 112 9
2
139 118 3
191 164 19
2
186 131 9
139 145 21
0
2
143 117 10
123 101 20
0
3
115 98 3
107 80 6
134 114 12
0
1
194 140 8
1
208 158 0
0
1
95 79 1
2
138 119 4
143 111 13
0
1
166 112 22
2
149 103 1
105 66 10
0
1
92 78 12
0
2
167 129 12
129 76 22
0
0
2
175 132 8
208 116 11
1
184 149 10
1
170 134 22
0
2
162 97 4
137 133 12
1
117 96 14
0
0
0
4
150 161 1
125 123 3
98 84 10
71 47 21
0
2
151 113 3
112 104 8
2
146 129 8
167 130 11
1
162 145 17
2
159 133 9
209 162 15
2
181 129 17
118 110 20
2
148 101 10
158 93 20
1
190 123 21
0
3
130 91 1
120 94 11
127 85 13
2
132 89 3
153 129 10
0
1
158 125 12
0
0
2
130 115 0
124 101 21
3
177 100 1
107 114 8
160 144 16
0
1
139 93 11
2
186 126 8
140 134 20
4
122 91 1
134 111 13
207 147 15
160 132 20
0
1
161 119 3
1
168 144 0
2
168 129 16
168 136 22
3
119 97 11
169 169 12
157 120 22
1
166 117 13
1
184 174 1
0
1
125 114 20
0
1
97 64 10
1
88 58 17
2
98 91 5
178 144 20
2
151 159 2
100 105 8
3
143 98 10
190 155 12
147 108 14
1
151 78 0
2
111 88 11
168 110 12
0
2
141 78 14
119 108 22
1
179 155 10
3
178 157 0
171 134 3
169 125 13
1
130 80 8
1
212 208 10
1
163 113 1
0
1
113 93 0
0
1
175 139 8
2
203 193 1
128 123 13
0
2
163 143 11
178 163 24
1
175 109 2
0
1
139 106 8
1
170 135 10
0
0
1
171 164 11
2
162 120 1
132 122 20
1
185 138 8
1
133 148 10
0
0
2
122 107 0
164 127 7
4
97 93 9
164 124 12
205 160 18
189 166 21
0
2
223 149 1
182 143 22
1
186 173 11
