5 8 5 8 4 8 3 7 4 3 6 2 3 4 3 8 2 3 7 5 5 7 1 3 8
4
7 5 2
7 5 4
7 5 5
6 4 9
2
7 5 0
5 4 12
1
6 6 9
1
5 4 22
1
7 5 15
2
9 7 15
11 9 24
1
8 7 4
1
5 5 8
0
1
8 6 21
0
0
1
7 5 6
1
11 8 1
0
2
6 4 5
8 5 7
1
11 8 1
0
0
1
11 10 15
0
2
7 5 19
9 6 24
2
13 11 1
12 7 4
2
9 6 1
8 7 11
1
7 6 4
0
1
13 11 15
1
8 7 5
1
12 8 17
0
0
0
0
1
16 12 0
0
5
18 12 7
12 8 10
12 10 13
12 9 14
11 8 19
0
0
1
12 10 0
0
0
2
14 12 0
8 6 15
3
13 12 0
9 5 15
18 14 24
2
13 10 7
19 17 23
0
1
15 13 21
3
10 6 6
16 14 9
13 11 10
1
15 14 11
1
13 9 5
2
14 14 20
14 11 21
1
17 14 0
2
12 10 18
18 12 24
2
22 18 5
19 13 10
1
12 8 21
1
11 9 3
0
2
13 14 10
7 7 13
1
17 12 22
0
0
1
20 17 7
1
17 15 3
2
13 10 8
20 14 10
2
22 21 3
19 17 24
2
19 16 3
17 14 13
1
16 14 0
0
1
19 16 15
1
15 13 10
2
17 11 20
19 18 24
0
3
24 16 5
19 16 19
16 11 20
3
19 13 3
16 12 11
17 11 24
0
0
2
18 14 1
17 16 15
2
20 17 10
22 19 20
2
22 17 5
16 11 13
3
19 10 0
22 18 7
29 27 16
1
20 20 15
3
17 14 8
16 13 10
21 16 13
0
0
4
16 11 6
23 20 9
21 14 13
15 10 24
2
24 19 3
17 15 8
1
17 12 20
2
22 17 2
20 15 21
0
1
17 12 6
1
22 14 15
1
27 27 15
2
18 12 8
20 16 21
0
1
19 15 21
2
17 16 0
17 14 18
0
2
19 16 7
28 19 21
1
21 16 23
0
1
18 16 24
0
2
23 17 3
14 11 19
1
19 15 3
1
23 18 3
2
29 26 2
29 23 14
3
22 15 0
31 20 7
21 18 20
1
26 24 19
2
24 17 1
11 11 10
2
26 21 7
19 15 23
1
26 21 13
2
24 18 7
34 34 20
4
29 20 1
25 21 6
22 13 18
21 15 24
4
19 15 2
23 19 3
28 24 4
24 20 7
0
0
1
19 15 5
1
26 18 1
2
33 28 7
24 19 15
1
26 17 4
3
30 21 7
27 21 10
28 20 11
0
0
4
24 17 5
22 18 7
31 21 15
25 19 19
4
30 24 4
20 18 7
30 24 12
27 19 21
0
0
0
0
1
25 19 13
2
31 31 6
14 10 18
2
25 20 3
23 16 14
0
2
33 25 15
27 14 24
2
30 21 10
25 17 13
0
1
27 23 1
1
32 26 10
1
24 19 20
3
29 25 7
26 21 19
30 27 24
2
18 9 7
15 13 10
0
2
29 21 5
29 22 11
3
30 24 1
26 21 5
28 23 21
0
1
27 22 13
0
2
29 24 10
26 19 18
0
1
29 27 14
5
25 18 4
25 24 6
29 23 8
31 26 14
14 12 15
1
28 20 20
2
35 24 2
43 36 4
3
27 25 3
24 16 18
14 10 20
0
0
2
20 13 0
35 34 22
0
2
37 34 0
38 27 13
2
33 23 0
17 15 11
2
35 25 8
33 26 18
1
27 24 20
0
3
30 19 0
32 23 1
26 22 10
0
3
30 25 6
24 18 10
35 29 20
2
28 25 0
35 22 24
0
1
28 15 15
3
36 23 15
29 22 19
32 23 20
1
28 17 19
2
50 34 10
37 31 13
3
34 22 0
32 21 7
19 18 13
1
30 23 14
3
28 21 0
37 30 7
32 24 21
0
0
3
20 16 7
36 21 10
38 26 24
2
33 25 21
40 28 23
2
26 22 2
40 30 5
3
31 27 2
39 26 8
35 24 24
2
38 34 8
39 33 10
1
31 26 12
1
29 24 7
2
28 19 15
30 21 20
1
34 30 3
2
35 31 23
45 43 24
2
37 29 5
34 24 13
0
3
40 33 18
39 27 23
33 34 24
0
1
43 44 10
2
43 33 5
44 34 21
1
42 33 3
2
39 33 1
54 43 15
2
33 21 11
28 19 15
2
41 39 15
44 37 22
4
43 38 5
46 37 11
39 28 19
30 16 23
2
24 19 6
37 25 7
3
31 23 0
40 30 7
47 37 19
0
1
28 22 15
0
1
43 28 19
1
37 29 5
1
42 33 1
0
0
1
48 43 8
2
36 25 0
36 32 18
2
28 23 3
29 28 7
2
48 40 21
46 43 24
1
45 36 16
1
45 38 9
1
39 37 18
0
1
52 44 18
0
0
0
2
39 31 11
48 38 13
2
38 28 3
50 43 22
1
34 31 21
1
42 39 3
1
27 24 1
2
46 36 9
47 44 18
1
30 25 1
2
48 36 7
47 35 10
2
50 49 18
40 29 19
1
45 37 7
1
42 34 23
1
39 29 13
0
0
0
4
32 21 9
39 29 15
51 46 21
55 52 24
2
51 39 7
46 38 18
2
41 29 4
36 29 5
3
40 26 13
37 31 19
41 35 21
1
51 24 5
1
45 33 3
2
45 35 5
59 35 6
3
34 31 3
50 45 9
41 29 17
1
32 28 7
0
0
0
0
1
41 30 3
1
53 36 5
0
1
53 38 24
1
66 48 3
1
42 32 24
0
1
52 48 10
5
62 60 1
36 33 2
67 60 8
50 45 9
40 29 21
0
3
48 37 4
34 31 7
48 38 11
1
49 36 7
2
36 29 2
45 35 5
2
53 39 2
46 40 19
1
38 27 13
0
1
54 49 2
1
59 49 10
1
36 32 7
0
0
0
2
36 27 15
57 54 18
1
39 33 18
2
42 31 2
56 41 20
2
53 46 7
64 51 13
2
53 33 6
56 57 8
1
68 50 7
1
49 40 4
4
53 39 2
65 71 3
63 51 4
64 46 8
1
38 26 3
1
51 42 1
0
0
1
60 52 0
2
52 34 14
60 46 21
2
68 51 5
44 35 15
0
2
31 21 7
41 36 24
2
57 51 6
52 38 21
1
47 34 9
1
64 44 19
1
47 36 3
1
50 27 19
1
66 54 2
0
2
56 52 9
58 49 18
4
60 49 3
61 52 7
50 30 19
53 43 20
2
61 56 10
55 48 14
5
61 40 0
55 40 10
43 25 12
48 38 13
52 50 17
1
49 31 0
3
57 39 5
67 51 8
58 49 18
2
39 27 3
59 54 12
2
54 53 19
44 38 22
1
30 24 19
1
42 36 19
0
1
53 43 23
1
50 42 10
2
51 42 8
48 36 15
0
0
1
45 37 14
1
52 33 20
0
1
58 44 20
0
3
45 38 2
53 49 21
50 33 24
1
65 40 24
3
66 52 8
45 35 15
49 40 17
1
56 39 1
1
62 41 3
2
66 69 5
73 50 23
1
57 50 2
0
2
58 53 5
44 31 9
1
41 33 23
0
0
2
68 57 12
55 43 18
0
2
50 36 1
71 54 15
1
63 44 7
1
51 28 5
0
0
1
41 35 1
3
56 48 3
69 52 21
57 48 24
0
1
61 38 13
0
0
0
2
47 40 1
52 35 15
2
57 47 13
59 49 18
0
1
40 33 2
0
3
50 43 6
57 43 9
70 53 12
1
56 54 18
1
74 42 5
2
63 59 7
57 41 8
1
67 54 7
0
3
73 54 0
80 61 7
58 55 14
0
3
49 46 1
84 56 2
52 43 24
1
68 63 18
2
67 56 1
41 34 21
0
1
60 53 6
1
63 48 13
1
69 47 14
2
66 37 0
45 28 23
0
2
55 52 6
68 48 20
1
45 33 1
1
55 39 21
0
1
55 46 3
1
71 57 18
1
71 63 18
2
70 51 7
75 74 24
2
40 34 10
88 75 24
2
76 58 4
77 75 17
0
1
61 47 9
0
0
2
72 56 0
67 65 3
0
1
64 48 10
0
0
1
66 46 1
2
47 39 17
51 38 19
1
76 67 18
1
84 71 15
0
1
83 60 23
1
74 51 19
1
65 52 24
1
36 26 3
2
41 29 4
75 60 23
1
63 51 17
2
66 57 1
52 37 4
1
83 52 24
0
0
1
90 78 1
1
82 74 8
0
0
2
78 62 10
61 55 13
0
0
2
70 61 18
52 40 24
1
63 50 7
1
65 47 15
2
50 32 13
70 59 15
3
58 46 5
92 62 10
84 54 18
3
60 54 3
64 59 5
64 51 19
5
71 60 2
64 51 5
84 73 9
81 71 15
72 75 20
3
69 51 3
60 50 4
66 52 21
0
1
58 29 8
1
57 47 3
2
45 45 1
71 59 18
1
77 64 17
1
74 56 14
2
74 58 8
55 41 9
1
60 58 15
1
72 59 3
2
89 74 13
57 47 18
1
66 57 18
1
81 54 18
0
0
0
1
103 98 24
2
80 55 3
67 54 18
2
81 68 2
67 52 5
2
43 29 6
73 68 7
1
89 71 1
3
66 51 3
62 58 9
73 46 24
1
58 41 20
2
74 52 10
73 48 20
0
2
74 49 5
57 55 7
1
61 56 14
4
50 40 1
84 91 8
81 51 15
73 54 16
0
1
64 51 21
0
1
46 38 23
0
1
88 79 12
0
0
1
69 54 17
1
74 68 5
1
62 49 19
1
38 31 21
1
84 69 24
0
4
84 69 2
73 45 5
90 74 13
68 45 15
1
67 46 5
1
87 60 17
2
89 72 5
72 60 23
0
1
86 62 5
2
102 84 2
81 72 4
2
79 57 19
84 75 24
2
68 49 6
99 63 18
0
1
71 52 11
2
55 48 2
66 59 15
0
1
69 54 21
1
80 71 15
2
76 66 14
73 57 20
2
109 76 3
83 77 15
0
1
50 35 14
0
1
91 60 7
3
64 41 5
107 92 19
99 85 24
0
3
75 59 6
94 78 20
79 71 24
0
1
70 45 10
1
71 66 10
1
78 65 14
0
1
76 53 21
2
75 51 0
90 82 5
0
2
68 61 1
70 53 5
1
70 55 20
1
87 62 24
0
0
2
88 89 9
83 56 13
2
76 61 1
94 70 5
2
71 60 5
86 70 13
2
83 70 7
82 58 10
2
67 57 1
82 65 18
1
98 89 21
2
85 62 15
62 54 16
3
88 70 2
86 78 3
103 68 18
3
67 55 10
80 61 16
85 76 17
1
65 57 2
1
93 73 1
1
94 68 21
0
1
93 69 10
1
97 77 1
1
92 73 20
3
94 77 3
94 100 12
65 44 18
5
87 68 12
75 57 15
74 59 18
89 66 19
94 68 20
2
90 76 8
59 50 14
1
103 92 21
1
74 61 9
2
102 88 3
86 62 19
0
1
87 72 1
3
53 39 3
94 77 11
101 76 18
3
55 45 5
109 97 8
117 92 21
0
1
100 96 0
2
94 78 10
69 60 13
0
2
53 42 9
100 82 11
1
114 91 15
3
72 55 11
78 58 12
101 83 19
2
52 46 4
106 89 14
2
113 85 3
95 63 8
2
135 107 21
76 47 22
1
93 67 15
2
71 48 3
75 58 15
2
93 62 0
75 65 3
2
104 99 1
65 55 9
0
1
80 61 15
0
3
77 65 5
68 59 7
89 71 10
2
118 69 15
80 66 21
2
94 67 7
99 78 8
2
98 84 3
78 63 10
0
1
106 80 17
1
104 91 15
0
4
86 65 2
129 102 5
86 68 20
80 69 24
0
1
70 62 8
0
0
2
63 53 5
80 68 15
1
85 57 23
1
80 72 15
1
81 72 10
0
1
107 61 7
1
61 47 1
0
1
102 83 4
1
93 80 24
0
0
2
87 82 1
74 71 11
4
96 70 11
90 82 13
78 66 15
120 88 18
0
3
97 72 5
89 69 7
92 92 19
1
65 55 7
0
2
117 104 6
137 122 24
1
127 115 24
2
89 60 2
64 50 13
2
80 69 8
114 101 15
1
94 85 1
2
35 24 17
92 78 24
3
96 84 3
97 89 21
75 53 24
2
95 92 0
102 90 20
2
95 75 11
63 42 21
2
81 56 6
135 110 12
2
89 66 18
109 105 20
2
95 84 10
75 53 24
0
1
102 77 7
1
99 82 19
4
131 109 1
106 84 2
85 50 17
76 60 23
0
0
3
85 78 6
89 74 7
64 61 13
2
100 76 6
107 84 11
1
118 102 3
1
94 86 6
2
104 80 7
84 59 8
0
2
97 77 1
100 84 19
2
59 38 2
113 109 3
0
2
100 84 0
109 84 21
0
0
2
73 57 4
116 90 8
1
135 95 3
0
1
85 65 3
2
99 83 21
101 98 23
1
102 89 15
1
100 83 5
1
106 56 7
0
1
104 92 5
1
95 81 11
0
2
143 105 8
113 99 24
2
100 85 4
95 72 5
1
98 98 7
0
0
1
100 80 14
0
1
98 89 4
0
0
3
136 104 0
63 53 15
74 50 21
0
0
1
123 91 15
1
125 102 5
0
1
88 74 9
1
83 60 11
3
91 63 3
95 86 18
107 87 19
0
2
86 85 23
125 113 24
3
111 79 2
65 48 4
68 62 18
0
0
1
137 86 6
2
93 71 4
76 52 9
1
101 95 24
0
1
69 53 0
0
1
96 84 3
0
2
118 81 5
104 77 18
2
90 81 4
148 98 24
2
83 78 14
92 71 23
2
61 54 20
60 50 23
3
130 106 10
50 40 15
87 71 21
1
126 76 15
1
119 93 1
1
137 131 21
1
121 79 0
0
2
125 109 13
122 77 17
1
111 86 18
1
66 38 3
2
104 82 7
80 68 24
1
103 94 2
2
88 79 3
100 85 10
3
118 106 16
85 53 18
104 99 20
2
67 50 3
105 69 4
0
0
0
0
3
85 68 2
140 99 7
139 117 24
1
105 87 13
0
2
64 57 15
141 121 16
2
103 87 3
117 78 7
1
61 46 21
0
0
0
3
126 110 8
121 110 18
99 76 21
3
95 77 3
70 62 5
114 75 14
1
144 117 11
1
93 66 7
0
2
102 75 5
115 105 15
0
0
1
150 130 20
0
1
94 85 14
1
76 65 6
1
143 107 21
1
104 77 15
1
140 113 24
1
121 106 7
2
65 44 11
109 83 21
2
74 53 8
94 75 10
1
114 96 7
1
101 89 4
1
135 121 14
1
115 77 7
1
101 78 18
0
1
80 57 13
0
0
1
112 113 15
0
0
0
1
98 81 23
2
82 61 4
153 122 6
0
1
88 85 22
1
139 101 18
0
3
159 82 8
106 98 10
116 99 21
0
1
177 147 3
1
119 98 17
1
160 119 8
5
100 97 9
106 72 15
119 90 21
148 138 23
108 103 24
1
143 107 3
2
151 131 8
120 110 10
1
100 83 17
2
81 58 7
113 85 16
1
103 82 21
1
151 100 18
0
2
100 54 10
109 82 12
0
0
1
108 49 10
0
0
2
105 82 2
126 69 22
0
1
137 80 21
3
120 106 5
85 72 9
133 106 20
0
0
2
103 85 15
102 68 17
3
134 112 1
112 69 20
86 66 24
0
2
143 120 4
99 103 8
2
125 97 5
144 105 21
0
3
67 56 1
116 91 10
110 74 18
3
61 57 4
113 76 5
45 38 9
1
141 103 3
1
135 84 21
0
1
122 107 14
4
107 100 7
128 111 10
118 100 18
146 104 19
1
102 79 3
1
117 96 9
1
119 91 22
1
149 128 4
1
144 108 7
1
113 109 2
2
141 129 0
139 113 23
3
153 135 5
110 76 18
118 85 23
4
158 132 1
107 70 3
107 80 10
169 114 15
1
114 72 5
1
116 97 18
1
168 173 1
0
0
1
141 106 12
0
2
79 67 19
121 107 20
0
1
105 85 8
0
0
0
1
110 78 3
0
1
129 116 4
3
151 124 1
108 111 10
120 91 18
1
93 60 13
2
112 82 3
123 109 9
2
104 104 1
126 111 17
1
133 108 13
1
123 113 4
3
124 103 3
166 123 4
115 102 17
0
1
111 71 5
4
163 121 2
128 75 9
114 89 13
116 92 24
0
4
128 93 5
184 110 19
118 82 20
95 78 24
1
129 91 2
1
102 73 9
2
94 84 13
169 144 24
4
195 143 2
138 111 5
118 104 13
111 97 15
0
1
132 110 1
1
119 112 19
0
1
158 127 15
3
101 94 0
78 65 7
192 153 24
2
149 123 3
109 57 7
0
0
0
3
110 78 7
92 70 8
131 97 15
0
0
3
137 103 6
144 111 8
119 105 18
3
153 127 1
120 84 18
126 93 24
0
1
127 97 1
2
109 85 17
133 111 18
1
135 109 16
0
3
161 102 1
173 153 17
135 87 24
1
104 85 3
1
151 111 5
1
132 86 18
0
1
111 91 15
0
1
164 142 5
1
158 134 1
2
81 74 4
79 57 15
2
150 107 6
117 105 15
0
0
1
105 84 24
0
2
146 123 12
145 128 21
4
123 99 1
79 62 9
131 101 15
131 105 24
1
117 64 3
2
78 75 15
126 97 16
1
126 96 8
2
136 119 13
138 118 21
2
126 104 6
153 124 24
3
132 67 1
124 98 15
168 112 19
0
0
0
0
1
172 138 21
0
0
3
97 76 5
112 106 21
79 42 24
1
127 110 19
3
149 132 5
144 124 15
136 115 19
0
0
2
129 97 3
142 110 7
0
1
138 100 5
0
2
87 76 7
112 91 19
2
114 87 16
98 69 19
1
127 90 24
1
131 89 24
0
1
95 83 1
3
137 89 2
103 70 3
179 138 4
0
0
1
143 116 21
1
136 88 20
1
198 176 20
3
149 172 12
160 139 14
106 90 21
1
147 120 10
0
1
115 99 10
0
1
158 136 2
2
111 68 1
105 82 24
0
4
142 119 0
143 104 5
123 101 7
134 85 14
1
167 113 23
1
118 88 2
1
135 125 24
1
211 204 13
2
154 128 19
148 115 24
4
119 92 0
152 112 7
157 136 18
108 96 21
1
150 127 13
0
2
119 86 3
108 75 21
1
126 109 15
0
1
170 143 19
1
137 101 10
1
132 121 5
0
1
135 125 16
2
114 80 19
164 111 24
4
116 75 0
179 123 1
150 115 15
164 118 18
1
135 83 21
1
108 93 3
0
0
1
148 137 1
2
164 141 19
133 113 23
0
4
146 103 3
149 146 15
117 102 19
142 118 24
0
4
118 78 1
171 104 3
129 93 7
126 89 19
0
1
134 119 10
1
173 152 12
1
119 80 4
1
169 112 5
1
145 141 1
3
164 120 1
166 134 5
128 101 15
1
135 104 14
0
1
133 97 7
2
181 117 5
181 145 21
2
97 81 3
139 116 7
2
167 120 1
176 147 7
2
171 141 8
149 130 21
2
148 106 2
161 118 18
2
169 150 8
200 202 19
1
138 106 3
2
165 134 16
150 122 19
2
149 139 5
109 105 23
0
2
166 129 5
121 117 15
3
182 150 10
150 150 15
90 67 18
5
175 140 3
112 89 10
130 99 13
142 91 18
142 113 20
1
160 115 13
1
171 129 0
2
196 191 1
147 103 11
3
186 149 0
152 120 15
165 132 24
3
126 108 5
107 73 7
116 87 24
0
2
183 140 8
107 82 24
1
110 95 3
3
62 52 4
125 105 19
131 101 20
0
2
148 113 21
121 94 24
2
159 110 1
133 122 4
1
84 66 19
0
0
1
156 122 15
3
153 116 7
136 116 11
152 129 15
1
178 156 1
2
186 161 0
134 105 1
0
0
0
1
169 136 18
2
157 107 8
152 118 19
0
2
182 162 0
156 154 5
1
195 129 5
0
2
97 80 10
236 221 19
3
143 110 0
157 103 18
188 148 20
2
149 146 11
112 81 15
0
2
188 130 15
179 166 21
4
160 152 0
191 148 1
184 120 2
136 118 21
2
127 103 2
102 90 17
3
149 132 9
207 175 19
174 134 21
1
80 49 5
1
99 96 3
2
104 86 3
155 136 15
4
208 171 3
174 163 9
183 161 13
170 160 24
2
170 108 3
149 136 5
1
149 103 24
1
143 95 7
0
2
168 168 17
145 113 18
0
0
3
179 122 0
156 148 1
133 99 3
1
160 145 4
2
172 134 6
154 102 8
1
114 101 24
0
2
155 145 7
152 144 12
2
140 136 17
145 118 21
1
186 173 4
2
172 154 3
130 73 24
2
186 159 19
103 74 23
2
125 91 19
133 75 24
4
95 75 4
103 85 5
169 137 19
122 95 24
3
172 146 3
134 111 7
147 117 15
2
199 161 3
109 102 20
0
0
0
2
171 137 17
140 104 20
3
135 116 2
121 116 3
156 100 4
2
144 95 3
173 134 10
3
155 131 5
103 79 7
202 181 20
0
1
129 112 24
1
164 148 2
2
135 98 3
120 78 16
0
2
184 160 5
139 98 21
1
127 95 13
1
107 83 1
0
3
128 115 2
139 97 7
112 84 20
2
133 115 1
204 183 18
1
74 58 0
1
212 166 7
2
184 164 1
200 165 20
0
3
96 73 5
126 111 12
116 91 17
1
193 156 3
