7 6 7 7 5 7 2 3 8 4 3 6 8 7 3 8 1 2 7 4 1 5 3 1 4
3
9 8 1
9 8 5
8 7 13
1
7 6 2
0
2
12 11 0
7 5 2
1
8 7 18
1
7 5 15
1
9 7 2
1
9 7 0
0
2
7 5 15
7 6 16
1
8 6 22
1
9 7 2
2
8 6 13
8 6 15
2
7 5 0
9 7 13
1
11 9 7
1
6 6 13
0
1
8 6 5
2
11 11 10
8 6 22
0
0
0
2
10 7 13
11 10 21
0
1
12 11 13
2
11 7 0
12 11 12
3
14 12 2
7 6 8
7 5 22
1
12 10 24
3
12 12 5
11 8 12
13 9 14
1
11 9 22
4
7 7 1
16 12 10
7 4 18
16 13 21
4
10 11 2
9 7 5
11 8 9
13 11 18
2
11 8 0
12 10 21
1
15 11 3
3
12 11 3
10 9 8
14 11 11
2
10 7 2
12 9 21
1
14 11 10
2
10 7 13
12 9 21
2
13 12 3
11 10 13
1
12 9 8
0
0
1
14 11 0
1
10 9 2
0
3
11 9 5
13 13 7
16 13 11
1
19 14 22
0
0
0
0
0
2
14 10 7
15 11 16
1
17 11 7
2
17 13 0
16 15 12
2
12 12 12
13 11 14
2
20 15 8
11 8 19
2
15 10 13
18 15 18
3
14 13 9
12 9 12
16 12 17
0
4
13 9 0
14 11 6
10 8 9
15 13 15
0
1
20 13 11
1
24 20 7
1
13 12 15
1
19 15 14
1
9 6 8
1
13 10 2
1
12 11 4
1
24 21 5
0
2
22 19 4
21 17 15
3
14 9 1
17 12 14
20 18 22
2
11 9 0
18 13 18
1
21 18 12
1
18 17 19
1
13 10 19
0
0
1
13 11 0
1
9 8 9
0
1
22 15 21
0
3
16 14 4
26 21 15
29 23 19
4
23 22 0
22 16 5
18 13 12
17 12 13
0
1
21 16 13
0
0
1
27 23 19
1
15 13 8
2
15 11 0
26 19 3
2
18 16 15
18 16 19
2
14 9 1
23 20 24
2
25 23 13
15 12 20
2
19 15 4
28 20 5
2
24 19 2
25 19 9
0
1
20 18 20
0
1
26 18 12
2
20 17 8
22 14 18
3
16 10 7
16 11 13
18 13 18
2
18 14 11
15 11 24
4
23 21 2
18 13 6
23 19 13
23 19 16
0
0
0
3
20 17 0
22 21 3
28 20 13
0
0
2
26 27 8
24 21 18
1
19 16 1
2
19 18 11
28 23 15
0
1
19 16 18
0
1
29 28 11
2
27 19 13
26 22 15
3
24 20 0
28 18 9
26 16 18
1
31 26 8
1
25 16 11
2
24 22 5
31 28 12
0
2
14 14 8
29 19 11
2
31 28 8
30 22 21
0
1
20 17 9
0
1
25 20 4
2
25 17 5
29 22 17
0
1
31 21 8
0
4
20 19 4
22 18 9
28 22 12
34 31 24
1
31 29 2
0
1
24 16 6
2
30 29 1
32 19 3
3
39 24 1
22 15 3
17 12 24
1
39 31 2
2
32 27 3
32 19 6
0
0
2
31 26 10
26 19 20
0
2
30 24 14
30 22 20
0
0
4
31 27 0
23 18 12
17 10 18
36 33 22
2
29 24 19
29 23 22
1
16 13 2
4
23 18 3
34 28 8
31 25 14
29 23 24
1
30 18 19
0
2
35 28 8
29 25 17
1
31 23 13
1
34 33 12
4
33 25 1
25 17 8
26 20 9
35 31 18
0
0
1
37 30 9
3
25 19 1
28 22 8
31 27 17
1
41 31 0
3
33 22 2
39 28 5
36 25 6
2
38 34 8
23 20 21
1
33 23 19
1
31 27 5
0
2
27 18 15
34 27 18
0
1
29 26 4
0
0
1
38 19 18
1
32 30 2
0
1
22 20 20
1
25 17 1
1
37 29 4
1
27 22 8
2
28 19 5
30 19 24
1
34 32 9
1
40 38 13
1
35 23 1
0
1
52 44 24
3
36 26 2
39 34 3
24 21 12
0
0
1
25 20 21
0
1
37 24 3
3
40 27 0
34 28 8
29 24 11
1
29 19 12
1
32 28 11
0
1
35 26 3
0
0
1
45 42 1
2
45 37 0
33 26 23
1
19 15 19
0
0
1
43 33 9
0
1
36 26 0
0
2
29 25 4
53 60 13
0
0
1
39 32 22
0
0
0
2
30 26 5
38 24 12
0
2
33 26 3
36 29 18
0
0
1
42 31 4
1
56 48 11
1
49 36 21
1
34 27 3
3
24 17 14
40 31 21
53 35 24
0
2
44 38 12
36 26 24
1
37 26 4
0
2
39 30 3
47 35 15
2
24 22 8
52 36 10
0
2
23 24 12
31 25 15
0
1
46 41 21
3
48 38 2
43 34 11
41 30 24
1
57 42 18
2
45 31 0
53 36 18
0
1
46 39 13
1
45 38 12
1
34 26 12
2
36 28 19
41 33 24
4
32 22 0
41 35 1
36 28 13
43 39 19
2
44 36 18
46 36 23
0
0
0
1
40 31 9
1
42 37 5
2
49 31 5
32 29 19
2
34 29 21
44 37 24
2
37 30 1
40 34 18
1
35 25 16
1
25 19 9
3
30 26 9
57 49 11
25 21 12
1
58 39 17
3
46 37 5
54 54 11
55 41 15
1
71 67 0
0
1
49 41 11
0
0
1
57 54 8
1
58 40 12
2
56 37 1
53 41 2
1
33 21 22
2
31 21 7
58 41 12
3
49 37 3
52 41 5
43 39 8
0
1
47 39 9
0
0
1
50 28 8
1
65 61 2
0
1
46 51 7
3
37 29 1
52 46 9
56 40 15
2
42 28 17
43 33 18
1
50 41 1
1
52 45 15
1
51 46 9
1
74 69 11
1
48 50 5
0
2
49 39 2
53 35 8
0
3
45 31 1
57 41 8
45 32 10
1
58 47 4
0
1
62 56 10
1
55 38 7
0
1
39 31 12
3
54 46 8
42 35 13
72 69 15
0
0
0
0
1
58 44 9
2
42 33 12
51 39 15
3
56 37 7
44 34 13
64 54 17
3
54 40 5
26 20 15
54 36 19
4
55 43 11
63 46 12
73 59 15
61 51 24
1
62 52 0
1
48 42 18
1
53 38 3
2
45 37 18
57 52 21
2
49 40 5
63 39 11
3
38 28 0
52 35 17
41 41 24
3
44 30 4
58 52 8
64 55 18
1
72 43 12
3
76 56 3
42 36 12
54 40 24
0
4
45 38 3
39 23 10
46 38 13
66 53 14
1
60 37 3
0
2
77 64 0
39 26 8
0
0
1
40 35 10
1
40 28 15
1
44 38 5
2
56 40 8
64 51 11
0
1
54 52 15
0
1
53 43 12
2
75 69 7
52 41 22
2
60 38 9
69 58 16
1
70 58 0
1
38 24 7
0
0
4
69 52 0
64 46 1
51 42 5
65 38 9
1
55 39 4
1
59 49 7
1
45 36 3
2
64 60 2
65 50 10
2
78 53 4
61 49 15
1
55 41 18
2
78 54 3
76 57 8
1
45 36 15
1
64 40 2
1
68 42 19
0
2
75 59 19
62 51 24
1
44 37 18
3
98 61 0
74 54 12
59 58 19
1
77 65 2
1
50 38 18
1
55 49 11
2
58 41 19
63 57 21
2
59 50 2
58 41 15
1
61 49 22
1
74 70 18
2
52 52 4
58 39 12
0
1
70 49 0
3
64 47 18
41 33 19
73 52 24
4
63 49 8
67 52 9
57 48 11
61 32 18
1
52 33 2
0
0
0
2
81 52 5
62 51 17
1
73 69 11
0
3
36 29 4
64 55 5
57 48 15
5
74 69 3
67 59 8
69 52 12
81 52 18
77 69 21
2
47 47 3
65 66 7
0
1
74 58 12
0
5
60 49 0
67 61 9
63 45 15
59 45 21
50 31 24
0
0
0
1
55 52 2
1
73 62 15
3
79 62 0
68 47 2
75 57 8
0
0
0
0
0
0
1
60 51 15
2
43 38 3
61 45 5
0
1
66 38 19
1
73 70 11
1
58 47 17
1
65 57 12
3
71 60 0
52 37 12
39 35 17
0
1
57 39 18
0
1
63 45 1
1
44 36 4
2
80 68 5
74 55 8
2
68 67 4
77 76 15
1
48 35 17
0
4
84 72 0
60 53 9
67 48 10
55 48 21
1
91 70 8
0
2
65 53 5
70 54 18
3
58 50 3
76 64 13
92 73 18
1
55 41 4
1
71 59 11
1
81 58 22
0
2
72 68 12
75 45 15
1
72 52 8
0
2
88 73 11
76 47 21
3
60 35 13
64 58 15
71 65 19
0
1
78 66 11
2
59 50 2
62 45 18
1
55 49 1
2
71 57 1
79 60 14
1
94 74 12
1
61 56 22
2
67 49 13
36 23 18
3
68 58 4
67 63 11
63 49 22
0
3
94 77 0
103 76 8
94 76 12
3
86 60 3
82 65 8
66 42 21
3
69 59 2
92 83 4
72 49 8
4
88 84 6
40 31 11
68 64 13
71 53 19
1
70 52 8
0
2
73 46 1
64 43 21
0
3
100 77 11
63 53 12
85 56 19
2
85 67 2
67 55 19
1
63 49 8
3
91 53 5
93 76 8
60 52 9
2
95 72 9
62 51 18
2
53 36 11
93 71 19
2
75 50 4
39 30 15
0
0
1
90 72 24
2
90 74 11
104 95 15
1
71 59 18
0
1
60 50 22
1
19 14 11
1
74 62 1
1
63 47 15
0
3
81 51 2
81 58 3
52 39 18
0
0
0
0
1
74 72 4
2
92 84 5
73 57 21
0
2
82 74 9
92 58 12
1
74 63 1
1
88 66 5
1
76 71 0
2
71 53 7
97 95 13
1
94 70 1
1
56 42 12
1
87 57 4
1
91 73 9
0
4
96 74 4
67 65 8
63 44 10
77 58 18
1
105 91 0
0
2
112 105 4
71 56 13
0
2
83 68 5
80 60 7
0
2
83 60 2
46 36 3
2
86 73 8
79 56 18
0
0
0
2
83 94 3
89 64 9
0
1
52 38 23
1
83 67 24
2
63 63 1
69 61 11
4
91 91 1
78 62 11
77 52 12
103 76 20
0
0
2
96 49 5
93 73 8
0
1
84 62 13
3
123 97 5
96 70 7
83 68 18
1
66 50 1
2
84 84 14
104 92 18
1
67 41 5
3
87 84 3
56 46 13
78 56 18
1
63 45 3
1
94 84 0
1
111 98 18
1
65 51 24
1
89 64 1
1
85 82 12
3
49 41 1
109 98 2
65 46 21
1
94 72 15
0
1
53 47 18
2
74 53 0
75 57 19
0
0
1
89 62 5
1
60 45 0
3
108 82 2
86 64 7
67 40 8
2
86 72 7
99 67 24
1
92 63 14
2
89 58 2
68 60 8
1
95 69 24
0
0
2
54 41 8
87 67 15
3
86 84 3
71 68 10
93 68 15
0
1
98 66 24
0
1
75 67 18
4
63 59 0
88 76 11
106 102 12
82 59 21
2
72 68 8
89 61 21
0
0
2
93 63 2
68 59 12
2
107 72 5
111 113 7
1
64 45 11
1
141 108 15
0
0
1
108 93 18
2
90 61 8
99 85 11
3
100 77 3
103 86 5
91 80 12
2
96 83 1
80 57 24
2
127 95 3
87 72 8
5
86 56 3
94 76 13
95 80 15
96 79 18
101 92 19
0
0
2
77 48 7
68 70 11
0
2
81 57 3
90 79 12
1
52 44 11
1
115 113 15
1
76 56 3
2
100 82 1
76 66 2
1
81 51 18
0
0
0
2
104 76 1
81 62 5
1
63 61 20
0
1
46 33 6
2
89 90 8
111 74 15
1
114 81 15
1
63 43 5
1
82 87 11
1
82 67 12
0
1
77 58 11
3
92 62 0
79 68 11
128 98 18
2
104 87 1
104 93 15
1
60 50 6
1
99 75 4
1
93 71 13
1
93 75 21
0
0
0
1
70 59 15
4
103 75 5
83 58 9
98 76 18
59 41 22
1
124 93 0
0
1
110 90 19
1
95 91 3
1
82 64 22
0
3
121 96 3
77 54 5
72 64 11
1
54 45 22
1
108 92 20
2
118 84 4
95 70 11
1
110 97 3
2
80 47 4
108 88 8
3
129 96 0
96 81 5
62 38 15
1
76 65 13
1
143 89 11
1
87 58 19
1
107 90 15
0
2
63 55 9
75 56 12
0
0
3
86 63 1
93 67 9
91 79 12
2
122 98 1
87 71 2
0
0
1
94 72 10
3
95 66 2
132 104 8
99 100 15
2
87 69 9
88 74 12
0
0
0
3
96 87 6
101 82 12
80 66 24
1
110 101 5
0
2
91 68 6
120 95 12
3
127 87 1
117 107 3
122 104 15
2
83 71 5
102 70 11
3
101 60 0
114 105 3
129 111 10
2
61 52 0
125 89 15
0
3
103 80 2
75 75 20
65 62 23
0
3
103 65 2
103 70 14
97 86 21
1
118 65 5
4
132 96 2
127 107 9
129 116 14
90 61 18
0
0
1
103 90 13
1
85 50 4
1
108 89 2
0
3
107 90 10
97 80 11
106 77 21
1
107 87 8
2
86 59 13
88 72 19
1
119 98 7
1
111 73 5
0
2
93 77 4
129 93 7
0
1
88 67 8
0
0
1
117 91 7
2
85 67 0
73 57 2
2
135 134 9
109 98 22
0
1
75 53 2
2
123 92 3
106 80 14
0
2
95 76 14
125 85 19
2
95 74 5
69 65 8
2
81 70 0
124 118 21
2
68 54 3
134 109 8
1
96 71 2
1
92 81 5
2
102 70 5
119 68 11
1
88 64 12
2
110 80 11
134 125 13
1
102 86 5
2
93 71 3
118 90 15
1
127 112 5
1
87 82 23
1
83 63 0
2
139 105 11
104 73 14
2
133 105 1
136 123 15
1
104 91 8
0
2
145 124 19
151 121 24
0
1
79 61 5
2
126 120 4
103 76 13
1
138 98 24
2
118 100 1
110 101 5
1
136 122 4
1
88 43 10
2
106 71 5
96 64 11
2
140 125 4
102 64 24
1
119 92 12
0
2
114 88 8
118 82 21
0
1
100 95 7
1
91 72 6
2
115 91 0
112 88 10
1
129 126 17
2
128 89 9
116 83 15
1
146 101 6
0
0
2
109 73 0
102 82 9
2
112 91 13
137 110 15
1
142 98 7
0
1
127 105 18
0
1
145 125 9
3
127 106 8
96 83 9
132 94 14
3
114 102 1
121 93 20
114 99 24
0
0
0
0
1
139 96 9
3
119 101 1
148 99 15
145 113 21
1
76 50 13
0
0
1
77 67 5
0
0
1
104 76 1
0
2
84 79 12
79 56 18
1
99 77 0
1
123 124 16
2
113 70 5
127 74 8
1
94 69 1
1
128 101 24
0
1
119 64 0
0
1
134 118 19
1
96 72 11
1
123 106 9
1
99 70 13
1
103 69 4
1
183 129 8
2
135 119 11
140 91 24
2
121 114 2
105 90 11
2
88 82 1
171 125 12
1
98 72 15
0
1
129 105 9
0
2
135 120 5
102 78 13
2
123 116 12
91 66 15
0
2
120 84 12
132 123 15
3
143 121 1
92 59 6
57 39 24
2
152 121 8
87 73 13
4
97 93 3
109 93 6
81 54 15
117 99 22
1
128 115 3
0
0
0
5
121 95 3
112 104 5
146 96 8
155 124 11
98 79 14
1
136 111 13
1
96 89 18
0
0
1
114 86 13
1
95 74 5
0
0
1
96 70 24
2
142 115 10
153 110 17
0
2
92 73 18
88 81 19
1
128 110 13
1
143 83 15
1
121 88 24
1
107 109 11
2
153 122 1
121 78 15
1
105 101 7
2
162 127 0
127 110 17
1
120 75 0
0
1
100 93 15
1
137 111 18
0
1
111 95 10
1
130 95 21
0
1
143 117 13
3
152 117 4
129 117 12
138 85 15
2
110 72 11
167 147 18
0
3
125 112 12
135 108 13
117 92 15
4
102 60 1
81 60 5
113 89 11
107 92 12
0
1
153 122 0
2
123 99 8
124 84 21
1
113 78 9
3
146 144 10
137 100 13
161 128 22
1
141 120 11
1
138 107 8
3
172 157 0
137 78 12
86 67 13
4
170 153 4
138 102 5
114 91 8
138 85 15
1
139 108 23
0
1
143 114 7
2
109 108 15
138 100 19
0
1
120 103 13
1
114 93 12
0
1
97 72 24
1
104 85 20
2
119 85 5
117 98 18
2
125 91 1
126 94 15
2
98 83 2
171 151 7
3
183 116 11
106 92 15
111 99 21
1
107 89 21
0
2
155 136 3
92 79 21
1
155 143 17
3
113 107 2
114 96 9
119 104 14
0
2
142 99 0
174 143 4
1
91 72 24
1
108 95 11
1
137 93 21
1
95 72 10
0
0
2
147 124 8
98 103 17
3
132 90 12
154 136 20
148 153 21
1
120 92 14
2
121 105 3
131 108 5
2
130 117 13
156 114 15
3
84 84 0
150 105 3
170 154 18
4
85 57 0
183 159 11
117 95 13
134 106 22
0
1
165 108 1
0
1
133 99 5
1
152 93 5
2
142 114 4
187 156 10
0
0
1
113 77 16
1
190 164 6
2
120 103 12
148 129 22
3
130 121 1
127 90 4
133 89 9
1
107 71 21
2
129 99 19
151 120 24
0
2
104 80 4
182 150 17
1
157 123 9
4
118 101 0
116 79 7
82 62 12
114 90 18
1
126 96 2
2
138 91 3
165 130 12
1
66 53 1
1
142 126 4
2
158 129 20
159 104 22
0
1
137 122 3
2
78 58 2
126 110 21
1
139 121 18
2
134 97 11
103 73 24
2
168 147 10
154 139 11
0
2
155 127 8
133 96 10
2
95 67 3
127 108 12
1
167 152 15
0
2
168 136 4
138 117 14
2
126 107 2
161 145 9
1
141 82 24
2
163 154 3
196 124 7
2
93 78 20
147 118 23
1
132 109 3
0
1
153 127 22
2
86 63 1
80 55 12
0
0
1
170 105 3
1
135 104 22
2
133 113 8
171 155 11
0
2
161 142 2
127 82 13
1
116 71 12
0
1
122 114 7
4
147 116 10
162 125 15
120 85 19
141 100 22
1
137 118 6
0
1
140 120 3
2
107 77 8
138 101 22
2
155 139 11
175 113 15
1
107 110 6
2
124 91 3
142 120 10
2
171 137 5
128 100 24
1
134 113 9
2
125 86 3
124 99 14
2
127 108 2
175 164 15
2
87 59 7
104 72 13
1
165 161 1
0
1
132 124 24
2
138 118 0
72 65 13
3
152 115 1
136 115 11
126 108 19
2
127 104 6
165 160 11
1
172 131 23
1
133 104 7
1
165 93 21
1
148 136 18
1
134 94 12
0
3
135 137 0
156 123 2
137 135 12
2
119 99 6
159 125 11
1
133 104 12
1
141 147 0
1
168 128 8
3
102 83 2
110 78 11
149 152 24
1
134 96 19
4
144 114 2
175 159 3
140 126 5
114 69 10
0
2
106 74 6
150 135 24
1
128 116 8
2
141 109 1
138 127 21
2
166 125 0
166 134 10
2
154 100 1
86 62 18
2
152 140 0
222 158 12
2
118 82 11
158 118 15
0
0
2
143 100 8
145 120 12
1
182 154 18
2
162 132 1
114 83 24
2
163 142 3
159 118 8
2
137 109 9
135 111 14
1
86 71 5
2
155 91 3
151 86 15
0
0
1
162 153 1
0
1
195 137 5
0
1
113 79 18
0
1
149 128 0
1
91 60 3
0
1
134 115 8
0
1
166 121 3
2
195 153 5
174 132 9
2
92 85 0
118 97 22
0
1
160 159 3
1
108 88 18
3
160 118 1
165 153 7
155 110 8
1
193 135 7
0
1
140 105 1
1
178 157 1
1
167 130 10
4
100 87 0
93 66 3
170 140 20
125 121 24
1
141 115 13
2
114 84 11
150 114 12
2
141 129 2
128 97 13
0
1
191 149 1
3
165 122 15
185 134 21
188 155 22
0
1
110 86 3
3
225 190 9
151 99 13
130 129 24
2
180 128 5
119 89 24
0
1
118 106 15
1
143 126 24
2
247 147 0
166 150 8
0
0
0
0
0
0
2
129 99 21
172 159 24
1
158 133 22
3
188 115 0
178 143 15
228 181 18
0
2
206 180 17
179 169 24
0
2
119 90 2
133 123 8
1
177 100 2
1
120 93 0
0
1
129 100 11
1
120 90 0
1
144 100 13
0
3
176 140 3
122 111 5
179 148 13
1
159 89 21
2
170 154 12
207 122 24
2
148 108 3
137 119 23
2
197 167 5
230 181 18
2
166 122 5
159 144 17
1
152 153 1
2
137 117 1
168 156 3
1
143 129 0
0
1
104 82 8
3
162 127 1
174 122 15
146 108 24
1
177 113 18
3
164 102 1
139 102 4
214 190 13
