8 3 6 8 3 1 3 3 1 3 1 8 3 7 8 7 6 1 6 4 3 7 5 5 1
1
8 7 15
1
9 6 2
0
1
10 10 2
1
6 4 0
0
1
8 6 0
0
4
9 6 2
8 5 3
9 8 14
5 3 21
1
11 10 3
2
11 9 14
8 6 20
3
6 5 11
5 5 13
10 6 15
0
2
10 6 7
8 6 20
3
9 6 6
10 9 16
8 8 19
2
10 10 9
6 5 16
1
8 4 19
1
10 6 13
0
1
9 7 16
0
0
3
12 10 0
9 6 16
12 11 18
2
7 7 3
10 10 22
0
0
0
2
13 11 7
13 11 13
1
8 6 21
1
12 9 15
0
2
12 8 13
8 6 16
1
5 4 18
1
14 12 11
2
10 9 13
9 8 22
0
1
18 12 13
2
13 10 3
17 15 18
1
12 10 0
0
1
18 11 20
2
11 7 3
10 9 19
2
10 9 3
15 14 9
0
0
0
2
12 10 0
13 9 21
0
2
17 14 0
13 11 15
2
19 13 3
16 13 11
2
18 15 6
8 8 18
0
0
0
0
1
16 12 19
1
20 16 3
0
3
17 15 9
16 11 11
16 12 14
2
15 14 14
18 15 20
0
0
1
14 11 0
3
15 13 9
22 17 11
19 17 16
0
2
23 15 1
16 13 21
2
22 21 11
14 10 20
3
16 13 2
18 11 14
11 9 16
2
21 12 2
14 9 3
0
1
20 17 8
1
23 19 18
1
20 15 22
0
2
15 13 1
21 25 24
0
0
0
0
0
2
20 16 15
18 12 19
1
26 18 23
2
20 19 9
22 20 16
0
0
1
19 16 20
1
24 20 13
1
23 21 22
0
1
17 15 11
0
1
22 20 15
2
28 21 11
21 19 15
2
20 18 2
29 22 13
0
0
1
17 13 7
0
2
27 23 0
31 30 14
0
2
18 17 15
17 14 16
1
25 19 0
0
0
2
27 22 3
17 12 20
1
26 18 1
2
18 15 3
32 22 5
1
21 15 21
1
25 21 14
0
2
22 16 1
21 17 10
0
2
26 24 14
29 19 24
0
2
34 23 1
18 12 11
0
0
1
33 16 22
1
15 12 3
0
0
1
25 17 4
1
24 22 15
1
36 22 23
1
28 23 14
2
22 21 11
26 21 24
1
23 16 11
2
17 14 0
30 24 20
2
24 18 19
33 26 22
2
15 11 0
29 21 21
0
0
1
26 20 10
0
2
27 23 10
23 19 14
0
0
2
28 23 11
26 21 21
0
0
2
33 29 15
33 28 20
2
32 28 0
26 18 13
1
16 11 13
2
34 28 7
17 14 16
0
4
26 21 3
30 22 14
25 16 18
39 27 21
0
2
30 29 15
20 15 16
0
2
28 25 13
39 37 19
1
24 19 2
0
1
34 26 0
2
27 25 0
30 27 11
1
34 28 18
1
27 19 23
1
31 28 23
1
27 22 11
0
2
38 33 12
43 33 22
1
34 21 15
2
23 18 3
25 22 19
1
26 21 7
1
23 18 23
0
3
27 24 7
32 22 16
41 23 20
2
37 30 7
35 30 19
0
0
0
1
27 16 2
1
31 31 14
3
21 15 3
22 15 12
41 35 15
0
0
0
2
36 27 14
35 30 22
2
38 25 15
45 28 20
0
2
35 29 13
25 20 18
0
0
2
26 20 20
32 25 21
3
32 26 15
40 27 16
46 36 21
2
26 22 2
30 27 14
2
44 36 11
43 31 13
2
33 22 1
41 32 11
1
32 30 21
1
33 30 15
1
27 25 21
0
1
38 30 9
0
1
29 18 14
2
33 24 3
34 21 21
1
32 22 0
1
31 25 5
0
1
47 32 22
1
41 36 0
1
33 35 11
0
1
32 24 18
0
2
38 31 14
27 22 24
0
0
1
27 23 13
4
46 36 11
56 47 19
40 24 20
48 36 23
2
33 28 17
29 23 22
2
36 25 7
51 33 15
1
38 25 16
1
39 31 24
0
0
0
0
1
41 38 15
1
37 30 24
2
48 39 16
49 39 17
2
42 36 20
39 25 24
1
47 38 2
0
1
40 25 11
1
31 21 2
2
49 28 0
33 27 2
1
46 35 9
1
38 32 2
1
42 24 22
3
45 30 3
31 25 14
39 26 15
3
34 32 11
39 36 19
32 27 23
1
36 24 3
3
33 32 14
35 26 15
22 16 23
2
43 35 18
48 30 23
1
43 33 0
1
39 32 2
1
43 36 20
1
26 25 2
2
61 55 11
50 39 20
0
2
45 43 11
31 22 15
1
38 25 12
1
47 35 3
1
46 31 22
1
58 45 20
0
2
53 48 3
49 47 15
1
40 32 23
0
1
46 48 13
0
0
0
1
46 43 3
0
0
2
43 38 0
51 40 19
1
43 31 19
0
1
37 27 18
0
0
4
44 39 7
46 35 11
42 35 13
52 34 23
0
1
67 51 9
1
55 42 9
0
0
0
1
50 50 22
1
31 26 0
0
1
48 36 23
1
45 38 5
3
36 28 2
51 43 13
67 45 17
2
39 30 0
31 25 19
0
4
47 26 0
62 53 3
49 36 15
59 41 16
1
39 25 20
0
1
46 43 19
0
1
45 36 23
0
1
62 46 4
1
54 41 18
0
0
1
51 43 19
1
58 41 11
0
2
52 42 12
59 51 21
1
38 34 0
1
56 40 19
2
59 50 2
44 34 7
0
1
41 30 0
0
2
59 43 7
62 63 23
0
1
42 32 3
0
0
2
41 29 2
50 40 18
1
57 53 4
2
43 40 2
68 52 16
3
40 32 6
41 30 13
41 36 18
1
46 39 19
1
57 54 3
0
1
52 37 0
0
2
54 37 9
57 45 15
2
76 63 7
63 49 13
0
2
60 51 3
58 40 14
1
63 46 9
3
34 28 14
48 31 18
51 42 22
0
1
87 55 2
2
65 65 18
36 29 19
1
69 61 11
0
2
59 43 0
45 36 7
0
2
57 48 19
55 37 23
2
58 48 4
57 42 16
1
51 45 13
2
44 32 0
56 45 11
1
64 46 7
0
2
80 68 14
64 49 23
0
1
56 47 7
0
0
1
58 41 13
0
2
58 45 2
59 56 23
0
1
66 44 16
0
1
64 41 13
0
0
2
58 49 18
66 41 20
1
74 66 23
1
77 70 24
1
55 43 21
1
67 53 13
1
64 65 21
0
0
2
54 37 13
61 39 23
0
2
52 50 7
68 51 23
3
71 49 2
91 57 13
42 43 22
0
0
3
70 52 16
63 67 21
62 59 22
1
77 67 2
2
68 67 16
61 41 21
1
61 44 14
1
61 46 16
2
76 56 11
39 28 20
0
3
61 45 0
80 73 4
70 62 12
2
70 50 2
66 64 15
0
1
69 50 11
0
2
76 65 0
68 54 7
2
76 79 1
77 58 12
1
56 46 20
0
0
1
36 29 15
2
55 36 22
63 42 23
1
73 50 0
0
3
72 59 14
50 37 15
86 57 16
0
0
2
83 63 0
53 42 21
1
77 57 2
1
56 41 15
1
57 36 14
2
65 56 0
100 88 3
1
79 66 12
2
77 47 2
59 37 13
0
1
50 39 18
1
62 50 14
0
1
68 59 2
1
39 32 22
1
65 48 18
1
38 31 19
0
0
2
66 58 2
38 33 13
1
99 76 11
1
79 64 15
0
0
1
72 58 18
3
82 53 1
70 65 15
59 45 21
1
73 56 22
2
49 40 0
54 52 15
2
88 62 17
73 47 21
3
79 78 2
77 71 11
91 68 14
2
46 35 22
95 68 23
0
1
59 59 3
0
1
84 46 16
1
52 40 2
1
74 55 11
0
1
68 53 14
1
59 33 0
0
3
57 41 13
75 55 22
76 56 23
2
64 46 1
76 47 21
0
1
77 48 0
2
50 40 21
65 58 23
1
77 72 3
2
73 55 9
79 63 21
2
72 63 0
65 51 14
0
2
69 51 2
62 50 19
2
73 60 5
91 61 20
0
0
0
1
73 71 0
2
75 54 2
71 44 14
1
70 49 11
0
1
81 81 2
1
70 62 15
1
85 76 18
0
1
76 45 11
2
102 77 9
77 53 11
0
0
3
78 68 0
39 32 3
64 37 12
1
66 46 16
4
74 52 2
68 48 7
48 32 11
103 91 18
2
71 43 2
105 87 21
3
94 70 11
78 64 13
68 65 14
0
1
62 58 23
2
108 87 11
84 77 13
0
3
92 79 10
62 39 14
66 51 21
3
67 54 3
71 68 9
62 49 14
0
0
0
1
77 63 3
1
69 62 14
1
51 40 15
0
2
41 32 11
53 45 16
3
61 53 1
52 28 15
73 56 18
0
1
96 65 18
0
0
1
77 71 4
4
66 53 11
96 71 16
70 56 18
96 72 20
0
0
1
91 84 23
0
1
83 65 9
1
96 88 3
0
0
1
77 57 18
2
89 58 22
87 58 23
0
0
1
61 48 20
0
0
0
0
1
75 71 2
2
72 56 0
70 58 1
0
1
83 72 2
0
2
95 78 11
65 48 12
1
84 65 12
2
90 64 11
91 71 23
0
1
88 67 2
0
2
61 43 15
84 61 22
1
84 58 18
2
76 66 11
87 73 14
0
1
78 49 2
0
0
1
86 61 14
0
0
2
104 88 0
64 39 11
0
2
71 65 13
86 54 22
1
53 38 21
2
84 85 9
84 72 18
0
2
75 68 3
102 85 16
1
87 61 14
1
115 85 14
4
91 80 0
68 56 7
77 45 13
89 69 15
1
81 62 21
1
76 52 4
1
68 44 13
2
112 84 14
107 76 15
2
96 77 2
110 84 6
3
81 67 2
96 75 7
76 52 14
2
99 83 0
56 46 12
0
1
86 78 5
0
0
1
82 65 18
0
2
109 85 11
85 64 14
0
1
53 43 14
3
92 69 9
95 86 16
69 61 23
0
2
100 82 15
83 64 18
3
90 71 11
82 59 22
64 50 23
2
90 66 1
104 86 7
0
0
1
79 53 3
4
109 85 1
85 78 7
107 93 9
62 52 15
1
70 57 16
1
104 84 0
1
91 78 3
1
88 63 3
2
105 85 2
68 60 7
0
0
1
84 64 9
1
75 77 18
0
3
100 75 0
98 77 15
51 42 21
0
1
85 87 2
2
78 54 3
124 95 16
1
110 80 14
4
119 111 2
55 44 15
97 72 16
65 61 22
2
110 83 0
87 59 21
0
4
101 83 5
83 70 15
90 70 16
78 72 21
2
107 64 9
114 78 15
3
62 48 1
79 48 6
108 103 23
0
0
0
0
1
79 56 12
0
1
103 66 9
0
0
1
107 73 11
1
119 79 14
0
0
3
92 76 14
82 69 16
118 81 21
0
2
92 60 13
103 85 22
0
1
114 97 3
1
99 78 22
4
90 69 2
102 79 11
79 58 21
108 80 24
2
108 100 14
78 36 15
3
122 97 2
106 103 11
101 100 13
3
66 56 9
99 89 14
92 66 23
0
0
1
115 77 4
0
2
84 71 6
44 33 21
1
99 69 19
2
89 79 18
88 75 20
1
127 88 16
0
1
77 68 2
2
105 72 2
110 103 18
1
75 66 22
1
117 84 16
0
1
98 86 18
0
1
136 122 3
0
0
1
125 119 14
1
102 82 11
4
104 72 13
67 50 16
88 73 17
90 57 22
1
109 92 18
0
1
123 88 13
0
0
0
0
1
92 91 5
0
0
0
4
125 101 3
71 54 15
111 76 21
101 69 23
0
0
3
49 40 3
99 82 4
114 107 14
1
113 88 3
0
1
111 86 15
0
2
110 90 16
70 59 21
0
0
0
1
93 67 4
4
104 69 15
95 70 19
113 98 21
102 79 23
3
75 58 10
103 93 15
119 96 18
0
0
0
1
154 140 15
2
120 102 0
72 58 23
1
140 100 14
4
83 62 0
94 84 3
138 118 13
98 89 14
1
69 64 15
2
71 58 3
126 116 21
0
2
88 80 9
117 92 16
1
110 71 4
0
2
123 77 2
124 93 22
0
0
1
84 60 2
2
118 102 13
135 78 18
2
125 106 0
118 85 21
2
108 83 6
82 54 23
1
131 95 3
1
102 83 18
0
1
121 104 0
2
107 85 3
76 46 21
0
1
84 55 18
0
0
2
138 118 11
75 60 13
1
99 84 13
1
122 100 15
2
101 82 3
112 102 18
0
2
147 128 3
121 135 18
0
3
115 85 2
160 131 4
115 81 14
1
104 99 17
1
114 129 14
0
3
104 85 0
78 69 1
112 113 24
1
115 99 3
0
2
103 89 2
77 50 23
0
0
0
1
84 61 3
3
120 89 0
87 62 4
100 73 14
1
98 80 3
2
88 77 3
97 97 9
1
102 102 23
2
104 66 16
79 66 18
1
135 105 6
2
118 86 14
65 54 21
2
159 115 4
68 59 16
2
131 130 9
115 105 12
2
113 110 11
106 91 15
0
1
112 84 13
2
89 79 12
126 80 21
3
124 105 11
108 81 18
103 91 24
1
141 106 15
0
0
2
117 90 0
108 74 1
1
122 106 18
0
0
2
88 70 18
110 90 21
2
140 124 2
125 102 11
1
180 152 14
1
116 100 18
2
121 105 12
68 60 20
0
2
108 87 11
135 123 21
1
108 100 11
1
116 101 0
0
1
115 105 2
1
126 111 13
2
124 104 11
136 106 22
1
102 85 18
2
150 130 4
138 108 7
0
1
134 83 15
1
147 128 0
0
0
0
1
104 86 16
1
103 90 4
1
93 67 15
0
4
107 92 7
113 81 13
155 165 15
113 100 18
0
1
112 101 1
2
145 108 15
102 81 19
1
98 71 17
0
2
160 99 0
100 95 21
0
1
139 111 14
0
1
122 91 0
1
107 84 23
0
1
155 126 16
0
2
111 79 8
123 94 13
0
2
94 61 8
131 69 15
3
118 82 3
86 53 9
137 118 16
0
2
128 106 0
104 83 3
0
1
102 96 19
0
0
1
122 105 21
1
135 118 24
1
109 76 6
5
90 66 2
118 94 11
106 88 13
107 95 14
129 127 21
1
125 81 4
1
64 59 21
3
133 110 0
173 124 21
96 94 23
1
130 104 1
0
2
145 113 14
102 75 21
0
2
141 116 3
138 96 22
0
0
1
142 133 1
0
1
136 124 3
2
116 96 9
163 137 15
1
77 41 21
0
2
107 98 3
99 83 14
0
0
1
126 86 23
0
1
99 74 13
1
109 87 11
2
105 69 16
115 97 18
0
1
128 123 5
1
187 143 3
2
112 71 3
174 141 4
3
103 75 4
143 83 11
117 78 14
2
158 108 0
154 107 20
2
138 134 0
125 96 1
1
140 106 14
3
96 76 3
169 117 13
99 57 21
1
116 92 15
3
154 90 13
164 151 14
162 124 21
1
107 73 23
3
105 96 4
145 123 18
98 72 20
1
139 130 22
1
91 65 7
2
124 114 11
84 54 13
1
130 122 21
1
128 113 0
1
123 98 3
1
118 109 2
3
139 121 11
114 73 22
158 110 23
1
70 74 21
2
120 116 2
153 122 20
3
134 85 13
131 100 18
115 71 20
0
1
162 127 2
2
128 84 11
108 88 13
1
143 119 4
0
2
98 65 3
120 113 11
0
0
0
0
1
134 89 18
0
0
1
103 88 3
0
1
166 158 0
3
122 94 5
158 138 11
103 91 16
0
2
80 64 5
122 91 14
2
120 111 2
118 95 7
0
1
149 118 11
0
2
139 95 3
185 188 18
0
0
0
0
2
146 108 2
204 175 13
0
0
1
104 88 23
0
0
0
0
3
155 137 0
176 153 20
128 91 22
2
156 105 11
111 107 21
3
161 127 14
107 91 15
143 154 18
2
108 99 18
133 135 23
2
112 79 1
117 92 13
2
123 97 3
84 75 6
2
140 104 0
146 101 7
0
0
3
150 109 2
120 85 3
129 118 13
0
2
163 131 0
121 96 11
0
2
144 124 13
151 106 23
3
134 117 3
136 101 5
138 136 6
1
95 80 20
2
145 114 19
120 104 23
0
2
121 84 3
131 81 21
0
1
161 126 1
0
0
3
129 88 2
131 117 3
97 74 16
3
117 103 5
183 145 15
86 73 16
1
159 112 9
1
146 110 13
0
0
2
104 67 9
123 103 21
1
156 105 20
1
154 122 14
0
1
160 132 2
1
133 118 1
1
182 155 15
2
128 99 9
151 121 21
3
133 92 2
133 72 3
171 154 5
3
140 112 2
176 148 14
140 117 23
1
182 119 6
3
174 142 7
131 88 13
116 75 16
0
2
153 92 13
164 144 21
1
123 109 15
1
174 107 2
1
161 136 9
0
1
133 103 7
1
104 85 23
1
107 74 7
1
126 87 2
2
140 92 11
120 93 17
1
133 99 4
0
2
155 117 19
124 108 23
2
124 99 4
131 97 18
1
144 100 9
4
185 180 0
135 104 9
110 83 11
102 85 15
2
147 138 3
188 146 21
0
1
142 125 2
0
1
99 76 7
1
144 119 9
2
188 131 12
186 154 22
1
182 126 3
0
3
127 106 3
187 158 7
139 91 23
1
141 129 21
2
139 137 11
155 115 22
1
150 138 9
2
140 129 8
178 140 13
1
165 112 17
3
143 148 0
159 116 6
149 114 13
1
120 94 19
0
0
0
2
71 41 0
122 77 21
0
0
3
173 143 11
159 114 21
127 97 24
2
139 95 15
147 109 22
1
183 157 23
0
2
148 98 4
193 179 11
1
133 95 14
2
126 98 18
125 104 23
1
132 106 22
0
0
0
1
227 172 2
2
177 155 3
122 124 7
2
164 133 11
90 80 13
0
1
177 141 6
2
196 126 0
151 124 23
0
1
113 110 21
1
166 103 23
1
238 159 16
1
150 106 15
2
137 119 13
186 175 21
0
0
0
0
0
1
169 138 0
2
113 91 3
101 85 9
2
124 99 7
164 142 13
2
129 126 15
151 108 19
0
0
1
172 175 21
2
158 124 3
98 60 22
3
183 145 14
103 69 15
134 100 23
0
0
1
140 84 23
0
0
2
165 119 15
164 114 19
3
174 161 11
184 146 13
190 146 18
1
211 167 4
3
216 159 0
160 163 11
141 117 23
1
164 112 0
1
140 131 16
1
149 113 19
0
2
171 141 7
109 85 11
2
135 110 15
120 104 18
0
1
105 83 11
3
177 151 13
159 130 17
180 148 19
2
189 146 12
152 165 15
1
157 144 18
0
1
153 142 13
0
1
166 140 19
0
1
159 133 2
1
168 132 23
0
3
194 197 2
178 145 8
148 136 9
1
170 128 16
2
169 148 0
237 162 7
1
136 115 6
2
168 142 11
147 127 16
0
0
1
178 125 3
