5 5 7 6 6 2 3 5 7 5 7 8 1 1 1 8 1 5 5 6 5 2 8 6 5
0
0
2
7 5 6
8 6 10
1
8 6 2
2
12 9 0
7 6 11
2
9 5 3
9 6 15
2
8 7 7
9 6 17
2
9 5 2
8 6 17
1
9 7 2
1
8 6 11
1
8 7 17
1
11 10 19
3
6 5 7
10 9 15
12 8 22
5
8 7 4
12 8 8
7 6 12
8 7 15
7 4 22
0
2
6 4 10
12 10 11
3
9 8 9
8 7 14
8 8 18
2
8 6 3
9 8 23
2
8 7 8
9 7 11
3
6 5 0
17 11 4
11 10 12
0
0
0
2
10 10 7
12 11 15
2
11 9 1
12 11 23
0
4
11 10 6
7 3 8
8 7 12
11 9 20
0
2
13 12 1
8 7 3
4
13 13 0
12 11 3
11 11 11
10 9 15
2
12 9 11
17 12 23
1
17 15 9
0
2
12 11 15
13 11 22
3
12 8 4
13 10 5
10 9 17
2
13 8 15
14 7 24
1
12 9 0
1
13 11 15
0
0
0
0
1
12 11 9
2
14 12 11
17 13 20
1
11 8 4
3
12 10 0
14 12 17
9 7 23
2
11 7 7
13 9 20
0
1
13 12 18
1
12 10 24
0
2
20 20 0
18 17 18
1
15 12 15
0
0
1
18 13 24
1
16 17 11
0
1
16 12 18
0
2
13 13 15
17 14 22
1
16 12 11
2
25 24 0
17 14 11
0
0
4
17 16 0
16 15 2
14 10 4
18 16 19
2
23 18 10
12 10 11
2
21 17 1
16 11 4
0
2
22 17 1
16 12 17
1
21 18 12
1
15 11 20
0
1
21 14 18
3
14 11 0
15 10 2
19 18 12
2
21 17 1
19 17 8
0
2
22 20 7
21 17 12
0
1
16 13 3
2
19 12 11
14 10 13
0
1
18 15 23
0
0
0
0
2
23 18 21
18 12 22
1
29 23 11
1
17 16 7
1
17 14 8
0
3
21 13 8
18 15 11
20 16 22
4
18 14 3
22 14 4
24 18 22
21 19 24
0
0
2
22 16 19
22 14 20
2
19 12 20
24 19 23
1
20 18 21
1
24 16 15
2
18 17 14
22 18 22
2
38 32 2
20 19 23
1
24 25 11
3
15 9 8
19 11 11
19 14 15
1
20 18 8
0
1
29 22 11
1
10 9 5
3
29 22 15
25 25 17
24 22 23
0
3
21 16 2
33 19 17
22 16 20
1
27 23 18
1
23 16 22
1
28 21 6
1
23 18 22
0
1
29 28 4
1
21 19 11
1
18 12 22
1
25 22 11
1
29 25 11
1
28 26 1
1
24 19 24
3
24 16 3
21 18 4
28 22 18
2
18 16 3
19 14 15
1
28 22 1
1
31 29 17
3
26 20 3
38 23 6
28 25 17
3
18 12 4
22 18 7
32 21 20
0
2
25 22 15
20 16 24
0
1
33 27 15
0
1
34 23 15
2
15 9 4
26 19 11
4
30 23 6
37 21 9
40 32 11
19 16 23
1
21 13 19
2
22 20 9
20 20 11
0
1
24 17 4
1
26 20 10
1
33 30 23
1
30 24 17
1
24 23 13
2
33 28 6
32 27 10
0
0
1
31 28 18
2
27 20 1
33 26 22
1
30 26 19
3
27 20 0
38 27 10
30 29 11
1
24 20 11
1
41 28 24
1
29 23 22
0
3
21 18 9
36 27 11
25 20 24
0
3
36 27 4
27 23 8
26 22 11
0
4
45 31 0
27 24 10
25 17 11
30 28 17
1
37 31 5
1
36 29 13
1
29 27 1
2
39 26 4
34 24 23
2
38 32 4
43 37 22
2
22 16 11
23 19 12
3
27 19 2
38 26 4
26 25 9
1
25 22 17
0
2
18 18 7
30 20 10
0
3
39 30 6
28 25 22
35 28 24
1
19 16 8
1
39 32 15
2
32 27 3
35 29 22
1
36 30 8
2
39 33 4
34 32 11
2
46 40 6
28 19 17
0
1
31 27 3
3
32 26 11
29 23 22
35 32 24
2
10 7 7
44 36 13
0
3
32 25 1
44 29 22
32 24 23
0
3
32 25 15
32 22 18
33 22 21
1
31 23 15
0
0
2
37 25 11
34 26 23
1
40 35 24
1
32 29 17
1
34 22 1
1
34 27 3
2
35 28 3
39 28 8
0
1
30 20 3
1
37 32 9
3
30 20 3
44 42 10
36 35 20
1
38 29 4
1
39 32 13
1
39 32 13
0
1
29 25 1
1
54 51 22
1
38 25 20
0
1
50 34 13
0
1
39 27 10
2
35 32 15
33 23 21
2
53 40 0
37 27 20
2
39 31 3
54 42 7
0
3
30 24 4
28 24 10
51 38 16
0
1
35 28 19
2
45 38 3
46 43 4
1
58 45 19
1
32 28 10
1
35 30 20
1
39 35 16
3
50 38 1
41 31 4
35 25 22
2
49 42 4
31 24 24
4
35 27 1
38 35 3
34 20 4
50 42 10
1
38 33 20
3
35 24 5
43 34 7
39 32 23
1
46 30 18
1
39 29 8
0
0
0
0
0
1
44 31 22
1
40 32 4
0
1
45 38 5
0
1
47 40 15
4
45 36 4
38 29 10
49 36 22
60 48 23
1
29 28 20
0
3
36 27 1
36 25 8
52 39 19
0
1
47 44 15
2
58 62 4
59 50 19
0
2
49 39 1
63 57 18
1
41 39 18
2
43 34 8
28 23 22
2
32 27 1
41 36 15
0
1
48 37 15
1
46 40 2
2
35 28 15
53 41 17
1
44 31 22
0
2
42 26 3
28 20 22
2
55 49 1
46 36 18
1
27 23 0
1
44 30 20
2
45 32 21
41 30 24
2
50 44 5
21 16 10
2
49 38 2
61 35 14
1
57 43 10
0
1
39 37 10
1
43 32 20
4
40 29 0
59 50 2
66 57 7
48 35 23
0
2
39 35 18
35 27 23
1
51 39 21
1
26 24 11
1
52 44 11
0
1
56 40 8
2
52 46 15
41 24 23
1
50 38 9
2
56 43 19
68 49 23
1
66 46 4
1
51 41 3
2
39 29 11
42 36 15
3
57 53 0
57 53 2
39 35 23
1
41 35 19
0
0
2
44 36 4
46 37 22
0
1
58 48 17
2
33 27 11
40 29 24
1
38 28 1
0
3
41 29 8
63 56 18
66 66 22
2
51 38 7
48 45 9
2
48 29 7
56 34 11
2
43 37 10
48 35 23
0
0
2
56 35 13
76 67 18
1
43 38 20
1
33 25 17
1
39 36 1
0
1
59 50 9
2
61 36 15
51 40 19
2
56 56 3
53 40 21
0
2
39 35 1
60 47 7
3
58 49 7
64 46 10
66 46 22
3
61 51 8
62 43 20
68 49 22
0
2
56 42 22
60 50 23
1
81 61 8
1
47 37 9
0
1
55 58 22
0
0
2
44 32 10
57 46 23
1
30 20 23
0
3
36 28 0
52 39 9
53 45 23
3
79 64 4
62 44 18
45 39 22
0
2
54 44 15
33 27 24
2
58 44 0
62 37 3
2
71 68 0
38 32 5
2
72 67 9
55 32 11
2
52 35 9
69 67 22
0
2
57 57 5
41 33 22
2
59 50 5
76 61 14
1
66 54 9
2
46 38 2
57 50 23
1
64 52 14
5
53 32 2
59 54 3
83 70 9
50 38 11
71 47 22
3
44 34 2
58 40 3
66 47 11
0
1
65 45 23
0
1
60 49 19
2
66 50 6
76 62 8
3
75 69 0
77 60 8
48 37 10
0
0
1
62 64 22
0
0
0
0
3
75 61 3
47 33 10
76 71 24
1
90 65 15
0
3
68 64 0
72 54 15
64 50 22
0
0
0
0
0
1
75 65 5
1
66 42 22
1
68 51 20
3
72 55 9
44 40 10
45 31 23
0
3
35 25 2
57 50 15
82 75 23
0
1
46 33 10
1
78 75 15
2
53 45 11
43 27 15
0
2
62 50 15
46 35 16
0
3
57 47 18
62 48 20
44 39 24
0
2
55 51 8
54 45 9
0
1
50 36 1
0
3
68 61 5
54 36 15
79 69 19
3
62 46 1
49 39 9
81 62 23
1
52 46 2
0
0
0
1
72 58 2
3
54 44 3
50 37 17
64 52 18
3
84 68 19
40 34 20
45 34 21
1
67 50 20
2
49 39 9
63 44 20
1
50 50 11
1
70 62 22
2
77 59 3
68 54 15
2
84 72 10
74 60 22
2
64 42 2
75 63 19
1
94 66 18
1
62 51 19
0
1
95 77 3
2
68 51 4
65 53 17
0
1
45 35 24
0
2
65 61 7
48 39 11
1
67 43 8
2
83 61 7
73 64 15
4
97 80 1
84 71 2
40 24 19
75 60 24
4
79 49 17
46 38 19
100 80 20
81 64 22
2
77 60 2
55 43 20
1
65 44 23
0
3
64 51 0
68 52 9
55 49 17
2
71 52 3
45 35 17
2
64 51 15
65 50 22
1
69 47 3
2
43 29 0
52 37 24
2
58 52 7
78 65 9
0
0
2
77 53 1
50 42 11
0
1
69 45 3
0
1
75 64 23
0
2
73 53 20
80 61 24
2
49 42 2
64 57 12
1
55 40 20
3
81 69 7
56 33 20
101 88 24
1
127 115 23
0
2
48 33 15
38 32 24
0
0
1
70 60 24
1
81 69 8
3
92 88 9
54 36 18
55 42 19
1
85 66 4
0
3
74 54 2
83 88 7
67 56 9
3
93 76 0
62 52 9
79 72 24
3
88 71 4
47 32 10
52 50 22
1
65 52 7
0
1
55 46 15
3
77 67 7
72 57 11
80 63 12
1
93 69 10
1
81 58 17
1
80 53 15
2
43 33 1
47 36 6
1
84 61 1
0
1
69 63 3
3
78 65 4
57 42 6
82 57 23
0
2
88 82 5
74 45 9
2
94 85 10
95 67 20
2
81 64 6
75 71 7
0
0
0
1
58 44 10
0
1
67 65 7
0
1
69 53 2
4
57 50 7
48 35 11
99 64 18
109 87 24
2
85 62 4
92 82 23
3
91 69 3
62 46 19
99 75 21
1
78 74 20
0
2
80 63 2
90 77 23
2
73 62 7
75 57 11
2
81 75 3
86 59 24
2
80 55 1
81 76 10
0
0
1
90 67 17
3
90 75 8
68 52 11
106 83 20
2
95 87 7
61 55 18
0
0
0
0
2
82 64 4
74 52 18
1
51 45 18
2
88 83 10
85 70 23
0
1
89 74 11
0
1
70 63 2
0
4
111 88 4
69 50 17
79 55 21
105 80 24
2
59 46 7
68 52 20
1
88 65 11
0
0
2
96 75 8
86 60 22
1
73 58 10
2
86 66 11
104 89 15
3
61 41 3
95 75 10
73 54 15
0
1
94 57 1
0
0
0
1
99 84 10
1
96 77 7
3
80 51 3
74 58 18
86 63 20
2
103 85 2
80 57 20
2
82 61 10
68 52 22
1
78 48 19
0
2
97 86 0
67 46 23
2
61 47 3
63 56 16
3
98 75 18
60 45 20
71 54 24
2
113 79 3
61 57 10
0
0
1
82 77 4
3
76 68 11
73 64 17
80 58 24
1
112 65 10
0
2
121 100 15
98 72 24
0
1
84 71 20
2
67 61 9
75 81 17
1
80 57 1
1
95 81 11
3
97 66 8
73 62 11
105 96 19
3
97 78 1
96 83 3
63 44 15
0
2
106 91 3
71 68 18
0
2
97 97 20
91 86 22
3
84 48 3
84 64 11
87 75 23
1
89 83 2
1
79 70 11
1
114 75 2
3
100 73 7
88 72 10
131 105 18
1
89 91 6
1
84 69 4
1
108 82 11
0
1
87 81 2
0
1
107 94 15
4
95 76 6
106 86 8
92 77 15
103 69 22
2
70 58 8
92 72 22
0
2
74 52 12
95 79 22
1
87 77 6
1
103 77 20
1
100 70 3
0
2
70 44 3
90 70 23
2
67 51 3
96 69 22
1
65 46 0
5
84 64 1
91 73 9
46 34 10
63 64 11
138 106 23
2
71 60 4
121 95 22
2
79 58 18
105 79 19
2
82 73 3
124 113 19
1
97 69 24
2
92 88 1
111 70 16
3
101 90 15
123 91 17
145 87 22
1
74 57 11
3
108 85 2
83 62 8
72 53 23
1
73 59 7
2
77 65 3
115 113 20
1
107 84 5
2
104 74 1
123 111 23
2
107 73 2
100 82 11
2
87 59 2
113 97 19
1
130 110 0
1
68 63 22
1
85 71 0
0
1
76 53 23
1
99 81 9
1
66 50 14
2
61 48 0
106 52 5
0
2
110 83 18
106 83 20
2
88 80 21
110 93 22
4
88 59 8
79 63 13
72 64 15
95 69 19
2
55 32 11
138 84 14
0
1
81 66 8
1
85 66 6
3
87 66 1
76 69 2
62 43 22
0
1
102 72 17
2
91 77 7
115 98 22
1
112 101 22
0
0
2
93 65 1
99 94 17
3
90 56 4
124 117 7
98 82 20
0
2
97 77 2
108 76 10
1
94 77 6
2
102 86 1
104 95 12
1
93 75 7
0
1
91 78 3
0
3
78 62 2
109 94 8
105 74 18
0
1
96 81 6
4
84 70 4
120 102 10
99 71 15
120 88 22
0
0
0
0
1
76 51 11
0
0
0
2
70 53 0
65 62 24
0
1
125 91 8
0
0
2
100 80 6
85 57 10
1
85 74 20
2
80 73 9
131 99 11
2
107 103 1
83 55 6
0
1
113 91 2
0
1
86 76 8
0
2
133 105 2
137 123 9
0
2
136 113 3
117 100 15
2
106 99 5
128 109 21
4
83 49 1
82 73 3
60 52 18
77 59 19
0
2
108 99 20
86 70 22
1
93 66 17
1
110 111 21
2
133 109 17
79 68 22
0
1
98 97 0
5
131 106 17
90 65 18
76 61 22
82 60 23
115 85 24
2
64 47 2
85 74 10
0
2
103 101 10
65 49 24
0
2
118 94 10
85 68 17
1
92 77 22
1
105 81 22
1
81 66 22
3
122 95 7
80 74 11
119 99 18
2
127 84 0
139 114 2
0
0
1
111 82 22
1
101 79 13
0
0
3
90 74 3
77 69 11
87 80 23
1
136 124 15
4
102 75 1
150 139 10
113 76 18
121 125 22
2
105 83 6
106 79 23
2
78 60 0
115 80 10
1
103 80 15
0
2
144 114 11
102 62 19
1
102 88 0
2
96 78 8
109 85 10
2
85 74 1
84 69 4
1
100 80 11
2
78 64 0
85 60 2
1
73 67 19
0
3
80 61 3
103 90 9
112 79 23
2
102 77 14
77 56 15
1
130 81 23
1
104 84 24
2
119 83 0
124 116 10
1
132 97 2
1
119 81 10
1
109 87 20
1
126 94 0
1
88 80 23
1
126 77 15
0
2
147 109 4
74 65 6
2
95 79 3
151 127 19
1
92 84 4
2
102 94 8
134 105 24
0
0
0
3
139 95 2
99 72 11
143 102 19
3
146 110 15
130 104 20
75 56 24
0
2
134 100 15
137 125 24
2
125 108 4
131 118 14
0
0
0
0
1
158 114 17
1
136 96 20
2
122 104 6
100 72 15
1
120 95 20
1
118 87 23
0
2
73 62 20
89 86 22
0
2
99 73 9
171 119 14
1
135 112 19
2
129 83 8
133 94 23
1
120 67 22
2
93 85 8
128 109 15
0
1
99 76 8
0
0
1
154 126 17
0
0
3
141 118 10
87 58 20
119 77 24
1
123 80 3
1
120 102 3
3
96 82 15
93 71 23
109 99 24
2
125 96 8
112 90 11
0
1
128 89 15
0
1
113 80 7
2
121 79 7
105 94 22
1
139 107 7
1
128 94 23
2
108 74 3
115 96 8
2
115 97 0
137 116 4
0
3
127 67 0
144 111 11
120 76 15
2
112 77 0
142 114 20
1
114 96 1
2
143 139 10
122 98 18
0
0
5
71 59 8
89 76 9
138 110 10
169 128 17
154 111 20
1
111 96 3
1
133 112 3
0
0
2
107 66 1
110 86 7
1
132 112 3
1
75 65 22
0
2
147 94 4
146 110 23
0
1
151 128 13
1
147 133 18
0
1
87 53 11
1
81 76 24
2
121 84 2
116 105 11
2
127 92 2
86 60 13
3
112 102 3
141 127 7
77 55 8
2
70 58 10
109 82 20
1
109 94 20
2
169 140 5
139 93 24
2
149 118 4
88 68 11
0
2
101 66 0
100 77 8
1
127 102 1
0
1
89 69 4
2
57 44 6
116 106 20
0
1
118 70 19
0
2
149 115 8
123 89 24
0
2
109 76 8
96 81 17
1
162 136 18
3
140 120 16
97 75 20
127 130 23
0
1
133 97 22
1
129 110 17
2
153 137 11
112 100 21
1
146 121 11
0
1
145 111 2
0
0
3
169 153 3
73 68 7
99 88 17
1
94 67 11
0
1
88 56 20
1
155 130 17
1
111 87 18
2
122 91 2
133 98 4
1
128 79 24
1
174 137 10
1
124 89 2
1
97 84 18
1
122 87 22
1
126 105 2
0
1
127 116 5
1
122 114 7
2
108 85 13
190 151 15
1
134 104 17
2
109 94 10
112 86 19
1
147 131 0
1
109 87 3
0
2
75 65 3
143 113 20
2
128 99 15
136 99 22
0
0
2
158 118 17
132 111 23
1
88 64 16
0
3
97 91 7
139 97 8
145 112 9
0
1
161 165 23
1
153 156 1
0
3
166 161 17
144 115 23
157 132 24
0
1
92 69 22
1
96 95 15
2
76 58 0
133 121 11
1
154 124 6
2
146 108 6
178 137 20
2
118 117 8
130 109 11
2
127 84 15
153 120 18
0
0
1
99 74 15
1
104 95 8
0
2
104 77 10
128 96 23
0
0
1
166 145 4
0
0
0
1
128 118 8
3
163 133 2
197 169 5
140 106 22
0
1
126 133 17
2
140 106 0
129 103 4
0
1
123 120 22
2
112 94 8
115 93 11
2
142 115 8
180 149 20
2
159 133 2
120 73 10
1
175 141 23
2
138 120 2
142 136 7
2
87 72 2
126 105 6
3
182 133 7
157 138 11
141 106 17
1
170 118 8
1
159 105 23
2
154 131 5
112 78 22
0
1
139 104 18
1
174 141 1
2
130 114 8
122 104 24
2
166 125 4
176 144 23
2
181 145 15
144 116 24
1
175 140 21
0
1
122 97 23
1
140 117 23
1
118 111 17
0
2
128 98 8
129 106 22
0
3
151 107 10
133 120 15
136 120 18
2
146 133 2
135 101 11
1
92 75 19
1
168 148 0
3
120 94 3
125 82 14
99 75 15
0
1
106 69 2
1
157 120 10
4
97 101 3
125 100 7
197 131 8
124 125 22
0
0
2
104 85 1
110 94 3
1
123 95 22
1
144 112 23
0
1
168 120 5
0
1
155 134 1
1
119 94 10
1
109 96 7
1
177 165 23
1
141 95 19
0
1
139 91 22
1
109 75 24
1
166 140 23
2
188 157 6
107 81 11
0
2
72 55 2
175 147 15
0
1
163 138 17
0
1
141 122 15
2
149 114 4
91 69 8
0
0
3
154 117 3
129 83 6
114 95 8
0
2
146 122 0
137 119 18
0
1
164 122 15
1
157 139 15
0
3
133 114 9
159 139 11
122 98 24
2
137 77 11
159 143 12
0
1
107 93 2
1
164 111 2
0
0
1
217 191 1
0
0
0
1
129 119 11
1
166 148 18
2
104 83 3
125 105 23
3
182 133 0
80 62 4
136 125 19
0
0
2
138 124 8
120 96 22
1
119 120 3
2
120 89 8
131 107 9
1
133 107 4
0
0
4
153 106 0
184 157 3
154 90 7
92 82 16
3
80 73 5
124 87 19
171 117 22
2
136 111 7
150 124 24
0
0
0
3
83 70 0
182 167 1
205 171 20
0
0
0
0
2
108 92 4
162 119 19
0
1
160 119 15
1
157 151 8
0
1
87 83 23
1
94 59 21
0
1
141 87 3
1
191 152 23
2
197 142 20
198 161 23
1
156 109 8
4
127 93 1
151 94 7
141 111 11
144 119 12
3
181 167 0
109 77 12
128 109 22
1
149 105 9
2
154 141 0
171 147 8
0
1
162 112 10
1
175 139 6
0
2
146 113 1
154 136 15
0
1
163 148 2
2
184 171 3
130 122 8
0
0
1
103 82 0
0
3
131 86 5
240 187 8
164 126 11
2
192 139 1
152 111 20
2
138 112 2
164 128 3
2
201 147 2
142 108 20
1
191 159 11
2
182 137 10
141 116 15
1
164 123 18
1
101 80 8
2
95 73 15
192 172 22
1
106 104 20
2
192 184 18
161 149 20
0
1
152 117 20
0
1
156 114 9
2
165 160 8
151 117 10
0
