2 5 4 8 2 6 3 6 4 7 2 7 6 8 7 5 4 5 4 1 6 4 2 8 4
0
1
6 5 7
1
6 6 5
1
8 7 9
1
10 8 13
0
3
7 8 7
5 4 11
10 8 16
1
6 4 3
1
9 7 0
0
3
9 7 0
10 9 5
8 8 12
0
3
8 7 15
10 10 20
7 5 23
1
7 6 12
1
11 8 20
0
2
10 7 2
10 8 7
1
10 8 5
1
11 11 18
1
8 7 14
2
10 8 0
11 7 2
0
0
0
1
7 6 5
1
11 11 14
2
11 10 9
10 9 16
1
12 9 8
2
15 11 12
10 7 17
2
11 7 16
14 13 24
0
2
16 11 9
13 12 10
2
9 8 1
12 9 11
0
0
2
13 12 0
14 13 11
2
8 5 17
7 6 20
2
12 10 10
15 13 16
1
15 11 4
2
11 10 16
12 10 23
1
16 15 21
1
16 14 3
0
0
0
2
10 9 3
13 12 23
1
16 9 2
1
16 13 14
0
0
1
21 17 6
2
19 13 8
17 16 9
1
12 12 18
1
21 16 24
3
18 12 11
11 11 13
19 20 16
1
13 11 15
1
12 9 7
0
2
11 8 1
18 16 9
1
20 14 17
0
2
18 11 13
14 11 23
3
23 19 2
15 11 13
18 14 20
1
12 10 8
1
21 22 16
0
0
1
23 16 4
0
1
16 15 14
2
13 12 6
17 13 18
0
1
20 18 15
1
26 21 10
0
1
20 16 2
4
19 15 1
22 18 5
18 14 11
22 20 21
1
21 15 9
2
20 15 1
15 9 24
1
24 23 7
1
17 14 13
0
1
17 15 16
0
0
3
18 12 2
25 18 5
25 22 18
2
23 14 9
26 22 16
2
21 19 18
15 11 23
2
17 14 7
23 19 23
0
2
26 20 2
14 12 8
2
26 22 12
19 16 14
0
1
18 14 3
3
27 26 3
15 11 14
21 16 18
1
19 14 2
0
1
30 29 9
1
26 26 9
2
23 19 11
30 24 14
0
1
17 14 3
2
22 19 11
27 20 23
1
20 18 12
0
1
20 14 14
0
0
2
20 15 9
25 22 12
0
2
19 16 18
22 16 23
2
18 13 12
24 22 23
2
23 19 12
31 22 14
1
21 16 3
1
32 22 11
1
24 21 21
1
27 18 4
1
33 24 12
1
25 21 13
0
3
28 21 3
25 20 12
19 16 21
3
10 6 7
29 23 9
29 22 13
2
13 9 9
38 26 20
1
26 19 16
0
1
22 22 23
0
1
27 23 6
0
1
19 14 23
3
25 26 2
36 26 13
27 24 18
1
28 18 17
0
0
1
33 27 13
0
1
22 20 0
1
31 28 17
1
32 18 13
0
4
33 25 2
25 19 16
30 28 20
25 23 21
4
21 17 14
27 17 15
29 25 16
43 36 23
2
28 24 5
43 33 23
1
28 20 21
0
0
2
32 21 1
23 21 24
1
28 19 18
1
25 21 1
1
22 19 20
1
32 23 20
0
0
1
23 19 13
0
2
22 16 10
37 23 12
0
1
30 23 17
4
27 23 11
34 25 13
27 20 14
34 24 16
1
21 14 15
0
2
29 19 9
31 23 23
1
34 25 9
4
32 25 3
18 17 10
32 30 11
29 27 21
0
2
29 24 2
34 29 19
1
41 25 2
1
29 23 14
0
1
32 19 13
0
2
27 29 18
38 33 21
0
3
21 11 8
23 17 18
19 16 20
1
28 20 5
1
28 23 17
1
35 27 15
1
29 14 21
1
30 25 17
2
21 17 3
25 20 8
2
50 46 6
50 42 11
1
34 28 10
2
31 26 6
31 20 14
0
1
43 38 3
0
2
40 27 14
28 17 18
2
28 22 21
35 27 23
1
37 25 15
3
26 20 3
37 23 14
32 27 16
0
1
52 42 2
2
32 25 13
38 28 23
1
43 34 3
1
45 41 3
0
0
1
39 32 14
0
1
30 26 3
2
31 21 4
39 35 15
1
29 21 7
1
41 29 21
1
33 26 23
1
43 34 22
2
17 12 6
28 21 14
0
0
1
35 27 13
2
38 28 11
40 37 13
2
38 31 12
50 43 13
1
34 31 3
3
46 32 5
42 36 9
23 17 21
0
1
38 26 20
1
46 36 24
1
52 40 1
2
48 40 8
40 33 15
2
50 35 16
33 26 18
1
38 25 9
0
1
36 33 14
0
0
2
55 35 2
34 30 3
1
38 34 12
2
33 26 0
30 28 18
1
29 28 14
1
39 36 4
1
36 29 14
1
43 39 7
1
52 42 8
3
46 35 2
54 39 7
52 34 20
4
51 43 9
45 42 11
45 36 16
43 28 23
1
49 42 20
2
41 34 3
45 29 18
1
35 35 13
0
0
1
54 45 7
0
2
54 40 8
41 38 20
1
55 39 18
1
36 34 3
0
1
46 34 20
0
2
46 42 5
30 28 21
0
2
44 32 7
59 61 9
2
51 35 5
34 22 10
0
2
56 43 3
36 24 12
3
35 29 3
50 40 7
56 45 21
4
46 41 17
57 52 19
59 48 21
53 44 23
1
41 40 16
1
43 36 9
1
56 48 5
1
45 37 10
1
52 38 11
1
45 34 12
1
51 36 3
3
55 42 5
50 51 9
36 23 17
1
53 39 3
0
3
42 43 2
48 39 3
43 37 17
2
41 38 11
52 37 13
1
50 42 14
1
52 42 4
4
35 25 9
68 60 14
59 59 17
50 30 21
3
58 41 1
52 48 14
48 37 23
2
59 36 0
44 36 12
3
52 37 14
39 34 23
51 39 24
0
1
46 42 2
0
1
52 40 13
1
48 36 11
0
1
44 31 11
0
0
1
64 56 13
0
2
49 37 13
50 32 23
0
1
46 30 3
1
53 38 20
1
62 48 11
0
3
64 59 4
53 42 9
47 34 14
0
0
4
44 33 3
58 48 11
58 48 12
62 63 18
1
43 34 22
2
43 33 0
59 51 14
0
1
49 34 14
3
54 45 3
40 34 14
47 37 19
2
50 44 7
70 66 24
0
0
1
59 48 14
3
52 35 7
36 28 17
49 39 20
0
1
60 58 6
2
68 52 7
60 51 13
0
2
78 59 7
54 42 8
0
1
66 65 16
4
57 48 11
35 31 16
54 45 18
50 38 24
3
58 49 14
54 52 20
64 51 21
2
56 47 3
45 31 5
2
66 53 0
28 22 24
0
2
41 32 5
56 44 7
0
0
1
65 54 1
1
67 67 7
0
1
65 57 23
2
70 56 2
29 21 3
1
46 38 14
1
79 68 4
1
56 50 8
1
68 53 7
1
65 48 9
0
1
64 50 3
1
47 30 11
1
46 33 9
4
73 74 1
56 43 3
39 28 7
66 47 10
0
1
57 40 13
0
2
52 36 6
63 56 8
2
54 41 7
59 49 11
2
69 55 2
49 38 21
0
1
68 43 13
1
61 45 5
2
38 37 16
55 47 24
2
66 52 3
64 52 12
3
34 20 13
49 36 17
51 35 18
2
55 46 9
46 34 12
1
48 41 11
1
48 39 17
2
60 47 1
71 55 2
0
1
30 26 23
2
77 56 6
58 52 24
2
74 54 3
64 49 11
2
50 39 5
34 30 9
0
4
54 53 11
49 33 13
68 56 17
44 39 24
3
43 37 11
60 43 18
60 51 20
0
1
70 60 8
3
61 49 1
38 27 3
55 38 21
1
70 52 9
0
0
5
72 52 7
66 46 9
63 57 11
48 34 16
64 53 21
0
0
1
68 58 1
4
51 47 2
57 61 8
52 47 16
53 45 17
1
70 44 20
1
66 56 9
1
66 39 15
2
50 35 13
62 53 16
0
1
58 57 23
0
1
51 33 3
1
73 58 9
1
50 32 3
2
83 70 11
52 38 14
1
72 51 0
1
56 47 0
0
2
58 35 12
73 57 20
0
2
54 42 11
65 53 21
2
60 46 12
76 63 13
2
74 49 11
52 50 16
1
71 61 24
3
47 40 13
54 55 15
84 83 20
0
0
1
54 43 0
1
84 57 3
1
81 60 11
1
65 50 9
2
57 42 11
84 58 22
0
1
77 65 13
1
73 56 15
2
101 66 9
45 36 12
1
69 59 13
2
76 53 5
48 36 17
2
45 28 11
76 57 14
0
2
67 49 7
70 49 23
2
88 75 11
59 33 14
2
91 78 21
80 62 23
0
3
81 64 1
67 51 13
68 55 14
2
77 58 20
85 79 23
3
71 61 8
93 75 11
57 48 17
0
1
79 62 5
1
79 62 11
2
81 79 5
64 60 24
1
66 53 14
1
39 27 2
1
88 65 6
1
73 56 20
0
1
53 54 22
2
77 63 7
83 80 11
1
74 57 13
2
91 69 1
55 53 17
2
64 51 11
82 74 12
1
97 84 9
2
70 54 5
50 40 14
1
82 65 23
1
83 56 2
2
57 44 11
55 33 16
1
77 64 3
3
80 63 3
75 68 12
76 64 20
5
76 58 2
57 42 9
69 54 14
73 42 20
70 45 24
2
82 69 17
75 63 18
1
70 63 3
2
71 45 12
87 68 13
0
2
87 73 19
68 50 21
0
4
87 69 8
67 46 9
52 40 15
49 38 20
3
63 46 5
81 61 7
70 62 8
1
66 56 16
1
51 42 6
2
85 62 8
85 84 15
0
1
72 52 18
3
111 77 1
65 55 14
61 56 22
1
86 77 12
0
3
113 98 5
86 55 16
81 67 24
1
71 51 8
2
89 81 3
81 76 23
0
0
0
1
76 64 8
2
54 32 11
47 39 14
0
2
83 63 15
83 52 20
0
2
79 63 12
78 68 23
4
59 45 4
31 29 5
66 54 14
113 86 23
0
2
86 71 9
63 42 14
3
81 65 7
91 73 12
68 55 15
1
66 41 10
2
75 58 10
111 110 11
2
87 60 6
71 46 23
3
56 54 1
84 73 7
99 77 23
1
88 71 14
1
62 47 22
1
51 44 12
2
67 33 3
84 70 20
1
106 104 8
0
1
79 69 20
2
74 76 12
88 52 14
4
82 64 9
62 54 12
75 54 14
74 41 23
1
70 54 18
1
75 59 3
1
88 61 19
0
2
51 43 16
72 49 24
1
90 64 10
1
59 46 4
0
2
76 55 3
93 76 4
1
69 56 20
1
94 77 1
3
52 49 3
72 70 6
81 59 11
0
5
91 72 8
94 91 9
82 72 14
85 60 21
84 60 23
0
1
84 78 6
0
0
2
91 74 1
95 78 14
2
70 48 2
88 76 15
1
90 75 20
1
78 76 11
2
74 45 6
90 68 7
2
103 80 8
61 59 13
1
75 54 12
0
2
75 63 2
99 81 15
0
1
85 78 23
0
1
95 77 14
3
71 71 13
117 80 15
74 61 20
1
63 56 1
1
70 58 21
2
71 60 14
91 68 20
0
3
70 53 8
101 94 21
61 46 23
1
86 65 15
2
79 45 9
54 51 23
3
86 77 1
101 97 2
53 34 15
3
83 61 3
71 65 5
76 44 9
2
99 96 7
104 87 23
0
0
1
81 66 3
0
2
84 76 1
49 35 12
0
2
63 49 3
58 51 13
1
108 97 14
0
0
3
79 67 3
81 66 17
98 92 20
2
87 79 20
59 61 23
1
58 54 5
1
92 65 12
1
87 76 4
0
0
1
95 75 1
1
89 75 20
0
1
135 137 24
0
1
82 84 14
1
86 55 18
2
49 28 10
88 76 24
1
76 54 19
3
72 50 3
71 55 11
71 54 13
1
101 79 12
2
108 75 7
64 52 14
0
1
104 101 12
1
82 77 17
0
3
63 52 2
103 78 5
73 59 21
2
53 40 7
92 41 13
2
118 113 7
127 100 17
1
87 77 2
1
71 62 9
1
58 41 5
1
68 40 9
1
81 62 23
1
107 111 14
0
2
73 58 7
81 92 11
1
75 50 5
1
94 78 16
2
113 102 7
96 61 14
5
121 90 2
110 98 7
62 52 11
107 80 13
107 90 21
1
93 63 3
1
130 111 12
0
0
2
98 84 5
79 67 9
0
0
1
97 81 4
0
1
101 100 12
2
83 63 7
109 79 13
0
1
76 62 10
4
97 68 10
73 64 16
91 84 18
94 72 21
0
0
1
112 87 13
1
81 71 2
0
0
3
86 74 0
98 69 9
74 63 21
1
101 71 9
2
86 88 4
119 109 9
1
85 63 5
0
4
104 90 4
95 73 5
101 70 11
83 66 23
0
1
98 85 2
2
112 98 17
93 70 23
0
3
135 95 13
67 62 15
90 95 22
2
124 104 11
102 87 17
2
110 99 3
88 58 21
1
81 58 8
1
89 77 17
2
103 90 5
102 75 13
3
84 71 13
77 69 17
116 110 20
2
99 73 2
120 111 9
2
96 80 9
84 73 12
1
127 99 19
2
91 73 15
90 65 23
0
0
1
73 57 7
0
1
94 74 23
0
1
118 90 1
0
0
1
85 67 15
1
100 89 16
0
2
89 73 5
88 69 23
1
112 98 12
3
106 89 11
102 67 14
81 48 20
2
85 62 11
124 128 23
0
1
108 74 1
1
117 97 2
2
122 90 15
84 78 21
2
108 96 6
135 98 7
2
74 53 7
114 72 14
1
91 72 20
3
96 73 2
121 91 13
130 123 20
1
82 62 8
1
116 78 15
2
88 84 7
100 96 13
1
122 93 3
0
1
89 91 1
1
113 81 20
1
95 85 14
2
75 70 15
70 53 22
0
1
126 88 2
0
1
74 57 15
2
130 121 21
75 70 23
2
123 80 3
92 65 20
3
126 95 5
85 73 12
89 65 13
1
126 83 13
1
118 97 6
1
103 84 9
2
143 111 1
118 101 17
0
1
92 75 14
2
96 61 12
95 86 20
1
82 67 13
3
120 102 11
89 73 15
134 109 16
3
84 73 3
101 79 11
103 86 21
0
1
90 58 14
2
82 79 16
126 114 24
2
122 102 1
120 108 7
1
104 92 20
1
83 68 24
2
147 118 3
115 98 18
3
106 81 0
101 69 1
82 54 2
0
1
63 51 9
1
65 54 5
1
126 98 12
0
2
133 105 11
107 98 18
3
107 88 1
96 85 8
116 83 11
1
90 67 18
0
0
2
135 122 9
157 144 20
2
132 103 17
101 78 20
4
103 69 9
137 112 12
120 82 15
97 88 16
4
81 79 9
113 82 15
111 93 20
112 87 24
2
122 118 12
112 88 14
3
97 92 1
131 111 12
108 92 13
0
1
159 132 22
0
3
102 82 8
107 92 14
107 100 23
2
106 84 18
100 97 23
0
0
1
123 107 11
2
111 92 11
105 94 24
0
0
0
2
98 85 17
101 84 21
3
162 131 11
104 77 16
114 87 20
1
80 52 21
1
143 111 10
0
3
107 88 1
96 79 3
74 65 5
1
130 96 24
0
2
108 83 8
74 49 11
4
151 145 12
111 86 17
102 77 20
77 64 23
0
2
128 113 13
97 57 24
1
90 57 12
1
127 84 17
1
114 74 13
0
1
111 94 23
2
115 84 14
150 104 20
1
119 108 6
0
0
2
129 114 1
141 120 8
2
137 93 8
91 68 9
1
111 82 13
1
65 47 8
2
95 82 11
105 114 20
2
115 78 3
127 104 20
0
3
102 81 16
100 90 19
92 72 23
1
119 124 11
0
2
132 130 14
138 122 24
0
1
135 100 18
0
0
3
122 102 0
71 45 4
64 58 7
1
81 72 20
2
131 105 7
145 125 11
0
0
1
84 70 23
1
149 111 13
1
145 126 0
1
141 95 19
4
91 63 6
124 87 7
135 94 12
77 60 14
0
3
147 104 9
119 89 14
94 76 24
0
2
127 120 11
115 79 21
0
2
126 104 17
118 99 18
0
1
141 105 4
0
2
97 90 16
130 100 23
1
167 132 16
1
146 98 20
0
1
104 102 2
2
125 83 12
73 57 23
2
138 139 13
95 67 14
0
1
97 82 23
1
136 84 18
0
1
104 86 20
0
0
0
0
1
111 71 7
1
127 103 11
0
0
0
1
144 100 17
0
1
88 70 9
2
115 89 16
150 123 20
3
132 158 15
164 125 16
128 99 24
2
114 90 12
82 82 14
1
56 57 11
2
128 97 12
155 118 14
1
138 98 8
0
0
0
0
3
124 118 12
122 90 18
127 114 23
0
2
98 87 6
128 107 20
0
1
159 142 14
1
97 78 3
1
128 98 23
1
101 86 7
0
1
110 78 14
2
129 94 8
98 90 15
1
119 106 8
2
116 83 1
125 91 12
4
143 110 13
109 85 15
71 57 17
140 120 20
1
156 144 10
0
2
78 62 6
131 118 12
1
140 117 16
0
1
130 92 20
0
2
104 82 3
101 102 12
1
116 107 11
3
112 102 8
93 73 17
172 138 22
1
151 128 0
1
144 121 5
0
2
136 88 11
129 125 20
2
107 87 0
111 114 6
0
0
1
109 84 10
3
95 74 12
132 121 15
154 130 20
2
141 114 7
131 121 17
1
120 108 23
1
138 107 16
0
3
181 116 1
79 62 8
123 96 17
2
153 120 5
122 99 22
1
139 129 21
0
4
154 127 7
116 99 11
120 112 22
107 93 24
2
164 171 14
104 76 21
4
156 126 7
116 99 8
195 163 23
117 111 24
1
184 160 11
2
138 112 12
131 108 16
0
1
114 118 22
4
120 92 9
152 113 15
126 101 21
131 101 23
0
2
143 109 7
114 103 18
0
2
40 29 1
132 120 3
1
98 89 9
0
1
124 98 15
2
167 146 7
128 125 18
1
127 91 10
2
121 99 5
144 122 14
1
151 99 20
0
1
178 112 20
1
129 99 0
1
102 61 20
2
138 126 3
119 87 23
0
1
139 104 12
0
1
135 106 5
3
178 137 3
131 121 14
136 137 23
2
147 90 18
183 149 20
0
2
152 86 3
153 132 21
1
157 106 12
0
1
115 99 21
1
151 99 9
3
116 96 0
126 79 1
148 95 16
1
132 83 9
1
96 73 12
0
0
1
127 103 24
4
154 147 1
173 117 3
186 138 6
144 93 14
1
106 88 2
0
1
161 126 9
4
153 103 3
171 141 9
93 93 14
128 110 16
2
133 116 5
132 115 20
1
173 127 3
0
1
170 164 16
1
110 81 7
1
162 119 1
1
152 101 13
0
0
2
94 69 3
79 68 16
1
136 101 11
2
119 85 1
146 91 6
1
123 87 21
3
118 81 4
129 99 9
80 78 24
2
164 133 20
94 81 24
0
1
148 120 13
1
153 123 9
0
1
159 122 23
0
1
167 162 20
0
1
176 126 8
2
94 90 8
107 74 24
0
1
159 116 0
1
224 177 3
1
122 79 7
1
89 73 18
1
146 121 22
2
107 98 3
153 146 4
2
127 103 3
132 97 11
2
124 112 1
161 151 12
0
3
144 120 7
150 98 16
167 140 23
1
186 107 0
0
1
144 103 14
2
165 142 4
98 90 10
1
151 121 5
1
157 122 9
2
165 120 7
203 140 15
1
100 68 23
0
2
145 118 1
119 104 15
1
94 66 24
0
1
154 97 13
0
0
3
166 114 11
109 91 14
144 122 24
1
128 107 1
1
120 106 17
2
105 101 11
143 139 24
0
1
127 92 15
1
149 137 20
0
1
116 101 2
2
118 97 13
168 133 16
1
157 125 7
0
0
2
151 104 1
141 110 21
1
89 64 13
1
165 129 13
1
184 124 15
0
1
150 118 2
1
116 106 1
1
153 148 13
1
79 71 12
1
167 153 1
1
185 143 12
2
170 147 13
195 140 23
0
0
1
107 71 5
1
120 95 11
2
151 108 14
79 61 19
4
188 146 1
192 155 20
166 121 21
72 48 22
5
101 84 9
189 148 10
224 146 13
164 138 14
109 94 20
1
162 103 22
2
106 84 1
168 121 6
2
203 129 7
145 109 11
2
122 80 5
173 131 10
1
156 110 9
1
122 110 3
2
150 118 0
171 120 9
0
3
150 110 5
109 99 10
126 91 14
0
2
185 169 11
154 148 22
1
125 101 13
0
2
212 169 11
182 147 12
1
103 83 13
2
178 152 9
134 86 13
1
137 105 13
2
148 107 12
142 100 14
2
210 198 18
131 108 21
1
91 79 5
3
171 129 1
164 139 5
145 93 8
1
172 163 24
0
2
140 115 0
172 134 20
1
138 107 24
0
0
3
147 108 2
174 159 11
192 128 23
0
0
1
132 118 14
0
3
197 148 5
163 126 16
121 117 23
2
178 133 15
202 138 22
0
1
205 182 2
1
82 70 4
1
165 138 11
2
125 116 0
166 141 15
0
3
200 210 6
181 137 22
160 129 24
1
186 177 3
2
102 75 0
153 112 6
2
151 124 2
148 121 17
