2 6 5 2 4 8 5 6 4 6 3 2 8 1 1 3 4 6 8 2 1 2 2 7 3
0
1
7 6 7
0
4
6 6 9
7 5 12
6 4 14
4 4 18
0
0
3
9 8 6
8 6 16
7 6 17
1
9 7 5
1
13 11 5
1
7 5 6
0
2
10 8 7
7 6 12
1
11 7 17
4
11 8 0
7 5 12
11 8 16
12 9 18
1
9 6 5
1
8 7 4
1
12 7 12
1
11 9 6
2
13 8 17
12 8 21
1
9 7 18
1
13 12 1
0
3
9 8 4
8 5 17
14 8 22
1
15 10 8
2
13 10 4
11 9 12
1
11 9 1
1
11 9 23
0
1
11 8 16
2
8 8 3
11 8 18
0
5
12 8 1
17 15 2
8 7 4
12 11 15
13 11 21
1
14 11 11
2
12 11 5
9 7 12
3
9 6 4
14 13 13
9 7 17
0
1
10 8 0
1
15 12 14
0
0
1
11 7 18
1
12 9 0
1
17 16 9
2
15 11 3
14 10 24
2
17 10 12
16 12 23
0
2
16 12 16
10 8 21
1
17 16 2
0
1
16 14 17
0
2
10 8 2
11 11 6
0
2
18 16 2
25 19 13
0
0
0
1
20 16 8
0
1
14 8 20
2
22 14 17
19 12 23
0
1
18 14 7
1
15 12 11
1
15 14 3
1
18 14 3
1
17 12 5
1
17 12 16
3
13 11 7
23 21 9
13 10 23
0
1
18 15 18
2
20 13 5
19 14 24
1
16 14 9
0
1
15 12 17
1
19 19 15
2
14 12 6
21 18 17
1
19 11 5
0
4
23 15 7
19 15 8
23 20 9
20 18 23
1
13 12 8
1
18 13 18
1
14 13 1
1
16 13 1
1
18 13 12
1
21 17 6
2
24 21 6
16 13 23
0
0
1
20 15 23
0
0
2
15 13 4
18 14 5
1
23 21 16
2
21 15 2
23 16 16
1
23 18 22
0
2
22 18 5
19 15 12
2
30 27 9
23 24 12
0
1
20 18 16
0
1
23 19 5
0
1
24 18 23
0
1
24 20 2
1
21 17 10
2
19 15 1
23 17 16
2
16 13 7
31 23 9
3
16 14 6
23 17 18
18 16 23
0
0
1
20 14 23
0
1
28 25 19
0
0
0
4
29 18 5
22 20 7
24 16 12
33 24 24
0
0
0
2
19 14 9
24 17 14
0
2
26 22 16
17 15 18
2
27 22 4
16 11 12
2
29 24 7
29 20 9
0
1
32 29 7
2
30 23 4
18 17 23
0
2
26 20 9
31 21 18
2
26 24 7
21 16 23
1
22 19 24
1
28 27 12
0
1
27 25 17
0
1
32 25 12
1
26 16 9
2
22 16 4
33 29 20
3
29 20 11
27 22 16
26 19 18
2
31 20 1
29 26 5
2
40 34 17
23 17 20
0
0
0
1
36 30 9
0
1
18 12 7
1
20 16 10
0
0
0
1
39 34 7
2
32 25 5
41 26 17
0
0
1
28 22 17
2
15 14 18
32 26 23
0
0
1
30 27 22
0
1
36 28 15
0
0
2
28 25 7
33 19 18
2
31 21 6
41 33 7
0
1
44 36 1
1
37 29 7
2
19 12 12
23 19 23
1
39 32 23
0
2
33 27 9
28 18 17
5
36 30 4
22 20 7
24 17 12
30 23 15
30 22 18
0
0
1
24 19 7
1
30 26 7
2
34 25 1
35 25 14
2
47 35 7
38 33 23
3
36 34 1
38 27 16
28 20 18
1
34 28 19
2
32 22 0
32 24 16
0
3
34 26 4
35 21 18
40 33 24
3
29 21 2
33 30 17
38 28 18
3
29 26 6
39 30 8
22 17 18
3
41 34 5
40 28 6
32 32 10
1
24 20 9
0
3
35 24 1
29 23 3
25 24 24
1
44 29 9
1
28 19 6
2
24 19 18
47 34 23
0
2
23 21 5
45 38 18
2
30 25 1
25 22 16
1
30 20 15
2
36 30 2
40 32 7
0
1
33 26 8
1
33 20 7
0
0
4
42 37 5
36 32 6
33 21 12
32 23 18
1
44 34 12
1
33 27 7
2
29 26 6
34 28 18
1
40 36 21
1
43 32 18
0
1
48 39 8
3
48 41 15
31 23 18
53 38 23
1
35 31 23
1
38 32 1
1
38 33 14
2
36 28 1
46 35 4
3
46 25 2
47 36 21
39 34 23
1
37 23 8
1
27 25 18
2
41 33 4
47 36 12
2
36 24 2
46 35 10
3
29 24 5
36 31 9
49 39 16
0
2
34 25 1
34 31 12
3
31 26 5
37 32 9
34 28 17
2
25 17 5
53 36 9
1
36 32 18
1
52 39 10
2
62 51 5
49 43 6
0
0
1
58 42 5
2
66 52 2
56 51 18
1
42 28 22
1
39 28 23
1
60 46 0
2
42 30 6
44 49 8
0
0
0
1
43 32 24
2
34 29 11
42 39 12
0
0
0
1
45 33 5
0
2
39 27 6
56 44 12
4
48 38 6
62 49 10
58 43 11
53 42 12
1
37 29 5
0
0
3
50 44 1
36 31 5
47 40 23
0
0
1
40 29 15
2
20 16 7
56 48 12
1
44 31 18
0
0
1
62 53 15
1
33 25 2
0
0
0
1
61 47 0
0
1
33 26 12
2
52 43 7
47 44 10
0
0
2
46 32 7
48 43 10
1
49 38 4
0
0
1
49 36 12
0
0
0
0
0
2
37 28 3
55 54 13
2
19 12 5
36 26 15
0
0
0
0
0
1
49 25 12
1
66 47 7
2
47 37 5
37 26 12
0
0
0
1
48 40 23
1
55 47 17
0
2
46 37 4
57 47 17
0
2
39 24 4
71 40 7
1
56 42 23
0
0
0
0
1
64 40 17
1
69 57 8
0
1
63 47 2
2
43 41 5
53 47 15
1
65 50 12
2
53 37 14
38 33 23
0
0
0
0
0
0
1
42 37 0
1
57 43 9
0
1
60 47 10
2
59 48 6
56 47 17
2
83 73 19
62 57 24
1
43 35 5
1
71 60 7
2
59 41 16
63 51 24
2
59 34 8
63 51 9
1
67 54 6
2
64 50 5
51 37 6
3
43 32 2
58 53 8
68 56 12
3
48 41 12
49 47 18
60 49 23
0
0
0
0
3
83 63 1
56 53 6
65 46 12
0
0
2
50 34 18
45 37 24
0
4
77 54 1
54 41 5
45 31 9
59 39 18
2
60 43 12
64 59 16
0
0
3
67 57 7
83 64 9
40 31 16
1
59 61 4
0
1
68 56 12
2
73 66 7
27 23 9
0
1
53 41 9
1
73 55 7
2
68 50 5
47 34 6
2
64 54 9
34 25 12
0
1
54 47 9
1
66 55 5
1
64 44 5
3
74 69 3
51 49 4
50 44 17
1
50 41 17
0
2
47 36 18
58 50 23
0
1
50 38 3
0
2
74 61 1
50 39 24
1
64 59 8
1
78 55 15
2
58 52 9
45 32 10
1
59 47 2
2
41 31 2
72 54 8
0
0
2
70 49 6
74 53 10
1
94 77 12
2
64 56 12
61 40 18
1
64 48 9
1
48 36 23
1
45 35 12
1
87 78 16
2
81 66 4
67 48 7
0
1
63 49 1
1
67 59 7
0
1
65 56 10
3
78 56 2
70 64 17
69 56 18
0
3
89 83 4
91 69 6
74 67 18
1
44 34 1
0
1
64 50 13
2
58 52 12
78 59 21
1
50 31 9
1
37 30 7
0
1
86 63 17
1
61 43 22
0
0
1
58 46 5
0
2
56 50 7
81 68 9
0
1
63 49 16
2
52 34 0
68 51 7
2
51 37 7
78 59 12
0
0
2
68 46 7
76 47 9
0
0
0
1
59 39 5
2
87 76 2
53 37 6
1
88 59 18
0
3
54 48 5
78 65 7
73 56 19
0
1
70 47 1
2
58 45 2
49 39 16
2
58 48 5
42 36 9
0
2
95 65 6
110 103 19
4
61 57 0
69 48 12
67 49 18
82 67 19
1
110 82 6
1
74 65 18
0
1
78 66 4
1
58 46 9
0
0
0
1
67 60 20
0
1
50 44 9
1
64 58 17
3
89 79 17
55 53 18
93 77 21
1
63 52 6
2
60 48 5
85 61 7
0
2
92 93 5
75 75 17
1
71 62 4
2
67 57 18
71 48 23
3
102 62 7
68 56 19
74 59 23
1
95 82 4
0
1
61 41 22
4
70 55 12
91 79 14
56 50 15
84 81 16
2
62 43 1
74 64 9
3
100 74 2
111 83 6
55 42 10
0
0
0
2
64 49 8
93 61 23
0
1
65 58 6
2
88 84 10
91 76 18
0
1
91 67 9
1
81 62 7
0
0
2
78 70 2
84 61 18
2
80 68 17
98 78 18
2
57 48 6
77 54 23
1
64 58 17
2
47 31 7
93 79 19
1
94 76 12
0
1
54 40 6
1
75 57 2
4
91 63 7
95 64 9
61 44 12
81 61 21
0
0
0
1
85 64 15
0
1
77 73 18
1
93 72 12
0
0
1
86 66 19
0
1
59 54 7
1
84 67 21
1
58 41 2
0
1
81 69 3
1
95 75 9
1
92 65 1
0
0
2
72 42 5
90 77 12
1
64 45 1
0
2
84 64 11
111 87 18
1
113 93 1
0
1
63 54 11
2
82 71 2
76 49 7
3
96 97 1
107 74 6
86 71 22
1
100 81 12
0
0
2
91 74 12
78 62 16
2
70 52 14
71 50 15
1
79 58 16
1
64 53 16
1
90 79 6
0
3
82 66 1
101 70 8
76 61 23
0
0
2
68 55 17
77 48 18
1
95 78 6
1
101 82 2
2
85 57 3
87 49 23
3
82 71 4
83 77 5
96 90 12
2
69 60 10
64 53 18
0
1
79 73 9
1
100 74 4
0
0
3
63 51 0
102 71 12
120 102 18
2
84 77 18
109 62 19
0
0
2
97 89 2
63 42 15
0
2
79 68 11
84 78 16
1
97 86 23
1
91 76 11
0
0
3
125 102 9
85 61 17
89 65 21
0
3
98 79 8
79 72 15
78 55 20
1
89 66 18
2
66 62 19
101 72 20
0
2
99 69 2
89 62 18
0
1
90 71 4
1
38 33 1
0
0
2
111 107 2
86 72 19
1
92 74 9
2
104 86 9
98 86 18
2
113 78 1
117 104 18
2
78 65 2
82 75 17
0
0
0
1
76 68 5
2
93 79 7
94 80 9
1
79 54 23
3
75 63 9
111 64 18
77 61 23
0
2
78 68 18
75 68 23
1
115 88 10
0
1
79 68 7
1
115 108 3
3
89 70 5
84 58 10
66 48 16
1
86 72 5
2
105 86 0
89 75 4
0
0
2
66 51 11
74 58 23
2
103 106 3
114 87 5
1
91 95 8
1
100 74 0
1
80 65 21
0
2
107 92 9
84 73 14
0
1
101 83 5
3
88 70 6
112 90 9
80 48 12
0
3
92 73 1
100 88 9
83 65 12
0
1
98 83 7
1
107 93 19
1
120 107 23
0
1
82 63 17
1
108 104 17
0
1
100 75 6
0
1
97 77 15
2
94 85 5
69 47 19
2
84 77 9
115 81 12
1
107 86 1
0
1
112 85 12
2
72 57 3
101 65 9
2
96 86 12
74 67 17
0
2
118 90 7
91 71 19
2
85 69 3
115 82 23
3
102 83 5
121 89 13
118 122 16
0
0
2
124 92 7
127 118 18
1
91 73 12
1
119 92 4
3
115 79 12
57 43 13
82 66 19
1
91 71 0
1
82 60 2
0
2
107 94 2
94 60 22
0
2
107 99 1
88 73 2
3
97 94 2
80 72 4
77 53 9
2
101 81 2
125 96 8
3
113 97 9
132 94 10
72 62 18
5
91 73 4
112 106 7
111 83 9
120 107 17
59 48 18
2
96 86 1
106 85 2
4
107 91 2
125 104 7
97 69 15
70 49 23
2
111 87 19
75 49 23
1
67 59 10
1
92 77 18
0
3
99 78 5
120 79 15
117 107 18
2
93 83 6
113 91 24
1
78 60 18
3
83 57 6
94 82 12
113 93 19
2
138 92 5
143 100 9
1
84 91 18
1
131 98 17
2
117 109 12
148 109 17
0
1
97 59 21
0
3
157 118 3
86 75 17
96 74 18
2
110 83 2
91 80 22
0
6
89 71 0
154 99 4
131 114 6
119 105 16
110 73 18
141 127 24
0
0
3
93 64 10
89 78 21
59 48 23
0
1
137 105 12
1
74 72 1
2
98 64 1
97 78 16
3
70 49 2
99 74 11
80 62 12
0
0
3
156 129 5
105 88 7
100 70 23
1
119 88 23
1
64 55 8
1
107 92 7
4
97 75 0
120 75 7
43 35 9
168 117 20
0
2
107 78 17
100 87 18
4
125 113 1
102 71 5
112 99 20
96 69 24
1
121 105 17
1
128 100 11
0
1
126 100 7
3
133 109 5
92 81 18
144 109 22
3
91 78 2
111 79 10
112 68 24
0
0
0
1
86 66 5
0
0
2
120 86 4
111 82 19
2
111 92 13
85 70 23
1
109 87 1
0
1
130 89 18
1
151 153 4
0
3
120 99 4
110 69 7
135 101 24
2
126 90 2
84 75 12
0
1
81 61 8
2
99 92 1
122 104 23
1
88 76 16
0
1
77 58 12
2
149 129 5
140 112 11
1
118 95 1
0
1
153 162 4
1
106 85 11
1
94 61 23
0
0
1
108 89 18
0
0
3
126 115 12
101 94 20
115 99 23
1
138 135 3
0
1
65 47 0
1
105 75 7
1
103 85 6
1
118 102 5
0
1
128 86 12
3
118 105 5
135 101 16
137 109 24
1
104 107 6
1
126 114 9
3
125 107 3
98 77 7
128 87 15
0
0
0
2
132 107 0
69 49 10
0
0
2
104 78 5
114 98 9
1
146 128 1
0
0
0
2
86 54 8
103 77 23
1
117 109 4
2
104 98 5
99 98 18
0
0
2
116 74 5
96 74 14
1
121 99 18
1
105 88 9
0
2
109 94 9
94 92 17
2
121 89 6
95 76 19
5
100 82 1
82 66 4
117 108 8
77 66 9
119 109 12
0
2
102 81 6
83 67 18
0
1
136 117 12
0
3
142 120 5
97 74 7
140 100 18
2
134 99 1
188 137 23
1
109 63 1
3
144 104 5
106 66 7
132 101 12
0
3
104 73 9
128 99 12
99 97 23
2
109 88 3
106 100 4
1
102 86 10
1
105 84 23
2
134 111 2
142 114 7
1
121 100 18
0
2
126 104 1
127 117 18
0
4
170 145 8
128 90 10
87 75 12
149 148 15
2
133 125 1
83 66 18
1
77 58 7
1
136 99 18
1
104 76 9
1
105 61 1
1
135 104 7
2
143 113 18
122 111 21
2
111 81 2
126 121 9
1
97 75 6
1
79 66 8
0
2
105 95 1
125 93 12
2
64 53 15
102 66 16
0
1
102 71 9
1
86 69 9
1
117 83 23
1
137 103 17
0
1
135 123 17
0
0
1
129 112 0
1
102 95 12
0
0
1
132 70 14
3
95 82 6
121 115 10
148 103 17
0
1
166 117 12
1
130 82 13
1
137 108 10
1
162 122 7
2
105 87 13
143 117 17
0
2
107 82 7
151 129 16
0
0
1
123 86 16
1
170 140 15
0
0
2
124 83 8
134 95 12
0
0
0
3
106 73 7
94 65 9
192 146 18
1
90 69 6
3
183 130 2
169 132 6
127 112 18
1
119 112 24
0
0
0
2
122 87 12
57 45 18
1
88 69 16
0
0
3
144 134 7
99 80 8
106 64 15
0
0
0
0
0
1
135 111 5
2
162 147 10
148 102 17
0
0
1
115 94 5
2
162 106 4
120 97 6
1
125 103 9
0
0
3
130 81 0
101 73 2
125 83 12
2
157 145 9
195 131 17
0
1
158 141 1
3
165 125 0
77 69 10
119 109 16
1
96 89 19
2
134 96 1
106 102 2
1
107 73 7
4
148 128 7
178 157 10
67 65 11
113 76 24
2
104 98 3
181 158 17
2
104 77 0
175 110 13
0
1
153 124 7
1
137 110 6
1
137 108 10
0
0
1
154 119 7
1
117 103 6
2
145 107 6
108 91 15
1
121 96 3
1
143 121 12
2
128 96 2
150 102 5
1
111 81 10
0
1
173 122 16
3
134 104 0
139 126 9
57 39 21
0
1
153 126 8
1
143 121 18
0
1
113 99 19
1
158 117 10
1
130 94 4
3
139 119 0
120 99 10
81 78 24
0
0
0
1
208 167 7
2
138 97 1
121 82 16
0
2
172 157 2
154 122 5
1
116 111 13
0
0
0
1
113 108 4
0
0
0
3
174 165 12
119 88 13
147 119 24
0
0
2
146 100 12
115 105 15
0
2
172 146 18
155 123 23
2
114 89 6
117 98 12
0
2
131 90 1
159 144 12
1
193 160 10
0
1
181 136 12
0
1
115 105 20
0
2
127 81 1
129 102 24
1
150 138 7
1
161 133 5
0
0
1
145 123 12
2
119 89 9
147 108 15
1
114 93 22
2
186 150 4
113 70 5
1
116 84 16
2
104 83 9
180 174 15
0
0
1
123 104 13
0
0
1
100 76 18
3
137 99 2
115 101 17
155 133 18
1
124 107 23
1
173 145 17
2
191 165 9
148 121 19
1
166 153 17
0
0
0
0
2
102 72 16
137 115 17
2
171 130 2
158 106 24
1
79 64 8
1
110 90 18
2
106 85 15
101 80 19
2
147 125 7
165 129 18
1
126 116 23
0
0
1
73 58 24
1
203 152 11
3
225 180 5
181 153 7
85 77 22
1
174 127 1
0
1
122 108 9
1
116 95 12
1
142 98 12
1
192 155 11
2
147 104 18
182 177 23
1
166 121 2
0
1
152 107 5
0
2
98 80 18
206 189 21
2
128 103 21
129 103 23
2
189 181 5
121 90 9
0
0
0
4
167 85 1
159 139 9
135 108 11
145 120 20
1
138 104 12
0
0
1
124 94 16
0
1
136 103 5
0
0
1
157 108 6
2
166 122 1
129 93 17
2
113 82 6
149 108 20
3
102 77 5
113 85 12
158 108 23
2
172 168 17
178 158 23
3
139 112 1
153 114 3
68 51 9
4
163 121 4
129 106 9
119 96 11
133 87 18
2
127 107 2
119 81 5
0
0
1
178 179 23
0
0
1
102 88 11
0
0
0
0
3
146 107 0
168 143 7
175 134 23
0
2
147 145 16
137 129 18
0
1
167 131 3
1
132 110 5
2
150 114 18
171 141 23
2
176 122 2
156 108 5
0
0
1
215 166 21
0
0
2
98 81 9
103 100 22
0
0
0
2
163 113 6
216 170 21
1
100 78 22
2
178 162 1
210 176 21
0
