7 8 3 4 8 7 2 3 2 7 2 6 6 1 7 2 6 6 3 7 6 3 2 3 2
3
4 3 0
6 7 19
6 5 23
1
6 5 9
1
7 6 0
0
0
0
1
5 3 18
1
8 7 17
1
7 6 17
0
2
7 4 0
11 9 11
0
2
9 7 5
10 8 16
0
0
0
0
1
7 5 20
2
8 7 0
9 7 16
2
12 8 0
10 9 11
0
2
13 10 4
11 8 16
1
9 5 9
2
6 5 3
11 11 19
1
10 8 4
0
1
9 9 7
0
0
2
11 9 0
15 11 13
3
8 6 6
11 8 12
16 11 15
1
8 6 9
1
11 8 12
1
13 13 5
1
12 8 1
1
15 12 9
1
18 11 9
0
2
16 16 14
12 9 17
0
2
11 8 1
13 11 22
1
15 11 4
2
18 13 14
13 10 18
1
11 10 16
1
14 12 5
0
0
0
2
13 11 9
12 10 19
0
1
12 10 19
2
13 12 16
15 12 24
3
21 18 5
15 9 11
13 11 17
2
14 11 0
15 15 1
2
16 13 11
15 12 12
0
1
14 12 4
0
1
15 12 12
1
18 19 4
0
0
2
13 10 8
19 15 11
0
2
17 15 4
15 13 19
0
1
21 18 17
2
20 17 8
14 11 20
3
21 15 1
13 10 11
20 13 22
0
0
1
20 14 4
2
10 8 16
13 9 19
0
1
16 11 4
0
3
23 20 0
21 17 16
24 15 18
1
20 19 20
2
22 23 10
10 8 16
2
22 20 0
26 25 17
1
26 25 9
1
24 19 19
1
23 14 2
0
2
12 10 8
21 16 17
1
19 16 22
0
1
29 26 1
1
26 16 14
0
3
12 8 2
20 18 7
28 25 12
1
24 21 16
0
1
17 12 11
1
18 15 9
1
17 14 20
3
20 14 1
21 20 10
13 13 11
2
21 22 8
14 11 9
1
26 23 4
0
3
23 17 8
27 20 11
26 20 18
1
18 15 14
2
25 18 7
30 24 10
2
22 18 5
32 28 14
1
12 9 12
1
26 22 9
1
21 17 17
2
26 20 0
22 17 23
2
33 21 3
26 22 4
3
26 22 16
25 19 21
20 16 24
3
25 20 5
27 16 9
23 22 20
2
20 14 8
13 11 16
0
2
26 23 17
22 16 20
2
28 19 11
23 19 23
2
24 24 17
17 17 19
1
22 15 9
0
1
13 12 14
3
27 25 3
25 19 6
18 11 12
3
28 21 2
27 21 4
26 16 12
1
22 19 8
1
27 24 0
0
2
30 30 4
32 20 5
3
26 21 12
29 25 16
27 18 18
1
32 30 2
0
1
19 17 4
3
32 27 10
13 10 12
30 23 19
0
2
25 26 5
26 19 17
2
17 14 0
28 24 20
0
0
3
21 18 19
27 24 20
34 24 21
0
1
17 14 20
0
1
27 23 1
0
0
1
29 24 9
1
28 21 18
0
1
34 27 0
0
1
23 20 1
1
30 24 2
3
42 29 0
26 21 4
20 13 11
0
0
0
0
2
24 20 20
21 17 24
0
0
1
22 15 14
2
27 24 0
36 33 22
0
2
34 28 4
25 16 16
1
30 19 19
1
31 20 18
2
25 18 0
32 26 17
1
36 33 4
0
3
37 40 15
28 19 17
38 29 18
1
24 21 20
3
41 32 2
32 22 11
27 26 20
0
2
28 21 7
36 31 24
0
0
1
32 25 4
0
0
2
41 35 3
36 28 12
0
3
28 22 5
41 31 16
36 20 23
1
24 22 16
0
0
0
1
46 32 18
0
1
42 32 4
0
0
0
0
0
1
39 33 11
0
2
36 23 2
38 33 7
1
36 28 20
2
39 36 11
36 22 20
3
34 25 4
25 18 12
55 43 17
0
0
0
0
2
30 23 0
35 33 11
0
1
52 37 5
1
45 31 1
1
28 19 9
0
1
35 24 12
1
45 37 19
1
38 30 6
0
0
0
0
0
1
41 35 19
0
1
51 36 17
2
47 41 1
39 25 17
1
44 31 14
0
1
45 35 16
0
2
44 40 0
44 34 2
1
50 31 20
1
37 32 5
2
38 31 0
44 43 19
2
40 32 2
55 38 4
2
36 28 4
43 32 12
1
41 34 4
1
23 15 17
1
50 41 14
0
3
28 18 11
49 36 14
38 34 19
2
33 24 2
32 29 19
1
37 30 11
2
45 37 0
27 19 1
1
35 28 18
1
55 56 18
0
2
43 35 4
49 35 8
3
42 35 1
49 35 2
34 26 14
0
0
0
3
30 23 5
48 36 10
42 42 17
0
1
42 26 4
1
53 33 11
2
52 52 1
38 31 2
3
53 44 11
57 58 19
41 30 22
4
40 33 2
39 29 4
59 45 16
44 36 21
1
40 33 2
1
43 35 0
2
32 31 8
44 37 15
1
34 26 1
1
49 40 1
0
2
35 24 6
49 34 17
3
44 37 0
32 30 4
42 29 14
0
1
45 42 19
1
47 34 6
2
42 30 4
29 21 14
0
0
2
53 48 20
56 50 21
1
43 36 1
0
1
45 37 12
0
1
49 45 7
3
58 52 1
43 33 18
52 34 23
2
52 42 16
45 31 21
1
37 37 12
1
57 49 22
3
53 47 2
48 45 9
59 48 22
1
41 32 11
1
36 23 1
0
2
47 38 0
49 35 21
0
0
1
41 36 3
1
59 47 11
0
2
57 51 1
43 38 12
0
0
0
0
1
65 53 19
2
37 30 0
62 54 20
1
51 45 7
4
47 34 4
59 46 14
57 41 20
53 52 24
3
50 35 8
33 27 12
45 41 14
1
56 52 17
2
44 41 4
56 47 8
0
2
52 39 3
50 46 19
1
58 44 8
1
46 39 9
2
77 41 12
82 66 22
1
68 56 14
1
37 30 20
4
49 41 0
46 25 5
50 44 12
64 56 15
1
63 50 4
1
56 46 19
1
67 55 9
1
44 27 24
1
37 34 3
1
55 40 16
1
55 47 12
0
3
60 54 8
46 34 9
41 29 19
0
0
1
48 45 22
1
45 34 0
1
52 43 3
0
2
58 51 0
62 53 9
3
62 42 7
70 43 9
76 60 21
0
0
2
68 53 3
40 34 11
0
0
1
65 43 12
2
46 35 1
62 50 19
2
39 34 15
69 64 16
3
65 47 3
70 53 5
65 55 12
0
0
0
1
72 56 13
1
56 33 21
2
47 30 5
65 54 14
1
50 47 0
1
58 47 3
2
52 37 1
79 62 11
1
49 37 20
2
71 73 19
53 40 21
1
69 58 12
0
1
66 44 9
1
79 71 4
0
0
1
58 40 7
0
2
39 29 9
43 34 20
2
75 51 12
56 45 19
1
56 43 19
0
4
66 54 5
65 43 14
68 39 20
56 42 24
4
59 36 1
69 53 5
63 53 12
54 46 19
1
60 37 5
0
4
47 40 5
73 51 7
44 42 9
46 39 17
0
0
0
2
82 72 11
66 46 18
0
1
68 53 20
3
71 63 11
60 43 14
55 46 22
1
63 57 1
1
74 60 14
1
54 52 17
1
55 44 24
1
72 53 9
1
57 59 6
3
83 64 1
63 54 4
60 44 11
0
0
0
1
70 60 5
0
1
76 62 20
1
61 56 19
4
51 33 11
54 45 15
50 34 16
68 56 19
2
80 60 15
74 67 19
3
60 45 8
88 72 9
35 28 12
1
91 62 14
1
66 54 14
0
2
64 58 14
51 35 24
0
2
56 41 5
78 60 17
1
81 55 6
1
56 41 7
3
73 68 10
53 41 19
59 53 23
2
79 65 10
70 52 20
1
45 38 21
1
73 52 9
2
76 69 19
67 54 20
0
0
1
89 57 24
1
46 29 11
0
1
38 29 3
3
82 78 0
83 41 11
61 51 23
2
84 69 4
71 56 9
1
58 52 8
3
65 47 4
76 54 5
49 40 23
2
58 47 1
39 35 16
0
1
79 65 4
0
2
63 47 0
87 81 3
1
62 52 14
2
64 56 4
81 51 5
0
2
57 33 6
52 41 19
1
62 47 11
0
0
1
75 64 22
1
102 98 3
1
79 59 2
2
103 73 0
54 43 19
1
67 58 20
1
71 50 9
1
62 47 5
0
2
80 78 17
35 31 18
2
89 70 4
90 78 17
3
60 43 16
89 75 18
92 78 19
0
1
69 55 8
1
68 61 18
0
2
53 31 1
55 48 22
1
84 78 24
3
60 40 1
53 48 17
56 30 20
1
78 65 6
0
1
80 69 20
0
0
2
53 42 11
76 64 16
2
85 64 5
76 50 7
1
90 84 17
1
64 47 9
1
93 81 9
3
85 64 11
81 75 12
91 64 21
0
1
92 74 22
4
42 31 1
45 45 10
79 55 19
69 59 23
1
88 73 20
1
82 63 14
1
68 55 19
2
79 57 1
80 64 8
2
52 38 9
96 79 16
1
65 52 12
1
70 54 2
0
0
1
76 62 20
2
68 50 12
64 47 14
1
55 43 11
2
91 80 9
53 37 14
2
95 80 9
86 82 17
0
1
56 48 10
3
57 51 1
92 87 4
58 45 24
1
55 51 8
1
70 59 10
1
76 57 19
2
110 94 7
99 78 14
1
70 58 3
0
0
1
87 69 22
0
0
1
87 72 0
1
62 59 14
1
88 80 23
1
82 64 13
0
0
2
70 46 3
91 69 4
0
1
81 55 13
0
0
0
3
69 63 2
51 38 4
71 46 19
4
57 55 2
74 48 9
61 45 13
67 58 16
2
91 95 9
101 84 15
1
61 47 16
3
72 57 17
86 75 19
62 46 22
1
85 71 20
1
101 84 24
3
83 84 2
95 81 4
91 76 9
0
2
74 63 4
111 93 5
1
71 62 4
3
87 69 1
87 71 12
92 75 17
0
2
76 49 1
120 76 14
1
70 55 4
1
101 68 0
1
102 80 4
2
72 52 5
102 99 11
3
57 40 5
86 73 11
62 43 16
2
70 51 9
77 51 15
3
86 74 0
91 78 14
63 44 19
0
5
77 70 0
79 75 9
69 61 12
85 68 13
90 86 16
3
78 64 1
63 50 4
97 78 23
1
84 64 6
3
88 66 0
116 117 9
94 86 11
3
126 109 15
70 60 17
57 52 20
0
1
67 54 3
1
77 64 1
1
107 82 5
0
0
0
0
1
83 75 14
4
99 93 0
97 70 11
114 104 15
58 51 19
0
2
68 46 0
99 80 4
2
88 60 15
54 48 18
2
96 83 0
82 56 4
0
0
0
0
2
106 68 4
108 99 6
2
53 51 1
60 54 10
0
1
65 45 11
1
121 92 5
0
0
2
93 76 16
85 68 23
0
1
117 108 11
0
1
103 83 14
0
0
2
82 52 1
83 65 21
1
103 71 17
1
76 65 23
0
1
62 54 14
1
78 67 0
1
52 41 5
1
90 71 18
1
87 66 20
1
94 77 1
2
82 54 2
96 67 14
1
95 78 20
1
98 70 0
0
3
112 101 4
87 72 15
117 102 21
2
97 70 5
90 79 6
2
88 63 4
79 55 14
1
79 66 16
3
136 93 1
85 54 5
108 86 12
0
0
2
140 125 16
82 68 18
2
68 41 4
88 71 7
1
105 79 0
0
0
1
74 50 19
3
109 56 4
94 80 6
90 58 24
1
104 72 8
2
106 77 1
74 65 9
1
109 55 1
0
3
71 57 3
116 82 5
98 59 19
2
109 88 1
93 75 11
1
102 90 4
0
1
80 69 11
0
2
107 71 1
82 59 12
3
121 102 8
102 89 19
60 52 20
0
1
85 58 1
3
56 51 4
107 103 19
89 73 23
1
101 74 17
2
113 98 14
101 104 19
1
54 37 0
3
82 59 1
86 69 9
117 78 20
2
134 87 3
115 96 19
1
122 109 16
1
103 74 9
1
63 48 12
1
86 83 11
1
94 75 18
0
1
93 80 3
0
1
61 41 1
1
100 96 11
2
150 138 11
78 59 21
0
1
100 82 16
1
86 74 14
2
65 51 4
92 64 17
0
1
132 110 24
0
2
79 46 16
110 95 19
0
0
0
1
89 56 12
3
119 90 12
133 100 18
77 63 19
0
1
108 110 5
4
127 99 0
117 96 2
112 96 16
87 78 21
2
84 73 4
57 41 19
1
107 90 11
1
74 55 14
1
82 62 9
0
2
97 89 9
109 81 17
4
91 77 3
119 102 9
96 51 14
127 99 23
0
3
58 48 8
103 82 9
92 82 12
1
100 92 5
0
0
1
78 67 12
2
88 68 11
114 84 17
1
130 104 0
1
89 58 11
1
111 106 11
0
0
2
61 49 3
103 85 5
0
3
87 65 4
134 111 7
104 84 11
2
120 97 6
112 78 14
1
118 99 3
0
0
1
83 66 14
3
65 42 11
89 72 12
85 65 24
2
90 77 5
137 98 8
0
0
0
0
1
105 86 16
1
129 97 17
1
93 77 11
2
134 124 4
95 75 11
1
142 121 17
1
111 96 20
2
114 112 9
95 89 23
3
82 50 11
110 83 12
134 109 14
2
113 93 4
98 74 16
0
2
134 135 3
124 85 13
2
96 85 3
127 111 11
2
150 114 5
131 109 12
1
148 132 1
1
97 91 16
2
97 101 17
120 101 20
0
2
100 87 3
108 97 20
3
124 114 0
122 72 7
90 70 12
2
144 115 5
84 74 14
2
123 77 1
133 118 4
1
137 132 4
2
91 88 1
97 65 5
2
92 77 11
131 76 19
2
99 78 11
140 111 12
1
67 52 19
0
2
81 64 0
114 64 5
2
152 129 16
121 130 22
1
114 105 16
1
80 80 1
0
1
141 74 0
3
131 111 5
149 127 10
133 123 17
3
79 63 11
107 111 14
109 94 20
3
103 84 11
83 60 14
119 95 18
1
142 118 7
2
91 84 6
102 96 14
3
65 55 4
93 74 18
124 93 20
0
1
94 90 8
1
95 66 23
1
121 101 1
1
92 75 8
0
0
0
0
1
101 82 10
1
136 110 12
1
79 80 19
1
76 71 0
0
1
105 78 11
2
54 50 4
136 71 22
1
106 89 4
0
0
2
109 90 1
173 134 4
1
129 114 12
0
1
127 104 9
1
102 64 7
0
1
127 110 12
2
130 108 12
131 96 19
2
110 89 4
91 68 17
2
121 92 3
143 106 16
1
83 71 9
2
104 73 5
118 98 9
2
118 87 7
69 61 12
2
90 66 7
129 87 16
3
129 97 1
166 147 17
151 111 24
0
0
0
1
128 103 12
2
94 68 9
123 95 10
2
136 104 0
128 111 4
2
86 63 4
126 103 19
0
1
100 91 16
0
1
87 70 1
1
87 57 22
1
112 79 17
0
1
142 101 22
2
90 54 1
110 92 5
1
129 110 16
1
126 92 21
0
1
110 97 21
0
0
1
129 98 1
1
99 64 4
1
136 118 11
1
144 103 9
1
100 95 1
0
0
0
2
148 123 0
142 82 1
3
81 67 0
148 129 3
146 85 19
1
130 127 9
2
163 127 9
106 97 12
2
130 110 4
173 125 7
2
112 107 14
112 75 20
2
90 77 3
89 86 11
2
103 88 6
142 122 12
3
144 104 7
119 90 9
167 156 11
3
148 137 5
90 72 19
131 119 20
1
159 112 5
0
2
145 104 14
141 134 23
3
126 104 3
86 67 18
115 92 22
3
100 97 0
147 116 4
112 92 12
2
149 142 1
70 51 13
0
0
1
94 83 11
2
90 82 9
112 94 15
3
102 94 9
134 116 10
154 142 12
2
132 110 2
108 90 12
3
148 121 5
112 95 11
153 107 20
1
158 137 11
1
121 61 10
3
106 67 4
127 118 6
118 92 18
0
2
96 67 0
120 113 20
4
112 69 0
117 80 1
133 114 16
108 84 18
0
2
109 93 3
61 54 22
2
124 106 0
100 71 5
1
98 76 20
2
146 131 4
92 72 18
4
96 50 0
167 113 14
160 146 16
120 89 24
1
95 67 9
0
0
0
1
142 116 4
0
1
120 92 17
0
0
1
113 87 11
2
152 157 9
130 114 14
2
128 99 11
128 98 18
0
1
135 117 14
0
2
117 101 5
77 40 11
1
105 74 1
3
131 95 8
131 94 9
174 130 20
1
130 104 12
1
161 125 11
2
139 95 14
136 98 19
0
1
123 94 7
3
92 69 1
114 77 2
135 105 22
1
149 120 24
0
1
107 84 4
0
1
167 134 20
0
4
107 88 4
96 83 7
108 92 11
120 90 12
1
210 190 24
2
99 73 4
119 99 14
1
125 84 23
3
186 175 2
161 105 10
129 125 14
3
101 82 5
140 132 14
141 130 19
1
114 94 3
1
120 106 4
1
131 118 14
3
142 110 0
166 109 2
155 155 6
1
168 160 20
2
131 129 5
119 101 19
0
1
140 109 12
0
2
165 143 5
174 114 19
5
147 122 0
103 91 8
151 130 9
157 130 11
130 120 20
1
133 108 23
4
123 87 5
150 118 14
66 48 19
81 47 24
2
149 120 16
134 113 21
2
152 95 5
133 132 21
4
126 111 1
102 76 7
130 84 14
102 83 21
2
145 120 3
133 105 14
1
139 138 17
2
99 75 1
133 102 17
2
118 85 3
132 102 18
0
2
140 131 1
122 108 2
1
157 132 16
1
129 95 11
1
87 59 14
0
0
1
108 94 14
3
139 132 5
190 144 14
144 93 17
1
120 97 7
2
147 102 4
130 108 16
2
125 98 0
129 118 11
0
0
3
117 89 17
205 154 19
108 101 24
1
132 110 19
2
157 131 0
170 153 21
1
96 83 9
1
132 82 9
0
0
0
0
0
2
131 111 11
130 101 21
2
215 191 0
132 109 9
1
134 94 1
1
116 97 6
0
2
133 108 0
73 59 17
1
137 113 0
0
2
126 116 19
133 121 22
3
144 115 3
130 85 8
122 82 10
3
115 79 2
119 110 9
122 76 10
1
174 128 9
1
130 78 4
0
2
193 189 5
157 111 7
4
178 145 10
191 112 14
147 137 19
162 147 23
1
154 119 4
1
101 77 2
0
0
0
0
2
121 113 9
150 120 16
2
187 147 11
179 160 15
3
120 100 1
187 145 5
99 75 21
2
120 88 20
136 95 23
3
161 121 4
125 99 5
179 98 6
1
132 95 4
2
118 95 11
155 118 22
2
141 121 14
128 108 24
0
0
0
1
127 102 11
0
1
96 73 20
2
152 106 16
200 146 18
2
161 124 5
173 139 9
1
143 102 11
1
144 101 16
3
154 140 2
93 82 16
138 82 17
0
0
1
116 80 18
0
2
121 79 0
164 131 15
2
160 143 2
141 104 19
2
120 109 15
162 105 16
2
95 92 4
73 66 10
0
0
0
1
131 105 1
1
122 76 19
2
141 115 0
146 116 21
1
180 156 19
0
2
191 168 11
183 144 12
1
122 101 3
1
101 85 12
1
123 82 1
1
126 88 14
0
0
2
195 168 9
154 101 21
2
134 104 4
124 108 18
3
134 115 4
108 93 17
143 119 19
0
0
3
162 136 5
158 144 12
173 106 19
0
1
100 87 17
2
119 84 14
183 174 15
3
104 95 1
144 123 5
177 156 20
1
202 150 5
1
98 79 18
2
105 88 0
141 138 19
1
188 158 5
1
102 60 5
1
172 166 13
0
1
158 137 11
0
1
143 100 5
3
191 177 0
185 181 5
142 119 16
1
181 127 3
2
169 114 9
158 128 19
0
1
131 97 19
0
1
148 105 1
1
159 124 4
2
132 95 0
104 75 3
0
1
179 132 1
3
101 92 1
134 116 17
148 124 19
0
1
166 173 0
1
156 119 19
0
0
0
0
1
211 191 5
2
160 113 2
160 142 19
3
135 101 5
142 123 12
185 136 21
2
255 214 0
179 152 13
1
123 128 5
1
120 120 10
2
211 180 1
159 139 18
1
120 91 18
0
1
187 147 16
1
161 106 21
1
195 128 0
2
210 167 11
146 121 22
3
161 122 9
151 147 12
149 103 20
1
96 72 3
0
1
84 62 12
1
166 108 14
1
147 90 6
1
174 139 17
0
1
170 135 6
