7 6 7 2 8 1 5 3 3 4 1 5 6 6 7 8 7 4 1 1 6 2 4 1 2
1
7 5 14
0
0
1
6 4 16
1
7 6 2
2
4 3 15
8 5 17
0
0
1
8 7 15
1
9 6 20
0
0
1
12 9 2
1
10 9 1
0
0
0
0
0
1
8 6 3
1
13 11 6
1
9 6 20
1
13 11 4
0
0
3
14 11 0
15 11 9
11 8 15
2
12 10 6
14 10 9
0
0
0
1
9 8 5
0
0
1
15 13 6
2
11 11 9
14 10 13
2
9 7 4
13 12 13
2
14 8 3
13 11 11
2
14 11 1
9 9 9
0
1
16 13 18
2
17 11 8
13 9 13
3
14 10 6
10 7 14
12 10 20
1
11 9 0
1
16 16 14
2
17 14 12
13 12 22
0
0
1
13 10 16
1
14 12 6
1
16 13 14
2
14 10 1
13 9 2
1
10 10 2
0
0
2
13 12 12
18 13 15
1
15 12 19
1
15 11 4
0
1
15 12 11
2
22 21 9
13 11 15
1
18 12 21
1
17 13 9
1
15 11 12
0
0
1
8 7 16
2
19 12 0
17 15 9
1
21 19 6
2
13 12 0
15 15 2
1
20 15 8
0
1
19 21 8
0
0
0
0
1
26 21 11
1
20 17 4
1
26 19 1
2
23 24 1
21 16 12
1
22 20 18
2
30 23 2
23 17 12
0
1
15 11 1
1
12 11 15
0
2
23 23 7
14 13 15
0
2
23 18 7
17 14 19
3
20 17 2
25 23 12
22 21 16
0
1
19 20 24
2
20 18 4
26 26 15
2
18 15 7
24 18 15
2
9 7 12
23 13 14
0
2
19 14 0
17 14 14
3
25 16 6
15 13 11
13 13 20
1
22 16 1
2
17 14 0
23 20 15
0
4
18 11 7
21 17 16
18 13 18
31 21 22
0
1
29 24 16
1
24 20 20
1
30 25 0
2
23 17 11
21 16 21
0
0
0
0
2
15 11 6
29 24 20
1
18 14 11
0
0
0
2
31 20 6
23 18 13
4
29 23 4
22 19 13
21 16 17
22 19 20
3
27 24 2
16 13 4
22 12 24
0
1
25 16 24
1
27 21 1
0
1
24 19 0
1
18 15 15
0
1
30 20 0
1
32 24 2
2
30 23 1
22 19 14
1
31 27 14
2
28 23 2
27 21 7
1
25 25 14
0
2
30 25 4
18 12 20
1
25 20 1
1
28 23 13
3
23 19 4
19 13 9
28 21 18
0
0
0
3
20 13 0
29 26 17
29 24 22
0
1
33 19 20
1
26 20 16
1
27 17 3
1
29 20 6
0
0
1
31 29 7
0
1
27 22 12
0
2
29 20 6
34 29 24
0
0
1
31 26 6
2
23 16 2
29 31 24
1
26 18 24
0
0
1
28 24 6
1
31 28 12
2
41 32 9
40 33 14
3
24 16 0
30 24 12
17 13 15
0
1
45 33 3
3
42 35 1
37 34 20
25 19 24
3
19 14 0
39 27 19
41 31 24
0
1
31 24 11
1
31 22 0
1
37 30 0
0
2
22 16 8
44 32 15
2
29 20 9
32 28 15
2
47 37 13
43 31 24
3
38 35 4
43 34 13
35 27 15
2
30 26 1
32 20 14
0
1
33 19 13
3
34 27 12
38 25 15
36 26 17
1
31 28 0
0
1
40 31 18
2
31 29 4
22 17 16
1
33 29 4
0
2
23 21 4
46 43 12
0
0
0
2
35 32 17
43 39 21
3
34 34 11
53 45 13
32 25 22
0
2
38 32 17
43 27 24
0
0
4
36 24 1
43 31 2
41 34 3
38 32 8
0
1
35 24 20
1
41 34 20
2
49 36 1
39 28 15
3
39 32 1
38 28 13
26 23 14
0
1
30 26 11
1
44 44 16
3
34 27 12
42 34 16
26 22 19
0
0
2
37 31 9
46 29 16
1
30 19 15
0
1
44 35 6
1
45 36 16
1
46 31 4
2
38 34 11
36 29 24
1
28 21 12
2
53 44 0
46 35 5
1
28 21 12
2
50 39 1
34 22 17
3
37 35 1
42 33 15
37 25 21
2
42 35 2
53 45 12
1
42 38 1
0
0
0
1
41 40 12
0
1
35 36 20
2
40 28 0
38 26 17
1
45 47 2
1
30 25 22
2
47 46 14
52 45 15
0
1
35 33 20
1
42 29 6
1
28 19 12
0
2
37 26 2
47 33 13
1
41 35 11
0
0
1
29 23 0
0
2
46 33 6
47 38 13
2
58 43 21
54 50 22
5
26 22 8
35 27 12
47 42 14
52 51 15
53 39 24
1
51 45 0
0
0
0
2
35 28 4
63 47 9
1
50 43 20
1
42 30 1
0
3
49 41 0
48 50 8
46 48 16
0
1
51 43 8
0
3
41 45 4
35 26 8
32 22 15
0
0
0
0
1
62 54 1
1
58 41 10
1
44 31 11
3
51 34 0
40 35 1
48 40 15
3
43 39 5
36 33 15
39 23 22
2
37 23 2
49 45 15
1
44 37 14
2
43 41 14
54 38 15
1
60 49 9
0
0
1
62 51 12
2
45 34 2
49 38 20
0
2
54 37 8
49 36 12
1
50 31 12
0
1
46 34 11
3
55 49 0
38 25 12
44 32 13
3
70 61 9
54 42 14
42 37 15
2
31 27 0
43 31 9
1
71 59 0
2
56 46 3
42 29 8
2
37 25 11
45 42 16
3
46 37 6
49 48 15
59 45 17
0
1
67 57 24
2
41 33 9
55 49 12
1
30 20 18
1
46 40 0
1
60 47 12
1
49 42 16
2
49 38 8
61 53 15
2
48 38 4
59 47 11
2
45 33 1
62 45 22
2
29 20 5
53 42 7
1
33 26 4
1
54 44 0
2
67 60 14
54 46 21
3
58 39 9
59 52 17
64 51 20
0
1
53 41 15
2
42 36 14
50 41 22
0
2
68 70 2
53 38 15
0
2
42 35 0
50 40 1
0
1
57 34 0
1
58 47 11
3
53 38 3
60 47 9
52 35 15
1
56 47 3
1
64 56 2
2
54 43 4
43 32 9
1
61 55 8
1
70 44 8
1
70 59 6
0
1
59 44 0
1
61 48 9
0
1
64 57 4
1
51 49 16
0
1
67 49 1
0
1
48 38 11
2
56 41 4
71 61 6
0
1
50 36 17
1
72 61 1
2
80 77 20
58 54 22
2
56 37 6
66 43 12
0
0
0
1
56 42 17
0
1
52 47 24
1
51 43 18
1
78 76 0
1
72 70 14
3
35 32 9
67 57 16
65 39 24
2
43 28 0
72 55 8
0
3
47 37 6
36 34 17
68 58 20
1
78 64 2
1
59 54 20
2
71 61 6
70 48 17
2
56 49 12
60 45 15
0
1
62 50 11
0
0
2
53 44 14
98 82 20
0
1
72 47 3
1
44 33 21
2
65 47 4
58 43 12
1
52 36 12
1
58 48 4
0
1
69 65 3
5
68 37 0
64 36 6
74 65 10
68 47 11
50 35 20
2
57 44 6
56 56 15
0
1
68 41 20
0
3
68 51 4
68 53 8
53 42 12
2
46 42 2
60 40 15
0
0
2
60 43 4
57 51 20
2
51 42 12
77 64 13
0
0
0
1
71 55 24
0
4
98 69 2
70 52 11
98 77 13
52 44 18
1
53 44 17
2
69 62 8
46 46 22
0
0
0
1
64 57 0
3
65 46 4
81 70 14
73 72 15
3
68 52 4
78 70 12
75 63 14
1
74 62 19
0
0
1
79 71 20
4
72 62 0
84 78 4
62 56 7
69 54 8
3
49 33 0
66 49 2
48 30 6
0
0
1
78 60 20
1
60 54 8
2
87 57 20
85 79 22
4
53 44 0
59 50 4
75 44 16
57 47 21
1
51 40 4
1
54 46 12
2
56 41 6
76 47 14
2
95 73 9
68 42 16
2
80 60 8
45 40 13
1
51 45 20
2
62 49 1
61 43 4
1
42 30 13
2
87 60 0
50 50 6
0
0
0
0
1
71 58 12
0
0
1
79 60 16
0
0
1
63 54 2
0
0
3
67 64 12
88 84 16
85 71 22
1
79 79 4
0
0
1
69 67 22
2
87 66 9
58 49 16
2
87 67 15
73 59 16
2
63 58 9
61 45 15
3
64 48 8
108 81 11
98 58 20
1
68 61 15
1
56 49 15
2
62 42 1
62 44 16
2
73 77 4
71 67 15
0
0
1
53 40 7
0
1
61 43 20
2
62 48 14
78 56 24
0
1
52 44 9
0
0
2
115 80 13
70 63 20
2
84 65 5
75 68 14
2
54 39 14
60 43 20
0
1
68 40 24
1
87 87 3
1
66 42 14
0
2
68 46 0
75 45 9
2
61 51 1
63 51 16
0
1
73 69 4
1
80 51 0
2
83 68 20
70 39 21
1
85 63 14
2
76 54 12
60 45 20
1
99 101 17
2
86 72 4
97 65 20
1
69 54 13
1
103 86 4
0
2
89 70 1
70 65 16
1
83 56 5
1
106 56 17
1
86 73 3
1
86 67 21
1
72 60 12
4
99 75 2
70 53 6
86 66 15
60 56 20
2
80 71 5
104 86 16
0
0
1
110 82 15
0
3
59 41 6
94 63 12
84 78 20
1
70 57 16
0
0
0
0
0
1
81 72 14
1
43 37 1
2
90 78 15
77 78 16
2
65 57 11
41 31 14
1
90 74 4
1
77 48 2
0
1
87 74 23
1
66 57 13
1
85 70 20
0
1
92 66 13
3
50 36 14
68 59 16
70 59 22
1
96 87 13
0
1
67 61 4
0
0
0
1
95 55 19
1
89 58 0
1
86 57 6
3
86 77 11
85 70 13
93 67 17
3
67 48 7
80 68 15
66 51 24
2
98 77 0
93 79 17
1
82 58 6
0
1
95 88 0
0
0
0
1
86 36 17
3
72 62 1
84 55 6
72 55 20
0
2
78 58 13
74 59 22
1
73 55 9
2
65 40 0
87 75 8
1
73 56 22
0
1
77 71 18
0
0
0
0
1
86 69 15
1
94 84 1
1
69 50 23
0
0
0
0
0
0
0
0
3
113 113 3
99 86 6
71 54 13
1
63 60 7
1
105 88 18
0
1
115 85 0
0
1
114 105 6
0
0
1
75 58 12
1
94 74 11
0
1
99 96 21
1
67 60 15
2
62 56 12
107 95 22
2
106 84 2
90 64 9
0
0
1
125 116 1
2
73 41 2
79 70 9
1
81 56 4
0
1
101 74 22
0
1
95 87 17
3
89 62 15
97 85 18
74 55 22
1
85 51 9
1
113 96 20
1
108 81 11
1
41 32 22
1
86 63 6
2
97 83 12
137 95 22
2
88 58 12
136 128 16
1
140 127 11
3
92 71 13
123 103 16
94 76 17
1
97 71 13
1
77 60 6
0
1
92 66 17
2
77 54 4
70 65 8
1
40 36 11
2
85 82 16
93 72 23
4
85 74 0
100 57 2
94 69 16
104 75 18
1
129 115 12
0
0
0
2
115 97 1
109 92 15
2
106 90 1
63 34 4
0
0
1
72 58 16
1
88 71 22
0
0
1
100 78 20
2
54 36 16
104 107 20
1
99 104 0
1
94 75 20
2
104 55 4
122 94 12
0
2
107 82 2
94 75 15
1
128 107 4
4
87 70 6
81 57 12
106 88 15
57 43 16
2
95 65 3
106 89 9
1
97 80 13
0
0
2
125 77 7
73 52 22
2
89 76 12
92 53 13
3
124 97 1
90 78 9
120 83 22
0
1
113 89 2
1
109 99 18
1
67 44 4
0
0
2
123 94 9
105 98 20
2
110 85 13
108 78 23
2
88 73 1
107 63 2
2
139 88 8
88 89 20
1
60 46 2
1
91 75 3
1
103 69 12
1
94 57 15
1
111 116 15
3
130 129 0
136 112 12
63 56 13
0
4
96 91 7
97 89 11
123 80 14
95 76 15
0
0
2
126 102 13
115 112 20
2
123 100 12
71 72 17
0
1
70 56 2
0
1
97 79 0
1
92 78 0
1
82 66 13
4
112 91 8
124 103 11
82 54 14
109 94 16
1
93 69 1
1
94 82 4
2
105 86 2
99 85 19
3
109 92 13
74 55 16
122 109 22
3
100 87 9
88 77 12
119 94 14
1
96 69 20
1
77 58 1
0
4
70 56 8
118 84 15
97 92 22
104 80 24
1
85 62 10
0
0
1
95 93 4
0
0
3
101 77 0
91 68 14
104 73 17
3
129 113 14
117 83 15
125 92 16
0
0
0
1
89 87 15
2
119 83 3
131 103 9
0
1
113 95 4
1
100 70 4
0
1
129 110 14
0
0
0
1
139 111 0
2
102 80 12
131 106 19
1
85 78 6
0
2
105 59 11
86 75 12
2
90 72 17
105 77 20
0
3
121 88 2
79 58 12
91 84 19
1
103 71 16
1
125 92 11
1
113 89 15
0
1
83 71 14
1
104 76 24
2
134 107 11
114 86 16
0
3
143 110 2
142 108 11
71 56 15
0
2
142 113 2
126 115 14
1
91 79 3
2
67 50 0
101 79 8
0
2
152 110 7
153 142 17
2
114 84 6
100 76 22
0
0
2
133 122 0
122 99 16
1
84 77 22
0
1
120 99 4
1
102 80 1
1
106 84 14
0
1
117 100 19
1
101 98 2
4
105 86 0
81 54 1
119 84 5
111 76 20
1
122 110 11
0
0
2
116 92 0
122 105 7
1
117 72 2
0
0
3
123 112 4
100 71 8
83 55 12
2
125 78 8
129 104 15
0
0
0
0
2
119 82 13
127 80 15
2
116 104 8
115 84 21
1
130 103 2
1
95 69 17
0
2
79 82 4
109 83 20
2
120 91 6
144 130 20
0
1
113 102 4
2
119 89 11
100 82 13
1
138 124 21
3
153 150 1
154 118 15
119 94 17
1
142 111 4
1
158 98 2
0
6
142 121 2
128 91 4
142 110 10
111 79 12
107 87 13
135 84 15
0
1
89 68 9
1
102 75 14
1
115 86 6
2
113 90 0
117 86 16
1
122 122 11
0
1
123 80 20
3
96 63 8
143 127 14
157 129 21
0
2
116 73 11
129 108 15
1
112 100 2
2
98 95 1
135 127 13
0
1
147 104 2
1
107 96 7
1
95 68 22
1
115 80 20
2
145 130 9
163 121 23
0
3
136 96 2
75 37 6
140 122 20
1
148 119 2
1
128 109 14
0
0
2
119 85 6
129 106 22
4
99 73 3
146 130 11
138 122 12
124 87 20
1
85 63 12
1
69 48 4
1
137 97 6
0
1
102 83 11
0
0
1
121 72 12
0
1
89 75 1
0
2
136 108 11
140 103 14
0
2
73 69 4
140 120 19
1
114 92 1
0
0
0
2
116 113 12
117 72 14
1
177 136 2
1
110 75 15
1
135 121 16
0
1
100 93 19
0
1
117 90 11
0
2
78 49 12
83 53 14
2
88 76 2
134 109 12
0
1
93 60 4
0
0
1
102 73 20
1
100 78 6
2
110 75 4
103 97 8
0
3
144 117 0
131 80 1
126 118 6
2
133 72 6
92 83 20
0
1
109 87 0
0
2
130 119 1
115 102 2
1
99 77 12
1
125 135 15
2
137 125 15
100 92 22
0
2
86 72 4
157 120 9
0
0
3
102 91 9
131 124 14
116 96 21
1
161 116 15
0
1
118 104 13
0
1
89 59 0
0
1
168 154 13
0
1
104 81 5
0
1
141 116 16
2
157 130 0
182 101 9
2
89 59 2
140 102 21
2
153 123 8
114 107 20
1
156 169 22
1
96 69 14
3
122 108 0
148 102 13
128 91 17
3
146 128 12
124 107 21
163 139 22
0
2
142 115 13
164 138 15
1
128 109 1
2
115 81 16
174 141 17
0
1
124 96 4
1
100 87 10
2
141 124 13
123 94 23
1
150 120 8
2
186 130 1
117 106 13
0
2
162 120 16
163 101 22
1
82 78 6
1
102 64 2
2
135 84 12
165 150 16
3
89 55 7
132 100 8
166 132 15
2
86 79 0
144 103 12
1
89 80 0
0
2
144 113 6
119 101 12
1
159 123 1
0
1
148 104 16
1
140 115 20
0
1
129 107 14
2
135 127 11
120 64 14
3
90 89 2
215 210 15
118 90 16
0
3
135 141 5
126 91 15
119 75 20
3
157 122 7
140 111 14
66 61 16
1
108 88 7
1
157 128 0
2
137 95 1
155 119 12
2
124 107 3
150 107 7
1
121 89 13
2
98 92 16
110 101 22
2
148 116 15
90 57 16
0
3
165 170 11
159 106 13
117 93 16
1
105 80 2
0
0
2
143 107 2
145 94 11
0
0
0
0
1
143 115 20
2
157 110 9
122 104 13
1
145 129 21
0
2
139 133 0
107 81 12
0
0
0
0
0
0
0
1
184 157 11
1
153 136 22
1
176 129 4
4
145 119 6
131 120 12
123 120 14
105 73 20
1
138 110 15
0
0
2
112 90 1
162 115 4
2
156 123 1
157 123 12
4
156 141 1
121 77 11
164 108 12
158 109 22
0
2
170 134 4
82 54 6
2
107 82 11
116 88 14
1
144 141 0
0
3
148 110 1
126 107 15
118 103 16
1
187 154 17
1
174 147 22
2
175 127 4
166 134 15
3
109 95 14
63 53 15
181 151 18
0
1
144 109 20
2
139 113 6
142 102 12
0
2
162 160 0
147 103 14
2
94 67 4
166 118 15
1
244 199 13
1
189 130 5
2
150 88 7
159 119 14
0
1
142 102 20
3
225 205 3
207 118 8
87 78 17
3
173 121 6
109 82 12
137 98 14
0
1
163 130 9
0
0
1
148 130 13
0
0
1
105 87 16
1
139 112 16
1
118 89 9
1
170 127 16
1
161 103 14
0
1
59 40 9
0
1
177 123 1
0
1
172 88 12
0
2
207 140 1
115 86 9
1
158 129 2
1
191 163 22
3
162 142 13
135 115 15
164 134 22
2
109 75 1
106 86 16
1
152 125 17
4
109 95 9
158 133 11
143 145 20
145 129 24
0
0
1
122 89 11
2
231 178 0
148 121 14
1
136 96 16
3
113 98 11
127 109 14
98 85 24
2
142 127 12
150 118 22
1
141 122 1
1
135 114 21
3
140 105 4
113 97 13
115 115 17
0
1
194 160 9
1
94 61 16
0
0
2
208 147 20
125 120 22
0
1
133 116 1
1
133 89 15
1
142 133 0
0
0
2
164 146 14
169 122 20
2
193 159 4
191 139 13
4
122 85 0
180 149 6
204 182 16
176 160 17
1
130 97 4
1
150 109 2
1
159 131 6
1
205 173 11
2
134 99 14
143 112 15
0
0
0
0
0
2
158 123 14
108 93 16
1
125 124 16
2
184 174 4
140 80 20
0
4
210 187 7
224 166 12
129 107 15
120 97 17
1
217 209 20
0
3
168 161 4
120 81 9
160 161 21
0
2
123 99 13
158 121 15
1
155 131 2
