1 3 1 4 5 6 1 7 2 8 2 2 7 4 4 7 5 7 7 4 3 3 1 3 4
1
11 8 7
0
2
7 7 9
10 8 21
2
5 5 19
7 6 20
0
1
11 9 4
1
9 7 7
2
8 8 1
9 6 7
0
0
1
11 10 23
4
8 9 3
9 6 6
8 7 18
7 7 20
1
13 11 5
0
0
1
9 7 12
2
8 6 19
11 7 20
0
0
2
13 10 20
10 7 24
1
9 6 1
1
12 7 14
0
1
12 10 15
0
0
2
12 10 12
12 10 23
0
3
12 10 4
11 9 16
14 12 18
1
8 7 16
0
1
14 11 15
0
3
13 8 3
16 15 8
11 10 12
2
8 5 1
13 11 22
3
7 5 4
15 11 15
15 13 21
2
14 11 2
9 6 15
3
12 7 7
12 12 9
13 11 15
3
16 13 7
14 8 8
18 17 22
0
0
1
12 10 17
0
0
1
18 17 0
0
2
7 5 13
13 14 23
1
13 12 23
0
0
0
2
19 15 4
5 4 20
1
18 15 14
1
18 17 3
3
15 7 6
17 14 9
17 14 17
1
13 11 15
1
12 10 7
0
2
11 11 4
14 9 13
0
2
14 10 6
19 14 12
0
0
1
16 12 4
1
13 9 3
3
12 7 5
13 12 20
20 14 21
1
11 8 3
0
1
13 9 5
2
25 24 13
14 11 20
1
16 12 9
1
20 17 15
2
17 14 4
18 16 24
1
23 21 3
0
1
9 8 5
0
1
19 16 9
0
2
21 16 9
19 16 15
0
0
0
2
24 19 9
18 14 13
0
1
23 20 5
1
22 16 6
1
29 23 18
3
24 26 5
20 14 8
21 16 24
0
2
24 19 11
23 19 18
1
23 17 21
2
23 13 13
26 18 23
1
14 13 18
0
1
27 22 11
1
25 22 3
0
2
23 19 18
17 15 19
0
0
2
19 17 4
20 16 9
0
1
24 15 9
2
15 13 14
23 17 18
1
25 20 17
1
18 13 3
0
2
29 24 1
16 12 13
2
20 13 3
15 12 7
1
20 16 12
2
25 21 4
17 13 16
1
23 17 7
1
21 18 22
1
22 18 10
4
21 18 3
20 19 12
25 19 18
24 21 23
2
37 37 14
19 15 18
1
27 18 15
0
3
20 16 9
27 22 17
25 21 18
0
1
30 29 15
0
0
0
2
31 31 5
26 20 23
0
0
1
23 18 12
1
24 20 15
2
24 23 6
25 22 9
2
25 18 7
20 15 16
1
28 21 7
0
2
35 31 1
18 14 15
0
2
25 17 9
24 24 22
1
24 15 9
0
3
35 24 14
35 27 16
26 19 23
1
25 22 4
0
0
0
0
1
41 30 13
2
33 25 17
24 23 18
2
27 17 8
36 26 13
1
40 26 10
2
41 36 15
32 25 17
0
1
29 19 19
2
39 22 4
42 39 11
0
1
35 25 17
3
24 18 1
28 25 13
39 25 18
1
33 24 1
2
53 43 9
34 28 15
1
33 28 19
1
30 23 4
2
26 23 1
21 17 9
0
0
3
28 24 15
39 38 17
37 30 20
1
18 14 12
0
0
0
0
0
2
32 28 3
30 24 18
2
40 29 7
38 33 16
4
38 31 5
27 20 7
44 40 18
34 29 24
0
0
0
3
32 33 9
45 38 12
33 24 17
1
38 25 23
2
24 22 13
27 19 20
0
3
38 25 14
29 21 16
31 21 17
0
3
28 20 5
34 30 19
39 32 20
1
43 35 17
5
34 24 3
30 20 7
31 28 12
50 38 15
33 22 21
0
0
0
1
26 22 15
2
36 32 9
42 31 11
2
39 38 4
43 30 18
1
29 28 12
1
36 25 14
2
29 24 9
27 25 23
3
35 27 5
20 14 9
22 21 17
0
0
1
33 23 15
0
4
29 21 4
46 30 14
29 17 17
42 38 19
0
2
45 36 18
41 31 24
0
0
0
0
1
50 37 12
5
47 38 4
41 33 13
38 33 15
36 32 16
40 35 20
0
2
41 30 1
37 28 19
0
0
0
0
1
44 38 5
0
0
2
63 49 9
30 24 24
0
1
45 37 8
0
0
0
0
0
0
1
32 31 7
1
50 36 4
0
0
2
25 21 7
44 35 15
1
53 36 16
1
47 38 9
1
48 41 18
1
38 26 3
3
34 26 5
45 40 7
34 25 15
1
42 38 18
1
36 29 5
2
43 39 7
46 32 9
0
2
49 42 10
54 35 12
0
3
41 37 5
44 38 9
41 34 13
1
42 27 9
2
51 37 15
30 20 18
0
1
27 19 24
1
33 25 7
0
1
37 30 16
0
0
0
1
58 55 12
3
56 46 3
62 46 7
45 24 13
2
26 17 7
40 36 20
2
55 38 4
46 33 7
3
48 38 3
35 27 5
38 34 13
0
0
1
58 47 20
1
55 51 10
0
1
39 36 7
2
43 39 8
47 45 16
0
1
41 39 15
0
2
45 43 11
37 35 16
1
55 47 24
0
1
51 30 24
2
62 58 18
66 51 19
0
1
47 43 16
0
0
1
42 25 3
0
1
39 30 16
0
1
49 41 15
1
73 57 20
1
57 62 12
0
0
0
0
0
2
38 38 5
46 42 16
2
64 54 5
53 44 13
3
63 55 1
29 18 12
50 38 18
0
1
56 35 7
1
66 56 9
2
40 35 4
46 32 11
0
3
41 31 3
50 45 7
69 51 20
0
3
67 51 14
61 49 15
56 48 18
2
49 37 17
49 37 21
2
45 33 9
65 53 23
0
1
54 35 21
3
54 42 9
60 44 11
43 29 18
0
2
65 46 15
44 39 18
0
6
65 50 9
30 22 10
67 59 11
65 53 15
54 40 17
62 44 21
1
50 38 24
1
36 29 18
0
1
58 35 17
2
49 38 5
61 58 21
1
34 32 1
2
30 20 13
47 44 18
1
52 42 12
1
63 50 24
4
47 42 9
45 35 20
61 51 21
63 52 24
1
72 57 6
1
54 43 7
0
0
0
2
54 50 9
55 36 23
1
68 50 13
3
68 62 15
62 46 18
56 39 19
0
0
1
47 32 5
1
65 47 17
0
1
44 32 7
2
35 23 14
44 35 18
0
0
1
48 32 12
0
1
64 46 15
0
2
59 40 10
54 40 19
3
59 48 9
40 33 12
60 61 23
1
74 69 18
0
2
66 49 19
75 58 23
1
53 49 8
2
43 36 15
64 50 21
0
0
2
52 34 3
51 44 15
2
54 41 7
60 42 17
0
0
2
53 48 1
66 58 13
0
0
2
75 58 15
51 44 17
1
70 49 22
3
67 59 9
60 49 13
77 57 23
1
65 55 1
0
1
47 40 21
0
1
54 56 4
0
0
1
58 40 17
4
44 35 10
47 34 12
77 43 13
70 55 19
1
83 68 18
0
1
64 57 19
1
56 39 22
1
57 41 9
0
2
56 35 7
79 71 18
1
62 54 7
1
79 71 19
0
0
0
0
2
69 49 12
37 27 21
1
74 56 16
0
2
46 48 4
44 28 16
3
49 32 17
62 35 23
55 46 24
4
77 51 2
57 38 12
72 56 14
57 45 24
2
51 38 2
54 46 12
1
60 45 16
1
75 62 18
2
80 77 3
62 41 24
0
2
88 70 3
62 51 12
1
74 66 9
1
54 44 19
1
74 50 13
2
52 43 4
73 61 10
1
73 70 9
2
51 45 1
79 60 12
2
71 41 4
54 36 17
1
72 57 7
0
0
2
51 47 9
59 47 18
3
54 46 15
84 61 18
75 59 24
1
89 77 9
1
90 55 7
0
1
69 49 19
1
37 35 1
0
2
73 54 18
74 52 21
0
2
81 77 7
44 36 24
1
78 75 17
3
40 31 16
68 43 18
63 51 24
1
83 69 1
2
85 67 5
75 56 9
3
65 58 7
75 62 9
80 77 12
3
57 38 3
93 90 8
68 57 9
0
0
2
56 38 7
62 45 9
0
1
63 36 20
2
57 36 1
83 67 5
1
57 43 17
0
2
57 41 13
72 46 23
2
75 65 8
66 58 16
1
60 51 17
1
81 78 24
1
68 50 24
2
80 67 5
79 61 21
3
75 63 4
73 58 12
87 93 17
2
83 70 9
65 55 20
1
71 67 16
1
55 39 9
0
3
72 61 3
67 56 7
56 41 21
0
0
0
2
88 70 4
84 70 18
0
1
75 67 1
0
1
98 82 19
2
63 45 15
56 47 16
1
80 68 18
0
0
0
0
1
73 51 14
0
0
0
0
2
80 73 4
76 44 19
1
76 65 13
1
55 52 9
1
45 38 8
1
88 69 9
0
0
0
0
3
99 70 5
77 65 19
90 86 24
2
90 73 19
80 63 24
0
2
70 59 3
79 43 23
0
0
1
69 60 19
2
90 66 7
74 58 11
1
78 56 17
2
100 52 18
70 59 19
2
59 46 18
68 65 20
0
0
0
1
95 71 5
1
71 61 16
3
78 57 12
93 76 14
104 74 16
1
91 74 7
1
62 48 24
0
0
1
106 88 18
1
79 62 5
3
54 51 9
62 53 13
71 55 15
2
78 61 9
82 67 23
0
0
0
0
0
0
0
1
88 68 23
0
0
1
101 97 20
0
1
55 55 19
0
1
100 77 24
1
90 56 18
0
2
70 49 13
58 53 18
2
39 34 7
77 56 20
1
61 65 20
0
1
83 74 2
1
95 58 3
3
83 84 13
78 56 20
88 68 24
1
64 54 19
2
105 71 15
69 55 19
0
0
1
95 82 7
1
95 71 11
1
88 55 9
1
90 73 17
1
64 56 23
1
83 55 17
2
94 67 22
77 52 23
2
78 65 19
67 52 21
1
90 74 14
0
3
68 53 5
99 79 17
104 88 18
1
102 92 18
0
2
98 82 1
102 90 14
0
0
0
2
89 54 5
64 49 8
2
85 79 5
67 51 19
1
114 92 13
1
90 71 6
1
104 71 10
1
85 70 13
1
122 109 12
0
3
91 65 7
85 71 13
106 85 15
1
102 89 18
1
82 74 5
1
97 80 7
2
102 88 7
54 43 12
0
1
58 50 5
2
111 69 11
90 70 15
1
37 27 2
1
94 70 9
2
115 84 3
85 67 18
2
115 85 18
47 31 24
2
109 72 7
31 26 19
1
94 90 23
0
1
100 80 14
1
103 70 19
0
1
103 85 0
1
109 69 12
3
113 80 1
75 53 15
92 67 17
1
89 79 15
2
92 75 7
117 81 15
2
125 109 1
80 79 14
0
1
121 116 12
1
106 94 12
1
73 63 16
1
81 60 12
1
95 76 16
2
87 58 3
107 86 5
0
0
0
0
3
102 76 4
92 60 7
85 63 23
3
106 84 16
89 57 18
98 85 19
1
95 69 16
2
102 78 7
99 71 11
0
2
83 56 12
91 86 15
1
122 93 14
1
108 88 5
2
113 94 12
102 95 17
0
2
111 89 11
118 104 15
2
89 84 12
124 127 16
0
1
104 79 19
0
0
2
96 70 9
92 58 15
0
2
71 71 13
83 72 21
0
1
119 111 7
0
2
99 66 8
109 91 18
3
126 88 5
75 67 12
126 88 15
1
107 93 17
0
1
91 70 16
2
99 75 19
131 111 24
1
75 47 13
2
101 96 3
105 76 10
1
85 70 18
0
1
99 86 8
0
2
69 57 9
111 82 18
0
0
0
0
0
0
0
1
86 81 17
1
121 103 4
1
97 85 5
0
1
95 68 10
0
2
35 28 14
125 117 24
1
94 68 16
2
74 51 3
69 64 19
1
133 105 9
1
102 77 20
2
82 70 7
118 71 8
0
1
137 130 12
1
104 75 5
0
2
67 44 19
116 99 21
0
2
105 67 9
95 74 15
0
2
95 82 2
119 85 9
3
106 98 4
111 97 5
117 101 17
0
4
81 86 3
128 117 9
140 86 16
94 75 17
3
106 78 0
105 84 9
127 112 12
2
62 61 13
144 120 14
3
98 89 1
138 129 17
108 89 21
1
96 77 9
0
3
90 70 2
103 78 10
130 102 19
2
84 70 7
136 110 17
2
109 64 7
100 87 24
0
1
107 91 16
1
124 89 20
0
1
100 84 7
0
1
125 109 18
1
169 118 19
0
1
141 129 9
1
97 64 4
0
0
1
127 78 17
1
133 114 8
0
1
141 111 21
0
1
149 159 14
2
123 102 6
117 86 23
1
194 140 18
0
1
100 74 7
0
1
120 63 16
0
1
133 109 17
0
0
3
84 75 9
83 68 19
97 86 21
0
1
95 90 19
2
43 38 9
96 83 18
1
141 111 17
1
130 124 8
0
1
79 73 21
2
101 82 13
104 74 15
1
110 74 14
1
87 71 9
1
97 74 13
0
3
134 118 13
132 98 18
113 96 21
1
90 76 15
3
128 107 9
117 98 13
79 47 17
1
108 64 5
0
1
99 77 3
0
4
116 102 11
86 62 12
137 94 19
112 84 20
2
92 80 15
105 90 17
1
106 84 14
0
2
93 74 10
45 30 20
1
96 59 17
0
1
116 101 12
1
115 118 0
2
148 113 13
163 107 17
0
0
1
106 70 14
1
119 87 14
2
111 111 5
102 76 15
1
110 90 17
0
0
0
2
109 97 1
83 57 24
0
1
120 97 5
0
1
134 94 12
2
121 93 0
131 121 5
1
118 103 14
1
130 109 15
1
101 71 9
0
1
132 98 8
0
0
2
102 74 12
99 89 23
1
106 60 9
1
136 86 16
1
115 102 4
0
1
139 120 4
0
2
117 88 7
115 87 17
2
144 149 10
89 69 15
0
1
105 66 9
4
83 68 13
128 104 16
87 65 17
142 106 19
0
0
1
143 82 9
0
0
0
0
0
0
0
2
95 73 15
140 116 18
0
1
124 113 15
0
1
118 72 4
0
1
151 110 19
1
114 83 5
0
1
172 163 15
2
133 92 4
111 80 13
0
0
1
125 107 14
0
1
109 85 5
1
109 84 4
0
2
143 120 12
57 53 16
0
1
100 80 15
3
171 151 1
175 145 12
120 115 16
0
0
3
97 68 1
94 73 10
161 111 12
0
0
1
120 116 5
0
0
1
130 104 6
0
0
0
2
155 148 9
164 149 11
2
111 96 1
126 107 21
0
0
1
128 102 4
1
93 61 21
0
0
0
1
166 133 3
0
2
119 91 2
151 116 12
0
2
116 61 12
109 70 19
0
1
95 85 16
0
0
2
145 128 1
151 116 15
2
119 101 10
125 116 12
2
125 120 3
80 75 10
0
2
143 101 3
113 79 24
1
111 99 14
1
103 95 13
0
1
178 143 11
0
3
102 80 3
103 83 8
163 124 23
2
117 93 1
97 77 18
2
134 106 2
172 125 3
0
2
143 149 3
134 93 20
2
120 97 16
116 102 18
1
156 133 4
1
171 150 16
0
2
104 87 4
123 94 13
1
155 126 5
1
146 98 17
0
3
160 102 9
104 69 14
116 87 15
0
0
1
122 96 18
1
217 217 3
2
160 115 17
141 113 19
2
137 96 13
195 159 18
2
163 134 4
174 149 5
1
155 145 10
0
2
115 104 7
139 120 24
1
68 67 15
1
156 120 6
0
0
2
127 107 15
165 148 21
0
0
3
162 144 5
127 103 9
110 66 13
0
1
125 124 7
4
128 103 5
127 113 10
110 65 12
131 116 17
0
0
3
93 59 1
173 146 7
143 114 24
1
141 93 13
0
1
140 111 16
1
136 136 12
0
2
152 149 18
131 118 21
1
138 117 4
1
95 72 10
1
161 127 20
0
1
198 159 18
1
129 107 10
0
0
1
124 102 18
1
163 143 24
1
118 80 9
0
2
115 97 1
102 87 7
0
0
1
168 115 21
1
187 146 15
1
151 142 5
2
121 103 5
159 145 12
1
145 96 9
2
100 73 1
79 61 3
0
2
164 151 3
115 95 18
0
1
110 90 17
3
114 96 7
114 85 8
117 98 23
0
2
148 116 12
120 115 18
2
184 144 9
152 135 20
1
131 111 16
0
2
128 90 3
125 78 21
0
0
1
135 115 18
1
146 133 7
2
125 90 14
148 127 17
1
150 135 13
1
165 127 0
0
0
3
94 75 3
172 143 17
105 88 19
2
109 94 3
159 126 18
0
1
126 75 17
0
1
142 111 17
0
0
0
1
139 102 20
0
1
143 127 24
2
167 147 5
158 132 24
3
100 100 3
171 158 12
136 87 15
0
0
0
1
143 105 16
0
1
123 100 17
1
150 101 18
0
2
127 104 7
114 83 21
1
123 107 5
3
173 142 4
150 115 15
134 88 23
1
141 100 20
2
81 72 7
151 130 20
4
104 73 5
165 149 12
110 87 15
155 144 17
1
154 122 12
2
186 168 9
114 89 24
1
126 100 9
4
106 86 3
133 126 4
147 95 12
171 136 14
1
151 153 19
0
0
1
156 147 9
2
201 141 7
117 97 24
0
0
2
153 132 9
156 106 21
3
163 152 5
143 122 9
80 74 14
1
176 134 2
2
168 127 9
139 141 19
0
0
1
131 111 20
1
148 117 17
1
65 42 7
0
2
174 157 9
168 117 23
1
100 69 18
1
161 143 13
1
125 100 5
2
132 113 5
138 86 8
2
147 101 10
139 102 22
2
214 173 4
168 131 13
0
1
155 148 11
1
136 103 16
1
125 73 5
1
142 110 14
0
1
147 118 15
1
128 83 4
1
128 73 9
0
1
149 112 9
1
128 130 5
1
200 178 9
0
2
141 85 12
169 113 15
1
205 153 7
1
150 107 15
1
141 123 24
2
129 101 17
134 111 24
0
1
92 70 21
1
125 83 20
0
0
1
146 127 16
0
2
170 133 9
109 75 16
2
114 78 7
194 135 15
1
170 142 9
0
1
168 152 4
0
2
165 117 7
122 79 9
1
143 95 15
0
1
156 115 1
1
161 141 19
1
172 165 12
0
