6 2 1 7 3 1 8 3 5 8 4 7 5 7 5 7 1 6 6 1 1 5 6 1 7
1
4 4 0
2
9 8 9
7 5 15
0
0
1
10 9 12
0
1
8 7 17
0
1
8 6 21
1
10 8 7
0
1
11 9 5
1
9 9 24
0
2
10 9 7
8 5 9
1
7 6 11
1
8 6 17
0
1
7 6 9
0
0
1
10 8 19
1
11 7 4
3
11 7 1
9 7 11
14 12 17
0
1
9 8 13
1
17 12 15
0
0
1
15 10 4
0
0
1
11 10 22
1
9 8 0
3
12 9 7
10 10 22
10 10 23
1
15 10 21
1
15 12 9
2
13 10 3
14 11 11
1
12 7 22
0
1
13 11 8
0
0
2
9 7 1
9 8 24
1
12 10 9
0
1
10 8 13
2
17 14 7
11 8 13
1
17 13 14
2
10 8 3
8 9 6
1
19 16 15
2
9 8 9
16 13 14
1
18 18 7
0
2
12 10 21
16 12 24
0
0
1
10 7 3
3
18 15 7
16 15 13
8 5 24
1
17 17 24
0
1
18 16 18
2
12 10 3
19 16 14
5
19 16 3
19 17 4
11 9 6
21 20 13
15 12 21
1
13 12 11
1
13 8 3
2
22 17 9
12 9 18
0
0
2
11 11 6
18 14 7
0
2
12 10 13
18 16 24
1
13 12 0
1
8 8 0
1
16 11 12
1
20 13 15
1
20 20 18
0
1
22 15 17
0
1
19 13 18
2
21 16 14
21 14 24
1
24 21 22
2
17 11 7
21 17 9
3
27 22 6
22 21 9
25 20 24
0
0
1
26 20 18
1
21 18 24
1
20 8 7
1
32 25 9
1
25 24 24
0
1
28 23 3
1
21 18 24
2
21 18 0
19 15 13
0
4
22 19 3
26 25 11
23 16 12
18 17 15
0
3
25 19 1
25 23 6
21 13 18
1
27 22 20
1
27 25 9
0
0
0
1
18 15 24
1
29 25 6
1
20 15 15
1
33 27 8
0
1
30 21 12
1
27 22 18
0
0
0
0
0
0
0
1
24 18 6
3
17 13 6
26 18 11
32 23 12
1
23 23 17
2
27 25 6
27 21 11
2
21 16 13
27 20 17
1
27 25 3
0
0
2
26 22 13
24 21 15
0
0
0
2
26 25 13
27 20 14
2
31 15 11
25 21 17
1
33 34 11
2
13 10 4
30 25 10
2
32 29 4
21 17 20
3
19 15 10
29 27 22
20 19 24
0
2
28 20 12
31 30 18
0
2
29 21 0
33 31 6
0
1
41 30 2
1
27 21 8
2
33 29 2
34 32 24
0
0
2
24 19 13
30 26 15
1
37 29 14
1
24 17 10
4
33 21 10
30 21 12
28 23 19
36 23 24
0
1
32 23 2
1
34 28 3
0
0
0
0
0
4
24 23 5
34 29 8
28 22 14
42 38 22
0
0
1
34 24 0
0
1
42 26 6
1
32 26 9
1
29 24 17
0
1
41 34 8
1
28 22 9
0
1
29 22 18
0
2
43 40 22
37 29 24
2
25 20 9
13 11 11
1
44 29 3
4
23 21 3
34 25 6
40 36 17
40 33 24
2
33 25 1
37 25 20
0
0
2
40 31 13
36 28 14
0
1
31 26 17
0
2
30 29 4
32 26 12
0
2
40 29 6
51 36 24
2
30 25 9
25 14 24
1
28 20 7
0
2
27 20 10
47 37 12
1
23 19 22
2
37 33 0
38 31 12
1
44 36 24
2
32 25 11
27 18 13
1
29 16 1
2
44 32 17
27 18 18
0
1
44 37 13
3
32 29 0
57 41 6
50 39 15
1
49 38 3
1
40 26 12
2
28 26 7
30 25 17
3
36 37 0
29 22 7
42 41 24
0
4
43 37 3
25 25 8
39 39 12
34 27 14
0
2
43 38 9
33 30 18
1
50 29 21
1
49 36 17
4
30 28 3
32 26 8
35 28 14
30 19 17
1
37 34 6
2
24 18 15
32 26 17
1
41 33 18
1
41 32 0
1
42 35 0
1
40 38 24
0
0
1
40 30 11
2
43 41 14
49 35 23
1
35 32 9
0
0
2
35 27 2
47 37 24
3
40 38 8
46 39 20
44 38 24
2
52 42 3
39 31 13
3
53 45 1
31 23 3
54 49 13
1
27 24 22
2
39 36 11
44 34 22
0
1
41 30 18
1
36 29 10
2
47 25 14
42 30 15
0
0
1
36 26 20
2
46 41 8
40 39 9
2
46 36 3
50 37 9
0
1
36 34 12
1
41 27 17
2
46 42 3
57 53 14
2
41 28 7
47 39 17
1
61 54 18
1
52 31 24
0
3
56 46 7
41 30 15
50 35 19
1
38 31 21
3
42 34 6
44 30 22
32 29 24
0
0
1
50 38 14
1
46 40 6
2
42 26 6
54 41 21
0
0
0
0
1
24 19 15
0
4
52 46 4
52 34 13
47 34 15
51 38 18
2
49 52 1
45 45 9
0
0
1
62 53 20
3
48 41 3
56 47 8
49 37 11
1
44 31 15
2
47 34 13
53 38 22
0
0
2
44 34 9
41 27 12
0
0
2
52 40 13
53 50 17
2
65 46 18
38 24 21
1
35 28 23
3
49 43 1
66 48 3
33 26 8
2
46 42 13
52 39 23
3
61 43 5
43 32 10
38 30 14
1
51 42 10
1
54 38 10
0
1
50 41 1
1
53 47 6
0
0
0
3
64 39 13
66 54 15
48 40 22
0
1
52 54 7
1
69 55 15
2
38 33 1
54 42 22
1
42 31 13
3
69 52 8
57 41 16
43 24 19
3
57 39 5
43 32 18
50 42 24
1
55 54 5
2
53 42 0
54 41 7
3
58 52 6
71 65 13
32 29 14
0
0
0
0
1
53 47 9
2
53 40 18
64 56 21
2
46 33 0
49 44 3
1
45 32 10
2
50 48 6
26 21 24
1
50 56 4
1
59 47 8
0
0
1
32 26 24
4
37 35 9
44 32 13
42 36 20
55 51 21
1
43 34 0
1
56 42 21
0
0
1
46 33 3
1
38 37 0
3
54 40 1
54 37 6
56 45 13
1
52 46 11
3
80 74 1
48 37 12
58 58 15
2
58 53 11
63 61 14
0
0
1
49 38 21
4
68 48 9
69 57 17
59 50 21
83 65 24
0
1
58 55 18
1
62 51 7
0
1
70 67 8
3
64 50 1
47 37 9
43 41 11
0
0
2
57 41 9
64 60 17
3
54 43 3
54 54 12
69 53 17
3
69 49 8
57 45 17
53 37 21
1
57 55 21
0
2
53 36 13
53 44 17
3
39 35 3
59 47 5
58 38 21
0
2
48 40 10
48 40 12
1
64 56 13
1
35 25 24
0
1
74 58 15
1
50 39 11
3
49 35 2
41 28 12
61 51 21
1
64 46 11
1
55 42 11
2
73 59 8
74 53 18
3
67 54 8
76 65 9
57 45 13
1
58 37 9
0
1
63 55 12
3
47 39 11
38 27 14
65 57 24
0
1
52 43 11
2
62 59 4
62 46 11
0
1
43 38 21
1
58 53 14
0
1
65 50 15
1
60 48 1
2
66 43 7
80 64 15
1
54 46 24
2
45 38 6
58 51 14
1
53 44 18
1
73 71 8
3
71 62 9
60 50 12
76 63 14
4
60 41 3
54 33 10
69 48 15
46 41 22
1
59 42 12
0
1
50 40 24
2
52 35 15
58 48 22
1
65 56 21
1
91 52 12
0
2
66 46 3
63 50 15
0
0
0
0
1
66 57 21
1
67 42 24
2
87 60 2
61 53 11
2
64 48 15
47 41 21
2
44 34 0
60 51 17
2
61 39 8
44 44 21
0
2
78 70 13
81 54 24
0
2
56 45 6
53 46 24
0
2
81 56 5
58 46 8
0
2
56 48 3
47 42 6
1
52 51 13
2
75 53 8
82 73 11
0
2
30 24 7
67 62 14
1
69 52 0
0
2
56 40 3
67 55 14
0
1
74 57 6
2
80 51 14
68 50 17
1
50 41 3
2
78 71 3
79 71 13
1
50 45 17
0
2
77 56 9
90 82 18
4
68 41 3
89 65 9
63 48 13
84 56 16
0
0
0
3
59 49 15
83 58 18
72 62 19
1
77 51 3
2
106 61 7
59 41 11
1
70 52 0
1
84 75 13
3
63 39 9
52 41 11
86 76 19
2
82 56 17
77 66 21
2
102 91 6
76 61 8
3
70 53 3
79 69 6
69 59 15
1
99 60 15
0
1
76 58 6
1
93 74 18
0
3
68 51 3
53 42 9
89 80 18
1
66 56 3
3
87 67 3
114 105 13
89 91 17
0
1
94 83 6
3
91 77 4
72 58 18
72 54 22
1
49 41 7
0
2
72 63 11
62 57 17
1
60 45 18
2
58 38 12
82 68 15
1
51 38 15
0
1
68 57 21
2
53 42 4
91 67 5
2
63 50 18
82 61 21
3
78 66 11
71 53 12
75 62 15
0
1
61 50 14
1
74 74 3
1
72 59 18
0
1
73 59 18
0
1
82 68 4
2
87 68 6
62 52 24
2
83 63 10
88 71 11
1
66 44 4
4
90 87 12
59 56 13
107 86 14
77 65 18
1
70 72 6
0
3
89 67 3
89 67 4
51 50 6
0
1
70 45 9
1
60 49 15
0
2
62 40 14
90 69 18
1
77 58 12
2
62 46 9
93 69 24
1
101 93 15
2
64 50 14
82 64 24
0
0
1
61 42 0
2
51 36 11
81 66 18
2
111 100 10
95 89 15
0
0
1
80 52 5
3
79 51 9
91 72 10
90 66 24
0
0
2
97 72 9
71 60 22
2
58 54 5
89 73 19
0
2
62 50 11
60 49 24
2
99 91 11
99 77 15
2
90 52 7
114 95 10
0
1
81 71 3
3
84 56 18
80 62 23
67 49 24
0
0
0
0
2
84 91 3
95 54 15
1
94 65 15
2
114 66 11
85 51 13
1
92 79 6
0
1
72 70 19
2
95 63 9
115 96 12
0
0
4
89 76 11
76 60 15
90 65 17
60 41 18
0
1
105 52 15
3
78 55 4
81 74 13
72 57 19
2
88 70 0
83 70 9
0
3
81 58 6
76 56 8
89 67 18
2
78 59 11
76 54 20
0
2
80 62 2
60 50 15
1
95 93 12
1
56 41 9
2
78 62 12
77 69 24
0
1
85 67 11
3
116 89 10
94 81 17
72 75 24
2
79 56 14
105 79 17
0
1
50 48 11
0
1
101 55 12
1
94 77 0
2
98 55 9
83 77 11
0
1
83 56 6
0
0
0
2
81 71 4
86 63 11
1
80 61 13
4
64 44 6
110 105 7
60 58 9
100 80 11
2
89 72 4
92 70 14
2
83 64 3
106 88 7
1
97 87 12
1
118 106 21
2
103 81 12
75 68 22
1
107 103 6
2
73 50 14
77 74 22
0
1
128 90 18
0
1
114 78 12
0
0
1
57 38 0
1
70 59 15
0
1
59 53 3
0
2
116 93 3
86 69 7
0
0
0
2
74 69 8
102 100 22
2
110 80 6
76 52 9
2
117 84 2
94 78 17
0
2
111 91 18
92 70 22
1
113 103 15
1
55 47 9
2
86 61 3
90 70 13
1
85 56 19
1
99 77 14
1
82 61 17
2
111 96 11
104 97 24
2
61 52 3
105 87 11
2
90 71 6
104 78 11
2
112 79 0
109 100 17
3
65 60 13
48 41 22
96 78 24
1
91 69 13
0
3
83 58 6
111 101 18
111 70 22
0
3
87 79 11
80 54 17
62 37 18
1
114 90 3
0
1
107 82 6
2
97 79 0
72 44 4
0
2
61 49 12
98 78 22
1
96 76 8
0
0
0
1
96 69 13
2
72 62 6
93 88 15
1
96 90 12
1
103 91 14
0
1
72 63 14
2
82 66 9
120 98 13
1
104 78 23
1
111 109 17
0
1
120 109 10
0
0
2
125 89 13
74 62 17
0
2
94 85 17
89 68 21
3
100 91 6
108 79 15
111 101 17
1
96 85 9
1
95 95 8
0
0
2
74 70 11
80 62 15
2
92 79 14
109 77 22
1
116 80 22
0
0
1
110 73 14
0
2
127 92 9
79 71 17
0
3
119 87 1
93 68 9
67 47 17
0
3
110 104 9
110 77 20
124 109 24
1
91 78 3
1
129 141 14
1
101 72 10
1
78 65 24
2
94 80 19
98 85 24
1
85 68 15
3
104 86 6
98 79 11
94 80 15
2
98 95 11
92 68 13
1
67 50 9
1
118 83 12
3
101 89 3
103 77 11
100 70 15
2
106 94 6
86 60 22
1
103 85 3
1
81 53 6
0
2
93 62 0
70 61 14
0
3
111 73 8
155 135 9
138 98 18
3
110 100 3
101 78 16
87 91 19
2
108 73 9
111 108 18
2
105 66 6
82 75 15
1
132 102 17
1
84 67 0
2
118 82 4
109 88 15
0
1
132 89 6
2
120 84 0
86 81 8
1
112 116 10
0
1
85 62 15
0
0
2
103 88 0
113 96 6
0
1
73 63 0
6
115 100 0
95 71 9
104 86 11
119 107 15
138 123 18
134 111 21
2
112 77 11
87 75 14
2
101 81 6
132 120 15
1
114 93 4
0
0
0
0
1
45 31 9
3
138 102 12
103 62 15
94 77 17
0
2
106 103 13
136 113 20
2
130 104 1
119 122 5
2
70 59 4
84 71 21
3
82 60 9
162 162 10
103 88 15
1
72 61 18
0
1
109 73 17
1
118 96 18
1
106 82 21
0
3
96 95 6
94 72 17
110 83 24
1
99 92 22
1
137 120 11
2
105 85 9
89 77 24
1
104 97 24
1
116 115 12
2
126 88 14
134 104 18
1
137 102 14
2
74 64 17
105 78 22
0
0
1
151 154 6
1
108 80 23
0
0
2
138 114 0
64 65 12
1
68 44 12
1
100 80 22
2
133 116 4
129 124 13
0
2
72 72 21
133 119 24
0
1
96 68 14
2
80 58 0
89 70 11
4
117 109 10
85 71 11
98 69 21
118 79 22
1
83 70 13
0
3
117 74 0
102 86 1
91 79 9
1
109 109 11
1
130 105 17
2
85 69 13
152 127 14
1
106 86 6
0
2
122 116 7
131 100 8
3
92 56 4
104 84 18
102 73 21
1
113 64 15
1
114 93 17
0
0
0
1
104 94 9
1
88 75 9
3
86 64 8
168 127 9
130 102 11
0
1
126 96 4
2
137 122 10
115 103 15
1
139 112 15
2
117 122 0
112 89 4
0
0
0
1
155 106 15
0
0
1
94 62 3
1
109 98 6
1
85 83 7
1
155 129 11
0
4
146 91 0
140 111 13
111 95 15
104 84 18
1
100 71 11
4
154 122 8
135 111 21
136 117 22
143 90 24
2
90 75 15
120 96 22
1
145 101 13
0
2
108 102 6
101 77 9
1
110 91 15
0
2
91 67 11
61 43 12
0
0
2
142 106 9
170 113 17
0
1
165 133 10
1
130 107 22
1
138 90 13
1
137 101 0
1
97 84 22
1
134 116 11
0
1
120 72 21
1
78 69 14
1
127 86 6
3
146 132 4
155 130 13
121 90 24
2
127 106 15
140 88 17
1
137 117 24
0
0
2
114 79 13
71 52 17
1
135 91 3
1
76 80 3
1
123 92 0
1
132 112 8
0
0
1
109 72 6
2
106 88 12
125 91 13
0
1
127 99 8
2
120 101 8
96 96 11
1
112 97 6
0
0
1
115 109 5
1
112 80 9
1
93 67 10
1
127 78 7
0
2
124 107 3
154 114 4
0
3
157 104 4
164 128 10
188 131 11
4
110 100 6
105 78 7
117 86 14
172 161 15
1
117 96 9
0
0
0
0
1
190 166 7
1
145 100 14
0
3
147 110 12
137 128 18
122 100 24
1
170 135 12
1
132 110 8
2
81 67 13
128 92 18
1
104 88 12
1
158 126 17
2
171 118 9
186 157 18
2
141 129 9
116 84 11
0
2
137 103 6
175 154 24
2
90 69 2
100 69 8
0
1
132 101 13
1
101 80 0
3
125 109 6
101 107 15
96 75 21
1
100 64 17
1
108 87 22
1
116 96 6
0
1
131 110 18
0
0
2
52 42 15
155 128 24
1
139 102 9
1
183 150 10
1
142 114 10
3
116 85 2
177 163 14
126 87 22
0
0
0
0
1
114 92 1
3
137 103 8
132 114 20
117 115 22
1
131 84 10
3
124 107 6
153 117 14
185 148 21
2
86 63 0
84 73 3
2
128 107 14
166 141 15
1
82 59 11
1
163 142 3
2
150 140 9
144 112 18
1
112 97 0
0
2
141 139 10
137 125 22
1
143 88 4
2
147 123 21
129 90 24
1
160 121 15
1
169 143 17
1
140 131 10
1
147 95 24
1
147 89 17
1
135 98 6
1
193 174 18
4
62 48 9
141 102 11
141 120 15
143 120 17
1
143 132 15
2
140 101 3
145 107 11
3
163 117 8
174 124 10
154 149 24
1
154 114 18
1
152 115 10
2
137 116 12
110 97 17
1
137 110 21
1
120 83 15
1
150 142 3
2
162 128 9
128 123 20
0
1
146 126 22
1
118 77 6
0
3
209 141 8
80 65 13
153 140 24
1
156 145 11
1
121 82 8
1
86 67 20
2
154 113 14
144 119 18
1
147 139 21
1
129 108 21
2
181 156 18
122 101 21
1
106 91 6
1
144 104 14
0
2
117 93 6
174 116 22
0
2
144 105 0
115 86 21
0
2
112 82 0
135 105 24
0
1
99 84 14
0
1
178 142 24
0
0
1
174 143 3
1
132 106 7
2
110 89 18
138 95 24
2
177 113 14
169 139 18
3
95 85 6
123 103 17
133 109 19
3
135 116 9
118 96 13
137 92 22
0
4
173 160 0
109 61 3
134 121 13
143 93 24
0
0
0
2
164 128 3
139 110 18
2
138 90 3
87 62 14
2
197 142 22
89 75 24
1
157 98 18
1
97 82 18
1
149 136 21
2
118 105 11
127 87 14
0
3
105 88 3
92 67 21
128 92 22
1
182 184 3
0
2
140 135 13
106 80 22
0
0
3
128 109 10
143 110 13
154 114 14
2
146 123 4
178 155 18
2
149 125 15
162 132 24
1
180 140 22
2
146 91 14
143 112 15
1
131 107 9
1
123 107 10
1
83 75 18
1
130 91 4
1
170 128 13
0
2
147 111 17
174 172 24
0
0
0
0
1
107 92 18
1
124 121 13
0
0
1
142 106 9
0
1
124 98 11
1
144 119 7
2
147 117 7
168 161 8
1
107 75 3
1
128 101 14
1
109 117 21
1
126 77 7
0
0
1
110 76 24
2
178 133 3
155 138 8
1
170 136 24
0
2
143 120 13
110 90 22
1
155 142 11
0
0
2
176 180 15
97 72 16
1
133 115 24
1
176 135 13
0
4
129 119 0
75 53 4
131 114 13
153 106 21
1
115 83 6
1
141 110 0
1
178 152 8
0
1
145 130 12
1
115 92 13
1
161 142 9
0
1
198 180 15
1
197 149 22
2
174 143 0
114 97 9
0
1
219 187 15
1
163 139 13
2
183 178 6
166 152 24
4
108 80 4
193 130 6
214 129 14
170 115 17
0
1
115 106 0
1
112 92 14
2
172 160 12
130 112 23
2
138 117 10
123 102 15
4
222 162 7
164 119 17
159 112 19
107 84 24
1
151 148 13
0
2
138 106 12
139 139 14
1
104 91 11
0
1
162 123 15
3
188 174 7
132 105 10
197 148 24
0
0
1
69 52 22
2
192 140 6
151 125 14
0
0
1
157 118 14
1
131 94 9
0
1
172 119 12
2
160 137 0
99 63 9
0
