8 6 3 7 4 6 2 7 8 5 4 7 8 7 4 6 1 3 7 1 2 3 5 5 7
0
1
5 3 18
0
1
7 6 24
1
9 7 12
0
1
7 6 23
1
6 5 11
1
9 8 8
2
6 4 9
9 6 15
1
7 7 14
2
6 4 8
8 6 13
2
7 4 0
5 5 14
2
8 6 2
12 9 23
1
9 8 12
1
8 6 3
0
1
12 9 5
0
0
0
1
10 8 9
1
10 7 8
1
9 6 24
0
1
9 5 13
1
12 10 12
0
1
12 8 17
0
1
10 9 24
2
12 9 0
10 6 22
2
12 9 3
12 11 24
0
2
10 9 18
13 13 22
1
11 8 0
1
16 11 5
0
2
9 8 1
11 9 8
1
14 13 3
1
14 11 24
3
11 7 4
12 10 8
15 11 13
1
12 9 8
0
0
0
2
17 13 3
13 10 13
0
1
13 6 12
2
14 12 1
14 11 9
1
13 6 5
0
0
3
13 11 6
14 13 14
15 10 18
1
13 10 21
0
2
15 15 0
17 15 24
1
16 13 13
2
11 9 18
17 11 24
2
17 13 7
18 14 22
3
14 11 3
19 18 5
19 17 13
2
19 14 5
19 17 13
3
18 14 5
23 19 7
11 7 24
0
1
13 8 12
1
18 18 5
1
18 17 17
1
17 16 10
0
1
9 8 2
2
12 11 15
17 13 18
1
17 11 21
0
0
1
18 13 0
2
17 12 11
14 10 23
2
17 14 1
24 17 18
1
16 13 1
3
22 20 0
23 18 1
15 13 7
2
23 20 3
24 20 24
1
19 15 9
1
13 12 0
1
11 9 13
1
13 11 11
0
2
22 19 0
19 16 21
1
21 19 2
2
23 22 8
17 15 10
0
0
1
29 28 9
0
0
0
5
21 15 7
25 20 10
17 15 19
26 18 22
18 15 24
0
2
26 16 0
21 18 13
0
2
27 27 11
32 37 22
0
1
21 22 13
0
0
0
1
26 17 3
0
1
22 16 1
1
23 17 10
2
29 23 7
24 21 15
1
23 23 1
0
1
16 11 23
1
26 20 14
2
19 14 12
25 20 23
0
2
19 17 4
46 38 8
1
25 22 8
1
31 24 8
0
2
20 17 3
22 18 12
0
2
24 23 4
27 25 13
2
25 17 0
21 15 13
3
19 13 0
30 23 7
33 28 21
0
2
32 24 3
21 17 22
2
32 27 0
31 22 5
5
31 18 7
34 29 9
26 18 11
31 31 13
21 16 22
2
24 23 0
24 21 12
0
1
29 20 12
1
31 25 1
2
24 17 7
22 18 24
2
33 31 9
24 19 11
1
25 22 13
3
35 30 0
23 21 9
24 21 18
2
33 25 0
21 15 7
1
25 18 11
1
32 19 8
2
24 19 8
19 20 17
2
19 16 0
42 36 10
1
26 14 1
2
28 22 7
40 31 15
2
28 23 7
17 15 21
1
34 29 24
0
0
1
37 28 15
2
21 18 2
34 29 21
0
1
25 17 14
0
1
32 27 9
2
36 37 7
31 21 13
1
36 28 10
0
3
28 19 6
26 22 7
27 23 12
1
32 27 11
0
0
1
32 28 4
1
25 17 3
1
35 24 12
0
1
33 25 14
0
1
30 22 11
0
2
34 30 15
20 15 18
2
29 24 7
37 28 22
1
21 18 0
1
28 27 23
1
30 27 22
1
46 32 0
0
2
45 37 11
42 26 22
1
32 27 17
3
51 37 12
39 27 13
26 22 18
3
44 29 4
33 29 12
28 20 13
0
1
23 22 22
1
31 20 22
0
1
35 24 3
3
48 42 0
31 24 11
31 30 13
1
38 32 13
4
34 26 7
27 19 11
36 32 12
38 29 21
0
1
33 25 0
1
17 11 22
2
46 42 5
35 24 24
2
31 20 1
27 23 5
2
31 28 7
51 35 9
2
39 33 7
36 26 22
1
26 18 14
2
37 32 11
27 24 22
0
2
40 33 11
45 43 15
2
28 21 0
30 23 24
2
44 43 1
43 34 2
1
28 25 17
3
47 37 3
35 28 9
47 31 24
4
53 47 1
37 28 3
36 20 8
35 32 15
4
31 26 4
44 28 6
26 24 12
41 30 15
3
51 33 7
38 38 18
41 35 24
2
42 27 13
33 23 15
1
36 28 3
1
32 21 4
3
39 27 0
33 29 1
35 22 24
0
0
1
39 29 11
1
58 49 2
1
32 26 1
2
33 30 1
42 30 24
0
2
46 37 0
29 20 15
1
34 33 24
0
1
48 34 9
1
31 30 2
3
36 26 7
38 24 23
26 20 24
2
58 40 16
29 23 22
2
42 34 0
53 34 2
3
58 48 4
42 29 13
42 32 24
2
31 26 8
49 39 22
0
1
36 23 15
1
46 32 22
3
39 29 5
40 31 12
31 23 21
1
33 29 24
2
40 32 1
60 44 11
1
40 31 0
3
21 18 2
56 51 11
50 40 14
2
48 36 2
45 36 3
0
0
1
37 33 5
2
47 47 11
38 29 23
0
1
43 29 12
0
0
0
1
43 29 12
3
44 36 0
59 50 22
43 40 23
2
45 33 5
45 37 21
0
0
2
48 21 10
53 46 24
1
52 43 3
1
48 36 22
2
45 49 5
26 20 8
2
60 43 3
40 31 9
1
39 36 15
0
2
28 24 14
54 41 24
1
42 32 10
2
50 37 8
40 36 10
0
1
50 42 15
1
41 38 1
3
45 34 0
28 22 2
26 23 3
1
47 35 3
0
0
0
2
53 38 0
35 28 12
3
33 29 20
49 46 22
28 23 23
0
1
40 36 22
1
58 44 24
0
0
1
47 37 7
0
0
1
48 38 18
0
3
49 45 7
53 33 10
65 58 12
0
2
52 43 10
20 15 22
1
51 32 1
0
1
44 32 11
2
39 30 15
48 40 18
3
42 41 0
40 23 12
50 49 23
2
46 36 5
54 45 12
0
1
55 38 22
1
37 25 23
0
2
47 35 9
52 35 12
1
64 47 4
1
64 55 2
0
1
41 40 11
1
59 56 8
1
55 38 5
0
2
59 58 1
65 52 8
0
1
38 29 12
1
53 40 5
1
49 32 11
0
1
46 41 5
1
54 46 5
1
54 45 3
1
58 50 2
1
68 56 5
1
60 47 5
1
54 39 7
1
44 38 23
2
46 35 10
57 41 23
2
64 48 2
55 42 7
0
0
2
83 68 5
46 36 6
0
1
43 33 14
1
62 52 5
2
54 34 8
75 76 24
1
40 29 17
2
38 27 22
48 39 24
3
54 56 3
45 28 14
54 43 17
2
58 41 12
67 58 24
2
63 42 3
60 43 12
1
41 33 11
1
56 39 23
1
101 80 14
2
72 58 8
66 50 18
0
1
80 47 12
1
79 53 5
3
53 36 3
56 56 8
70 61 18
2
37 34 0
59 44 8
1
44 43 23
0
0
0
0
2
68 58 0
60 37 7
3
58 33 5
49 38 12
65 64 13
2
46 38 8
56 44 15
2
54 42 1
45 31 6
2
33 22 7
48 39 11
2
52 39 0
49 35 9
2
58 46 1
55 47 2
0
2
59 39 2
57 37 7
2
60 56 7
70 71 24
1
63 38 4
2
58 30 8
80 57 13
2
48 38 1
60 32 24
0
0
0
1
58 41 14
1
52 35 8
2
57 52 3
76 58 5
2
56 47 10
65 60 11
2
50 34 11
52 29 24
1
72 66 11
1
49 44 21
0
1
60 54 22
2
71 49 18
47 43 23
2
71 55 3
80 66 23
2
49 49 1
59 50 18
1
55 47 8
0
1
64 53 6
1
58 40 14
1
56 49 9
3
57 53 4
61 40 19
55 47 24
3
61 43 0
66 44 12
73 49 23
0
0
0
0
0
3
34 28 2
63 55 4
79 75 24
0
0
1
60 37 14
3
90 61 3
60 46 23
59 43 24
1
77 71 19
1
74 39 24
1
85 62 4
2
74 67 5
54 43 18
0
1
70 70 9
3
73 62 0
71 56 3
69 52 24
0
1
53 51 18
0
1
63 55 15
4
81 63 18
72 60 21
62 57 23
55 42 24
1
50 39 12
0
2
46 36 4
73 61 8
1
65 64 3
2
65 46 9
74 49 14
1
67 47 3
0
1
63 45 7
2
39 30 4
55 40 15
1
52 33 11
0
3
81 56 12
78 75 15
75 49 23
2
103 92 14
29 23 19
0
1
83 61 11
1
75 63 20
0
3
67 61 1
67 51 15
59 41 16
0
1
78 46 7
0
2
41 31 7
31 23 15
0
2
75 60 0
80 55 15
2
57 45 12
63 44 23
2
97 63 10
80 70 21
0
0
1
56 51 8
0
1
98 63 11
1
104 73 2
1
74 65 0
3
75 55 4
72 55 8
65 46 24
0
1
66 56 21
1
63 39 7
1
69 56 15
2
68 55 14
94 84 24
2
46 39 1
98 67 9
4
86 60 0
73 53 7
54 32 10
68 57 13
3
52 44 0
50 40 11
81 82 12
1
62 46 14
2
78 62 0
98 77 1
1
75 63 4
4
57 53 0
73 50 11
89 56 12
66 50 24
2
56 47 0
73 58 22
2
78 59 0
61 53 12
2
60 48 3
53 31 9
0
1
93 77 23
2
91 70 5
101 70 13
1
70 52 11
3
58 44 1
85 69 12
81 46 15
1
72 66 23
0
1
71 55 2
1
88 50 15
1
70 50 24
1
65 50 3
2
77 57 5
89 85 9
1
79 61 18
1
67 63 3
1
95 57 5
3
98 88 8
67 40 18
53 40 24
2
68 61 8
61 36 10
1
83 55 7
1
98 85 1
1
84 73 12
2
76 59 0
70 64 5
0
0
0
2
75 62 3
73 53 22
2
65 51 9
93 62 15
1
89 68 16
1
60 50 0
1
78 69 10
0
0
1
94 76 24
0
1
70 55 14
4
71 66 1
103 101 18
84 75 22
56 43 24
2
102 79 12
68 56 20
0
0
1
79 61 2
1
90 68 18
1
90 84 12
3
104 83 3
93 69 17
82 79 23
1
74 73 3
0
0
1
86 86 21
1
96 75 7
2
90 83 10
91 79 15
2
91 80 19
95 69 20
1
99 83 7
3
105 78 4
99 97 11
77 48 22
0
0
0
0
1
109 91 13
0
3
54 52 0
71 48 8
77 63 15
1
71 40 18
4
90 69 7
83 88 10
74 51 11
79 59 12
2
74 41 4
73 57 24
1
102 75 14
1
121 91 13
1
97 78 8
1
74 75 8
0
1
68 47 1
3
94 80 7
100 69 14
94 70 20
0
3
89 75 1
104 79 3
65 49 8
1
84 69 5
2
72 60 8
90 63 13
1
99 71 21
0
1
101 81 5
1
51 33 6
1
66 52 6
1
112 79 12
2
77 73 18
59 42 21
1
59 42 13
1
92 68 8
2
69 58 5
70 52 23
3
86 73 0
56 41 4
85 68 12
0
1
97 82 0
2
90 74 9
50 42 23
0
0
1
95 84 15
2
107 75 6
56 48 9
1
91 71 9
2
69 57 0
90 73 12
2
81 75 3
53 42 23
1
100 70 21
3
93 79 7
100 80 10
77 44 17
1
93 64 5
1
70 50 3
2
86 69 13
89 72 24
2
74 53 11
113 82 22
2
94 67 7
92 68 18
1
120 103 14
0
1
87 65 18
0
1
78 55 7
0
3
94 71 2
80 59 22
106 85 24
2
99 76 1
70 56 17
0
2
103 84 16
99 82 24
0
2
99 83 1
80 74 2
1
96 85 6
1
140 121 1
1
117 117 18
2
74 57 10
119 88 14
0
1
82 69 22
2
98 85 15
81 54 18
0
0
0
0
1
100 79 24
1
96 79 0
3
76 44 3
104 97 12
93 62 15
0
2
86 64 5
85 79 9
1
99 83 14
2
108 92 1
88 74 4
4
101 68 10
118 75 11
92 71 13
87 71 23
3
97 78 0
107 86 1
107 103 10
1
60 48 9
1
88 72 4
0
1
98 86 23
2
60 57 15
65 56 23
1
113 100 5
2
110 86 7
101 100 18
4
87 75 1
111 96 9
90 63 22
94 81 24
0
1
109 85 3
1
100 68 18
2
111 92 7
93 85 23
0
1
65 47 15
1
138 116 22
0
1
103 90 13
1
113 99 3
1
71 56 15
0
0
1
89 71 1
2
92 71 4
120 109 12
1
98 96 12
1
101 66 9
0
1
83 70 23
0
2
129 98 4
90 62 12
0
2
105 82 7
87 73 12
1
101 83 9
2
80 63 1
83 63 2
0
1
86 71 0
1
116 99 9
2
90 57 17
123 84 18
0
2
108 94 2
87 77 3
0
0
2
101 80 5
101 90 24
3
100 66 7
96 72 9
99 71 10
1
107 96 8
0
0
1
81 81 2
1
103 75 0
1
95 73 22
2
112 102 0
115 100 12
0
0
3
89 84 8
129 97 12
111 85 13
2
144 136 1
77 59 3
0
0
2
103 89 8
105 92 23
2
148 123 1
128 115 11
2
110 67 13
117 100 18
1
70 48 18
0
3
144 83 3
102 94 8
119 93 24
3
104 82 2
113 101 3
106 101 12
1
68 59 14
0
1
105 106 0
1
141 103 22
1
108 92 24
2
110 75 3
84 68 11
0
2
134 121 8
90 72 18
2
97 76 5
78 69 13
0
2
78 59 0
145 121 19
2
94 74 5
122 108 23
0
2
129 121 1
107 87 7
1
117 96 7
1
111 105 10
2
100 80 14
139 96 23
1
132 109 12
0
3
85 61 3
121 87 4
133 112 5
2
128 91 8
109 79 23
3
94 85 5
106 107 12
119 121 18
2
152 118 0
71 58 10
2
78 58 0
102 77 7
0
1
108 92 0
1
84 63 24
2
136 100 10
116 103 24
1
141 109 7
3
97 77 0
115 94 11
103 87 17
1
80 66 23
3
60 59 11
119 98 23
126 105 24
1
108 78 13
1
91 89 4
2
81 65 1
137 127 22
3
109 94 9
74 55 11
69 59 21
0
2
104 74 18
137 109 22
0
1
107 84 18
1
89 76 23
0
2
92 90 6
135 110 12
1
105 82 10
0
1
106 86 8
0
0
1
130 101 6
3
81 65 1
76 67 8
126 105 16
0
1
128 106 15
1
74 63 23
2
75 52 11
120 100 23
1
105 102 18
2
122 118 15
117 103 18
1
132 85 10
2
109 80 0
86 74 23
0
3
120 98 2
84 68 18
133 130 24
3
94 72 0
90 63 5
115 83 12
2
106 77 12
130 97 21
0
1
98 60 1
0
3
113 110 7
124 95 9
105 87 12
1
174 123 0
2
118 91 12
128 111 15
1
137 82 4
1
115 97 18
1
142 119 3
1
95 75 22
2
131 122 2
118 94 15
0
2
125 87 5
139 149 18
2
92 55 0
74 63 8
1
81 67 6
1
56 55 7
1
89 59 5
0
0
2
112 92 9
93 80 12
0
1
94 80 6
3
123 108 4
123 88 11
126 111 23
2
105 96 0
108 98 8
6
89 57 1
120 87 5
121 92 8
128 95 11
70 46 12
95 89 21
3
109 101 2
109 76 12
81 60 16
2
109 75 4
110 95 8
1
130 120 5
2
132 107 12
118 80 17
1
149 102 2
0
1
111 82 14
1
108 92 15
2
135 114 3
104 87 8
0
1
133 101 0
1
132 93 15
4
106 81 2
102 82 3
134 109 7
125 110 11
3
117 84 1
89 55 7
143 129 12
4
124 113 7
142 125 8
139 115 17
106 75 18
0
0
0
1
117 90 11
0
0
2
121 84 0
153 127 18
3
100 83 2
169 119 14
72 60 21
3
124 113 8
123 87 22
112 90 24
1
100 79 8
1
151 131 12
1
82 63 22
1
121 70 9
1
129 107 2
1
107 80 14
0
0
0
0
0
4
155 114 1
130 102 6
145 118 9
179 161 14
2
119 93 11
109 103 24
2
149 108 7
142 126 9
2
105 88 4
126 100 24
2
170 151 3
130 105 13
0
1
140 105 20
1
126 99 17
0
2
154 132 5
106 77 15
1
169 146 18
1
151 130 1
2
173 101 3
136 108 8
1
96 82 10
1
132 115 7
0
0
0
0
2
123 113 7
90 71 15
1
119 100 14
0
1
87 70 11
0
3
112 97 2
98 61 8
154 136 11
2
128 114 9
180 118 20
1
82 67 13
1
101 71 5
2
121 99 9
115 106 12
1
101 68 1
3
105 70 5
146 135 23
105 74 24
1
145 129 0
2
89 61 9
173 153 15
0
2
96 72 4
140 102 21
0
2
123 105 0
136 118 7
0
2
97 92 6
106 89 23
2
177 123 0
123 88 22
2
114 100 2
103 92 6
1
110 78 17
1
95 65 16
2
97 64 5
171 172 15
3
86 63 7
93 74 8
109 87 23
4
154 133 1
121 118 7
118 78 16
116 120 24
0
1
120 111 0
2
151 120 5
115 91 23
0
1
139 104 1
0
3
131 109 1
160 115 4
142 119 13
0
2
136 127 1
135 94 18
1
110 81 4
1
105 104 7
0
1
136 110 8
2
189 142 4
158 144 17
1
188 164 23
3
130 98 3
86 80 22
99 71 23
3
134 95 1
133 116 5
126 91 8
4
97 69 0
123 99 5
92 75 8
94 92 14
1
85 71 7
1
111 83 5
0
2
150 107 5
131 95 21
1
116 86 9
2
148 148 0
213 176 14
2
141 116 8
103 76 12
0
1
122 120 4
1
95 78 18
1
134 102 18
0
2
160 128 11
126 117 12
1
137 134 1
4
109 90 12
171 134 13
90 64 14
130 115 15
0
2
122 106 0
178 159 22
1
127 116 12
1
87 70 22
3
145 103 10
195 159 11
109 75 14
0
1
187 179 10
0
0
0
2
144 94 0
103 68 12
4
151 135 7
97 86 8
108 72 12
156 119 15
2
109 92 3
107 70 20
1
146 101 3
2
177 133 8
131 92 24
1
108 87 24
0
0
0
0
1
111 91 15
2
132 96 1
115 116 5
2
114 108 7
116 114 15
2
156 132 3
154 124 19
1
122 97 15
2
173 136 4
125 106 20
1
131 79 18
1
136 98 7
0
3
195 150 10
168 162 13
86 59 18
2
92 75 10
186 157 13
0
0
1
151 124 7
2
152 120 14
146 117 17
2
165 133 8
126 114 14
2
126 99 10
144 114 15
2
121 102 11
137 110 14
1
146 102 9
3
124 95 0
163 132 12
145 136 18
2
100 75 3
161 112 7
1
147 122 20
0
0
1
137 115 20
1
142 118 14
1
129 101 0
1
166 135 5
0
2
111 73 18
108 87 23
0
2
131 111 10
190 133 11
2
104 68 11
158 115 17
2
158 125 15
138 117 23
3
152 124 3
154 135 5
134 126 13
1
177 176 15
1
161 153 8
0
0
0
2
120 111 4
157 106 13
0
0
2
149 128 15
69 52 18
3
163 123 0
94 85 1
91 77 22
2
162 120 8
150 121 12
1
110 77 11
1
150 123 10
1
145 129 11
2
125 99 0
149 110 11
1
177 118 18
1
173 111 14
1
147 124 12
1
171 131 11
2
118 104 5
92 64 7
2
170 151 1
141 118 12
1
129 120 10
2
102 85 12
151 125 18
1
145 115 12
1
160 133 1
0
3
162 113 6
121 90 14
91 65 21
1
139 99 6
0
3
153 131 3
176 175 14
116 84 22
1
156 111 0
2
134 108 5
156 121 10
1
165 144 0
2
152 157 1
115 86 12
1
87 64 12
0
2
145 130 3
192 129 20
3
194 148 1
133 110 10
111 89 24
1
154 115 24
2
193 135 18
101 78 23
1
155 145 3
1
148 105 20
1
192 144 15
0
3
118 81 11
145 127 13
170 126 18
1
139 102 23
3
149 125 0
136 102 4
182 127 11
2
186 161 6
165 127 24
1
147 131 10
1
136 106 13
0
3
132 90 0
144 119 8
147 92 13
1
161 118 0
0
3
118 92 3
143 119 16
134 87 21
1
130 108 23
2
149 107 9
157 129 17
1
199 169 8
2
129 105 0
96 52 9
1
140 107 7
2
153 100 9
106 51 17
2
125 94 5
132 138 10
1
147 121 8
1
166 98 24
0
2
195 161 8
146 126 23
3
195 170 2
172 165 9
174 148 15
2
169 148 7
209 153 11
0
1
187 178 23
2
145 122 2
139 117 24
1
152 134 9
1
173 133 5
2
150 149 4
154 109 17
0
2
197 145 7
124 104 11
1
95 78 9
2
174 149 12
123 84 22
1
184 109 3
3
120 117 14
164 146 15
122 73 18
3
196 148 3
158 142 14
192 149 22
3
177 91 1
151 130 3
134 98 8
0
0
0
0
1
140 92 10
1
149 124 3
2
163 144 7
114 85 11
2
134 118 17
182 151 19
0
1
132 117 10
3
194 165 3
161 100 8
167 148 9
1
170 158 24
2
178 145 1
155 129 13
2
189 141 21
231 183 22
2
178 156 4
175 139 11
1
164 122 5
0
1
134 121 5
2
180 151 10
215 179 24
