6 3 3 5 7 3 8 2 4 7 5 5 3 3 8 1 7 1 3 1 2 8 4 4 7
0
0
0
1
8 7 21
2
8 6 14
5 4 21
0
0
0
2
8 5 18
9 6 23
1
7 4 13
1
11 7 22
0
0
2
9 6 10
10 8 14
1
8 6 9
1
9 8 4
0
1
5 3 4
0
0
1
13 9 18
2
9 8 14
13 11 20
1
14 11 11
2
12 12 7
10 11 22
1
12 10 24
0
1
12 8 4
0
2
11 9 16
11 8 20
4
13 8 3
7 6 8
9 7 13
13 9 24
1
10 7 14
2
11 7 7
13 10 18
1
13 11 10
2
11 9 0
13 10 6
2
8 7 14
11 10 17
0
2
13 11 6
17 14 23
4
16 13 3
15 12 4
15 11 11
10 8 14
0
0
3
15 10 1
15 9 12
16 12 13
1
12 9 8
3
19 15 4
11 9 8
18 15 10
2
12 9 2
14 11 16
0
2
18 17 6
16 18 10
0
1
16 14 12
1
15 12 11
0
1
12 8 24
3
13 12 1
14 11 2
10 6 4
2
14 9 0
15 12 22
1
17 15 23
1
19 14 14
0
0
2
11 9 14
21 19 22
0
2
19 19 4
11 8 16
3
13 12 8
16 13 11
21 21 21
0
0
2
20 18 4
16 12 7
1
21 16 0
1
21 18 16
0
2
22 15 5
15 11 16
2
22 15 13
14 10 16
2
18 11 5
23 21 6
0
1
18 16 3
1
18 13 22
1
14 10 24
2
16 13 0
19 18 21
1
20 15 0
1
26 19 14
0
0
2
20 14 5
14 12 21
1
15 13 14
3
15 10 5
18 15 10
23 23 20
2
21 14 14
16 14 16
0
1
16 13 14
4
22 19 3
20 16 11
10 9 18
21 18 20
1
21 19 14
0
2
26 22 4
16 10 6
2
23 17 4
24 20 16
1
18 15 10
2
14 12 1
19 15 5
1
22 17 13
0
1
19 13 13
1
20 16 9
2
24 19 8
21 15 18
1
26 21 21
0
2
21 15 10
29 21 11
0
0
2
22 20 9
18 14 16
0
1
27 20 11
1
24 23 21
3
18 13 0
14 13 5
30 24 24
0
1
19 16 0
2
19 13 4
20 19 9
0
0
2
28 18 5
20 17 23
1
24 20 12
1
21 17 21
0
1
22 19 24
2
24 24 6
34 27 12
2
29 23 20
30 26 22
0
3
26 19 0
27 25 6
25 20 10
2
31 23 6
30 27 24
1
30 21 6
1
24 18 10
0
2
24 18 2
37 31 8
0
1
23 21 12
1
12 12 23
2
26 19 11
28 19 13
2
24 20 6
29 28 18
0
0
0
0
3
32 30 11
26 20 16
22 22 24
1
24 21 8
0
2
34 24 9
20 15 21
0
0
0
1
45 33 14
1
30 22 21
2
35 25 7
34 21 14
0
2
29 23 6
21 19 18
1
24 19 21
1
36 33 5
1
27 19 3
2
31 30 9
27 19 12
1
34 27 8
1
28 21 14
3
29 25 14
24 19 16
23 17 22
2
33 33 10
41 31 16
1
40 28 24
1
25 20 14
2
31 26 1
23 15 11
0
0
1
28 19 9
0
0
0
1
33 32 3
3
33 28 0
29 19 14
31 25 18
0
1
31 25 4
2
31 20 9
25 22 14
2
28 20 12
27 22 21
2
23 22 13
40 36 16
0
0
2
31 24 14
34 32 24
0
0
1
44 34 23
2
32 25 6
23 19 24
2
41 35 13
40 27 16
2
33 26 6
26 22 9
0
3
43 35 3
33 24 6
40 33 21
3
29 24 2
30 24 4
36 20 11
1
31 27 0
0
0
0
2
40 30 3
32 30 9
0
1
34 27 6
2
40 32 9
25 19 15
3
34 27 4
17 13 8
38 29 11
0
2
26 22 16
42 26 21
2
27 24 8
43 39 23
0
0
1
40 26 4
2
44 41 0
24 17 18
1
19 11 0
1
41 36 10
2
36 28 0
37 25 14
1
34 30 11
1
32 33 16
2
49 34 8
52 36 21
0
1
45 29 18
0
0
3
30 23 3
22 17 21
51 44 22
0
1
34 28 4
0
2
44 31 10
48 45 18
1
51 44 16
1
40 34 16
3
35 21 0
26 24 6
34 29 9
1
30 25 3
0
0
0
1
36 32 14
0
3
51 43 1
40 40 7
37 33 20
0
1
41 28 10
2
56 50 3
40 32 6
0
0
0
1
54 48 4
2
53 40 13
26 19 16
1
28 19 10
0
2
41 39 18
47 43 22
1
47 36 4
3
39 34 0
54 49 6
40 28 10
1
34 28 22
0
0
1
54 38 23
0
0
1
44 39 2
1
43 41 23
2
37 26 0
54 43 4
1
41 36 16
0
1
42 41 0
0
2
42 34 4
42 29 6
0
0
2
48 35 11
37 32 24
3
43 32 4
45 38 18
45 44 20
2
40 38 11
41 37 19
1
62 55 14
1
43 33 21
0
1
38 28 21
1
31 27 14
3
50 44 3
27 22 18
42 38 20
1
27 20 24
1
59 44 14
0
2
48 49 8
52 37 9
2
58 47 1
57 42 20
2
58 41 12
48 31 24
0
1
18 17 6
0
0
2
53 42 9
45 39 19
2
57 51 8
57 39 11
0
1
39 30 17
1
54 46 6
1
53 32 6
0
1
44 34 13
3
69 52 12
39 25 14
32 32 21
2
55 38 2
44 39 16
1
51 45 1
2
71 57 0
55 53 9
0
2
41 34 14
41 34 17
0
3
41 33 0
53 45 6
42 34 16
1
51 39 16
1
49 40 22
0
1
51 42 9
1
67 48 21
1
46 45 14
1
45 34 24
1
47 37 6
0
1
54 44 8
2
72 46 0
36 27 22
3
56 51 10
50 38 14
63 47 17
2
45 28 16
67 52 18
4
61 55 14
60 45 19
51 36 22
75 58 24
1
41 34 24
0
3
67 66 4
34 32 14
61 50 16
1
50 36 2
1
53 39 21
0
1
51 33 9
1
50 41 14
1
66 51 23
3
57 42 1
51 42 11
44 32 14
0
0
1
71 65 19
2
48 30 9
45 36 10
1
45 35 16
1
41 36 19
2
47 40 9
41 29 11
2
42 32 2
41 29 21
0
1
54 46 0
1
45 41 4
2
59 41 2
64 51 14
1
52 42 24
1
48 36 10
1
57 37 10
2
49 45 11
64 55 21
1
70 55 16
0
0
1
59 46 24
0
0
0
1
44 34 3
0
0
0
3
61 43 3
52 43 10
79 61 16
0
1
43 41 14
2
57 43 9
73 54 11
2
61 46 6
62 50 18
2
50 39 0
60 56 9
2
62 55 1
72 58 5
1
60 43 22
2
52 42 11
35 28 21
1
68 53 6
0
2
58 51 12
33 26 16
1
61 48 21
0
1
67 59 4
2
56 45 5
50 29 23
0
0
1
53 46 24
2
39 23 6
59 40 22
2
52 42 10
40 35 23
3
53 43 2
42 34 5
61 43 24
1
82 64 4
0
1
79 68 14
1
54 57 10
0
2
61 40 9
47 38 14
0
0
1
49 42 23
2
63 40 6
43 31 15
0
3
72 71 10
62 50 23
51 44 24
1
70 59 9
4
50 32 15
98 91 18
77 45 21
77 56 22
1
55 49 8
2
59 43 14
66 46 20
2
68 47 0
57 45 1
0
1
77 56 11
1
82 64 4
0
1
53 48 14
1
77 66 15
1
46 37 4
1
87 74 17
0
0
1
62 62 9
0
1
91 76 6
4
77 66 6
47 42 11
75 54 14
57 50 15
3
62 57 9
71 51 12
75 68 18
1
62 54 21
2
63 49 3
84 70 5
0
1
58 47 24
0
0
2
65 58 6
78 69 10
1
59 48 9
1
72 60 16
0
0
1
63 41 10
0
1
63 59 3
1
60 43 11
0
0
2
67 49 0
70 68 14
0
0
1
77 71 12
0
1
75 68 23
0
1
76 69 6
2
100 70 4
66 49 14
1
64 50 10
0
0
1
77 46 11
1
62 49 21
1
47 35 6
3
59 46 8
55 52 9
57 47 24
2
49 39 10
57 48 24
1
75 60 19
1
97 70 23
0
2
66 46 14
80 67 24
1
75 71 9
0
0
0
2
70 59 8
108 71 13
1
80 72 16
1
75 52 16
0
0
1
86 70 15
2
60 51 22
72 69 23
0
1
67 48 2
1
57 44 5
0
1
80 59 7
1
66 50 11
0
1
87 84 24
3
76 48 2
69 53 6
82 69 22
0
3
72 66 12
87 71 16
71 52 18
0
0
3
59 41 6
73 57 11
70 67 24
0
0
1
98 88 0
1
70 58 9
0
1
20 19 14
2
89 79 1
75 42 21
1
79 71 3
1
91 66 7
0
1
98 87 10
1
98 86 2
1
66 52 6
1
77 72 8
0
2
103 83 10
77 52 21
0
0
1
88 60 23
1
65 50 20
0
3
82 70 4
68 52 16
79 52 23
0
1
99 53 21
2
78 65 8
74 62 9
3
87 76 12
67 48 13
74 63 14
2
94 81 0
74 63 20
1
70 53 24
0
0
1
51 38 15
2
108 80 9
118 83 13
3
82 62 0
86 75 2
74 53 4
1
78 52 6
1
87 73 24
2
59 53 6
99 92 21
1
86 67 24
0
0
0
0
0
2
120 95 0
78 65 12
1
82 86 9
0
1
93 73 21
0
1
80 57 4
3
76 48 0
66 47 8
72 50 24
0
3
102 75 14
71 73 18
69 62 21
1
85 62 7
0
1
95 68 3
1
82 57 23
1
69 54 14
1
88 80 21
0
1
115 96 4
0
0
3
71 45 9
86 79 14
49 39 16
1
70 55 9
1
99 79 4
0
1
125 85 6
2
76 60 3
89 79 14
2
53 37 1
79 63 8
0
0
3
72 50 6
94 80 11
55 49 23
1
71 60 16
1
62 57 10
3
113 116 3
68 47 18
97 87 24
1
106 75 2
4
50 39 2
79 65 4
67 65 6
76 87 14
3
81 74 3
63 46 11
119 96 21
2
95 71 11
94 86 23
0
1
85 76 13
1
76 61 9
2
73 58 12
99 70 18
0
0
2
95 74 22
57 51 23
1
84 59 21
2
66 39 1
119 104 5
0
0
2
84 55 0
93 55 17
2
80 56 9
92 64 23
2
90 76 5
112 87 21
2
93 75 19
85 80 24
1
115 93 20
2
60 49 3
101 63 4
2
89 79 0
120 85 16
1
89 79 6
2
74 66 9
83 70 13
1
72 57 10
0
1
93 67 0
1
102 81 24
1
97 86 13
0
0
1
94 56 21
1
104 79 23
1
78 61 10
0
1
99 83 3
2
66 55 10
85 67 23
1
107 92 0
1
116 90 6
1
106 77 10
0
0
0
1
59 53 16
0
0
0
2
86 65 17
77 62 21
2
82 65 12
70 59 23
1
118 94 14
1
84 75 14
1
117 93 10
1
94 63 24
0
2
62 54 3
71 47 6
0
3
129 105 0
69 62 9
132 89 11
0
1
61 46 6
1
83 67 5
1
81 74 9
0
2
98 86 0
120 86 21
3
98 64 6
98 79 9
91 84 12
2
82 63 11
72 52 12
1
109 91 4
1
57 41 4
0
2
83 65 21
91 69 24
1
161 151 0
0
3
95 75 0
114 88 10
149 130 24
0
1
67 52 14
2
123 103 3
81 61 10
0
1
130 104 18
1
128 112 24
1
118 106 9
3
97 88 9
86 50 18
118 89 24
2
96 62 6
86 63 10
4
104 82 7
94 71 9
118 84 15
102 82 16
2
72 51 7
98 99 16
0
2
93 72 3
122 90 6
2
65 46 21
104 85 22
0
0
2
94 82 3
73 50 22
1
82 66 5
2
114 101 6
109 96 7
1
110 63 11
2
81 86 10
55 42 11
1
112 101 4
3
73 68 6
123 95 21
83 67 22
0
0
0
2
50 41 16
97 83 22
0
0
0
0
1
108 101 11
2
149 96 6
107 110 24
3
96 71 0
116 74 16
100 100 18
0
3
110 100 0
88 66 6
103 98 8
2
126 123 0
120 95 11
0
1
108 87 9
3
84 52 4
97 70 14
146 88 21
1
114 116 0
0
2
108 93 6
122 102 24
0
1
114 69 20
1
115 101 6
1
103 87 21
0
2
94 79 4
46 31 7
0
0
3
118 104 14
86 48 20
111 97 21
1
101 86 18
2
73 58 4
128 116 14
1
122 88 4
2
164 137 4
87 79 21
2
76 62 1
130 102 4
0
1
128 106 19
4
87 79 4
113 99 9
81 56 10
69 61 14
1
113 84 16
1
132 97 16
1
130 97 14
1
119 90 14
0
1
133 98 10
0
0
2
112 76 6
114 86 21
1
101 96 19
2
143 113 13
102 77 22
2
129 75 16
104 95 24
1
99 99 21
2
112 89 9
108 81 15
0
1
137 108 21
0
1
139 102 9
0
2
72 66 6
93 80 11
2
88 95 15
92 67 21
0
4
126 92 4
146 126 9
148 130 16
100 63 22
1
95 81 7
1
81 49 0
0
2
84 71 14
86 76 16
0
0
2
107 81 1
112 89 4
2
137 142 3
74 60 7
0
1
128 88 24
0
1
97 87 20
2
109 91 14
133 115 21
0
1
150 97 4
0
0
0
0
1
84 50 9
0
1
112 69 24
0
2
123 103 1
116 85 11
1
115 68 9
0
1
131 78 18
0
1
122 95 6
2
153 124 12
129 101 24
2
175 146 6
122 102 7
1
106 96 10
0
0
2
130 107 4
74 53 11
0
1
78 66 16
2
148 115 11
80 66 14
2
86 71 5
140 88 23
1
100 95 1
2
81 62 0
116 99 21
0
2
134 108 6
75 53 16
1
91 83 0
1
123 105 9
1
116 106 23
0
2
124 82 4
78 62 21
1
100 75 13
1
100 88 11
1
118 82 0
2
118 91 1
86 64 9
2
144 107 8
116 91 21
0
0
0
1
142 115 23
1
112 72 1
0
2
127 109 4
165 131 8
0
1
119 99 5
1
89 59 9
0
2
168 129 14
126 95 15
0
0
1
91 87 8
2
118 77 1
130 101 11
0
1
96 79 21
3
98 77 8
107 87 21
98 66 24
2
102 96 5
139 110 24
0
1
126 118 24
0
1
131 120 13
1
78 61 13
1
97 74 20
0
3
146 122 0
153 103 16
120 122 23
0
0
0
1
131 92 13
1
118 101 15
1
120 112 14
2
70 47 9
114 106 24
1
136 96 3
0
1
96 86 10
2
122 70 1
195 182 16
3
103 71 0
109 83 14
93 71 23
0
0
1
123 81 24
2
77 56 1
146 114 14
0
0
1
120 97 21
1
163 147 20
0
0
0
1
148 125 14
0
0
0
3
108 96 4
149 113 7
160 135 20
1
119 92 6
1
111 116 0
5
81 68 9
112 82 11
131 90 12
73 62 21
95 69 23
0
0
2
126 106 13
144 97 18
0
3
130 118 0
122 87 2
135 83 4
1
81 66 22
3
120 103 9
146 119 10
149 90 18
0
1
129 73 1
1
120 98 9
1
120 90 10
0
0
1
89 55 20
1
138 110 18
0
1
105 93 21
1
136 124 4
2
137 119 1
124 79 10
3
107 94 0
144 119 6
97 69 24
1
149 123 8
2
111 79 0
134 118 11
1
98 69 23
0
1
134 94 6
0
0
1
178 134 10
1
139 118 0
2
114 90 2
132 94 9
0
0
1
143 117 12
1
138 120 15
3
146 95 8
142 126 16
115 107 21
1
180 138 0
1
132 123 24
0
0
0
0
1
161 105 16
0
1
141 112 23
0
1
152 135 9
0
0
0
1
141 108 24
1
106 103 1
0
2
122 118 1
170 144 8
0
0
0
2
140 112 0
110 102 12
2
81 66 9
159 130 23
1
132 86 16
1
129 85 24
0
0
0
0
1
129 76 0
0
0
2
149 125 6
133 116 8
0
0
2
99 68 1
162 138 8
1
129 95 21
1
90 57 13
2
126 112 18
198 161 21
1
130 98 23
0
1
133 100 23
2
167 153 6
84 80 19
0
0
0
0
2
124 102 6
164 129 8
1
119 91 24
0
2
186 135 1
176 153 9
3
191 165 4
174 119 9
165 143 10
2
115 84 9
182 141 13
0
0
2
141 113 21
150 112 22
1
73 51 1
2
125 81 2
120 100 16
3
173 118 0
144 87 1
125 99 24
0
0
1
159 126 3
0
2
126 94 13
161 146 21
1
128 94 4
2
121 110 0
106 70 3
0
0
0
1
95 74 9
0
2
163 132 16
157 136 22
1
157 126 10
1
84 61 10
0
3
123 101 5
168 132 8
181 124 16
2
68 56 2
147 121 21
0
0
2
88 76 22
139 113 24
0
2
104 66 13
120 94 21
1
139 101 16
1
179 161 21
0
2
146 114 11
158 123 18
1
112 100 16
1
154 129 13
0
0
2
195 149 16
163 118 23
0
2
138 96 2
87 69 9
0
2
187 149 2
146 108 8
2
134 131 0
119 85 24
0
1
148 84 2
1
185 110 21
1
115 97 0
0
2
187 135 16
164 149 21
2
156 124 0
191 145 22
1
179 131 24
1
162 141 1
2
155 121 6
172 141 17
1
160 107 0
0
2
184 138 2
172 150 4
3
128 120 6
154 122 16
123 90 22
2
165 107 4
179 142 21
2
111 66 0
149 103 21
1
139 112 10
0
0
1
119 106 3
1
162 156 0
0
2
126 78 13
187 141 20
2
103 94 11
192 148 14
2
95 74 3
175 131 6
0
1
175 147 24
1
105 83 14
3
168 151 1
90 63 16
133 97 18
1
173 155 10
1
144 112 21
1
115 85 21
1
115 91 18
1
102 80 9
0
2
202 181 4
149 102 10
3
127 68 3
143 119 9
105 91 18
1
171 152 10
1
166 148 16
0
0
1
196 149 9
0
2
170 149 13
160 126 14
2
161 112 6
113 90 8
2
130 88 0
128 104 14
0
0
2
162 125 11
134 109 20
0
1
101 91 21
2
201 141 6
164 115 24
2
156 134 3
146 143 10
2
200 156 14
186 163 23
2
198 144 0
114 84 4
0
2
173 131 4
104 92 14
2
127 115 6
78 57 22
3
163 149 0
146 134 8
165 121 12
3
151 122 3
162 126 14
126 99 21
1
157 132 8
2
152 110 1
199 176 21
2
226 165 13
157 117 16
1
154 114 11
0
0
0
1
169 118 4
1
174 113 6
4
150 95 9
201 161 11
165 140 21
161 116 22
3
154 134 10
167 112 15
107 102 17
0
