8 2 2 8 3 1 2 6 3 2 4 6 7 1 7 4 5 5 6 1 6 7 6 2 2
1
9 8 24
1
7 5 20
1
9 7 16
1
5 5 8
2
8 6 8
8 7 10
0
0
1
10 8 3
1
10 9 7
0
2
9 6 11
8 5 19
0
1
8 6 3
0
1
10 6 14
3
11 10 2
10 9 15
13 11 21
2
5 3 0
7 6 21
2
7 6 2
7 5 9
0
1
7 6 14
1
8 6 22
1
7 6 22
2
9 8 14
10 9 16
0
1
8 6 18
1
13 10 16
1
10 8 7
1
11 8 17
1
5 5 0
0
1
12 11 11
0
2
11 10 10
7 6 14
1
13 10 17
1
13 10 9
0
0
1
11 9 7
2
8 5 0
12 9 17
1
11 7 20
2
17 14 20
17 16 21
2
13 10 4
11 9 24
0
0
1
15 12 13
0
1
15 6 16
0
0
3
14 12 15
12 11 22
13 10 23
0
1
19 18 0
2
14 11 2
16 14 11
1
15 12 0
3
13 9 2
13 14 21
13 13 24
1
8 6 9
2
9 5 4
18 12 18
1
22 19 4
1
15 12 11
0
0
2
18 15 15
16 10 22
0
2
15 11 3
20 18 14
0
0
0
2
23 18 3
18 16 10
3
16 14 13
16 16 15
18 16 16
0
1
23 18 21
2
21 14 11
18 11 14
0
1
25 19 14
2
14 10 15
21 18 18
0
0
1
17 11 0
2
17 12 7
18 12 18
0
3
21 17 0
20 17 3
16 13 21
1
27 23 11
0
4
9 6 16
20 15 18
27 19 20
21 15 21
0
1
14 12 20
0
2
25 23 11
23 17 16
1
18 14 14
1
18 16 7
0
2
16 13 0
16 13 17
2
18 14 18
31 30 19
1
18 14 11
1
23 19 16
0
0
1
16 11 10
1
17 14 0
1
28 23 15
2
29 21 20
20 15 21
1
20 15 20
0
2
18 12 4
19 17 11
0
1
13 11 16
0
0
1
23 18 10
2
24 22 10
23 19 24
0
0
0
1
20 10 24
1
21 16 14
0
1
26 24 20
2
24 16 0
14 8 16
1
20 16 16
1
23 18 3
2
27 23 0
27 20 4
1
19 14 23
3
25 23 2
28 24 8
37 21 22
1
22 23 21
1
20 11 17
0
2
22 17 15
29 21 20
0
1
24 16 18
0
2
23 16 9
27 22 21
1
21 18 21
1
24 19 11
1
23 20 3
0
1
27 17 21
2
22 13 21
24 21 22
0
3
30 22 15
40 30 16
29 18 20
0
1
37 32 0
0
0
3
29 23 16
32 25 18
24 21 21
1
27 18 15
1
26 23 17
0
1
34 31 21
2
25 22 3
40 33 14
1
41 29 17
1
27 22 0
0
0
0
0
0
1
22 17 16
1
24 19 17
0
1
32 24 22
3
29 28 18
24 15 20
22 16 22
0
2
27 18 0
28 19 7
2
25 23 17
23 17 24
0
1
32 25 0
1
24 19 7
0
0
2
24 15 14
35 23 20
1
33 28 20
1
23 17 3
1
19 14 10
1
27 26 15
0
3
42 37 5
35 29 18
29 26 21
2
40 38 0
28 26 6
0
0
0
1
37 33 20
0
2
42 37 3
38 27 18
0
1
26 24 21
2
44 39 14
40 32 21
1
36 27 4
1
30 23 11
1
27 22 18
2
33 29 16
47 42 24
2
32 24 14
32 29 15
0
2
50 41 10
41 40 12
1
35 24 18
0
0
0
1
46 40 15
3
52 48 3
41 31 8
48 34 18
3
37 30 6
36 34 14
47 38 15
1
46 43 10
0
2
34 23 14
34 24 22
0
1
37 25 7
1
41 29 4
2
57 46 8
39 27 18
0
0
0
1
46 34 7
1
41 30 6
1
46 33 8
0
3
45 41 3
30 21 8
42 35 15
1
34 26 15
1
46 47 10
2
58 45 0
33 21 3
0
0
1
46 32 20
2
37 37 4
37 32 10
1
22 21 3
0
1
55 48 3
1
42 36 11
2
40 29 9
40 30 21
1
44 38 3
1
47 35 21
2
54 41 6
39 30 17
4
49 40 4
51 37 6
43 35 8
25 21 18
1
41 42 3
1
20 16 17
0
1
37 35 14
2
44 38 12
58 47 14
2
52 45 12
60 45 21
1
34 28 16
1
45 34 22
2
50 41 14
38 29 21
1
32 26 18
2
53 41 11
33 23 18
3
42 34 12
34 31 20
36 27 24
1
48 33 6
1
54 50 7
0
0
0
0
3
43 29 3
42 32 14
56 43 16
2
43 32 12
52 53 22
2
48 38 2
27 15 12
0
0
1
45 33 0
2
36 28 14
27 21 21
2
49 39 11
42 32 20
1
40 36 21
0
0
0
0
2
56 51 10
52 40 12
1
53 40 21
0
2
39 31 16
59 47 22
1
53 42 10
0
0
1
39 32 9
1
46 36 7
0
2
53 46 0
36 26 8
0
2
66 33 0
54 36 22
0
0
2
35 29 14
41 36 21
1
51 41 21
3
56 40 2
66 57 7
17 15 20
0
1
39 31 22
0
1
58 45 9
0
2
40 26 12
62 52 18
1
64 46 14
0
3
45 34 18
39 27 20
45 30 22
0
2
59 38 8
52 42 12
2
51 44 21
55 53 24
0
0
1
46 41 12
0
1
63 50 16
0
0
1
52 41 14
2
47 30 14
45 38 20
1
38 27 20
0
1
72 59 13
3
59 42 8
60 58 15
57 42 20
0
0
2
48 44 0
50 45 16
3
40 41 3
47 35 11
52 46 14
0
0
3
54 49 0
68 58 5
63 55 14
1
58 50 11
1
73 46 17
1
62 42 9
1
61 54 0
0
1
57 48 23
1
43 37 0
3
49 38 3
64 51 7
68 54 8
1
76 63 18
1
47 39 0
1
52 48 18
1
43 32 5
0
0
1
69 65 23
1
73 60 9
0
1
60 39 17
0
4
53 38 8
70 50 11
63 45 21
61 39 24
0
0
1
79 73 0
1
88 91 5
1
68 42 1
2
56 50 12
47 39 23
1
61 48 3
1
59 49 17
0
0
2
50 47 0
72 51 11
2
57 46 7
54 45 24
2
65 42 0
55 51 11
1
65 55 0
1
56 41 12
1
42 34 12
1
52 46 17
2
44 39 0
59 29 6
2
88 79 10
62 45 18
2
68 56 6
52 41 18
0
2
60 53 0
55 44 18
1
60 51 20
1
74 55 20
0
1
70 53 17
2
74 63 3
43 34 22
0
0
1
72 70 4
0
0
1
74 43 18
0
0
3
63 42 9
70 54 14
69 60 19
0
1
61 55 14
1
70 68 22
1
86 54 5
0
0
0
0
0
1
83 52 18
2
88 67 11
70 55 20
4
82 73 1
60 46 8
73 58 17
50 37 23
0
1
62 51 23
0
0
2
46 38 4
54 44 18
1
60 46 12
0
1
55 36 7
0
1
74 52 21
1
77 59 20
1
94 82 11
1
102 94 17
3
68 60 6
81 73 15
51 42 19
1
49 41 20
0
1
63 58 20
1
62 45 14
1
56 47 2
0
0
2
72 62 20
72 55 21
2
67 58 7
84 64 22
0
2
75 55 0
54 41 18
1
58 43 18
1
48 37 24
1
76 75 17
1
81 60 22
1
46 25 20
0
1
78 63 3
3
76 58 8
47 34 9
64 36 20
1
64 43 3
1
72 55 20
2
66 59 7
78 64 14
0
1
66 59 21
1
89 74 10
0
0
0
0
0
0
2
89 79 17
76 53 18
0
1
95 82 14
0
3
74 57 0
63 47 20
43 40 22
2
75 49 4
78 55 15
2
120 82 0
58 41 18
1
85 55 22
1
54 34 14
2
77 56 3
52 38 19
0
1
85 68 22
0
1
75 60 0
3
71 47 9
53 42 15
52 42 20
3
65 52 18
83 61 20
49 38 24
2
76 60 8
49 41 16
0
3
62 56 8
78 54 17
91 83 21
1
60 52 14
0
1
80 58 4
1
91 78 14
2
88 78 11
71 55 14
1
59 49 0
0
0
0
1
57 56 16
1
85 52 17
1
76 57 18
0
0
1
105 68 8
2
67 60 4
74 48 19
2
69 54 2
83 76 12
0
2
101 102 21
91 81 22
1
61 53 10
0
2
53 50 14
78 63 15
1
88 85 18
2
68 51 16
36 30 18
3
62 50 3
85 63 7
83 81 12
0
1
77 63 7
1
95 86 12
0
1
79 50 7
0
1
89 85 3
5
54 39 3
94 68 7
59 37 8
89 62 14
87 69 20
1
78 58 11
0
1
77 61 21
2
33 27 3
77 78 12
1
84 74 20
2
88 64 3
110 90 6
1
66 60 7
3
85 74 0
79 71 21
85 74 24
1
63 42 14
0
1
65 62 8
1
88 88 3
2
77 49 10
62 40 22
1
88 49 22
2
73 65 10
35 27 15
1
65 54 0
2
96 84 0
66 56 15
0
1
76 63 0
1
84 75 17
1
81 68 16
0
1
60 54 16
0
2
88 78 3
77 65 18
3
91 75 13
88 67 16
72 65 24
0
3
99 80 2
95 79 15
86 82 16
2
94 79 3
90 66 19
0
0
0
0
2
95 59 14
94 68 18
3
97 85 4
99 58 9
72 56 10
0
2
88 57 3
111 90 7
1
87 66 0
3
90 92 15
57 44 18
86 61 22
2
77 52 7
67 50 18
0
1
67 54 21
1
102 88 17
0
1
86 73 1
2
97 70 10
96 65 14
1
83 77 22
1
77 60 12
0
0
1
86 62 5
2
82 55 4
81 67 12
0
1
85 67 14
2
80 54 7
100 69 18
1
65 58 0
1
90 90 17
0
0
2
118 105 8
84 68 14
1
106 87 14
1
93 62 12
1
120 88 3
1
69 59 0
2
83 56 10
87 75 21
0
2
108 104 7
83 73 17
2
94 87 15
111 86 21
0
1
81 67 4
0
1
85 68 21
1
90 100 3
1
96 73 1
2
85 61 0
55 33 16
1
80 62 3
1
89 69 10
0
1
91 84 0
0
1
60 48 19
1
114 94 22
0
0
3
84 58 6
72 65 7
99 76 17
2
84 53 0
95 75 20
0
4
82 62 0
98 76 2
77 59 11
117 79 20
3
79 58 14
76 50 20
98 80 21
0
1
89 91 11
1
80 57 21
1
111 83 23
0
0
1
87 88 0
2
103 91 4
125 74 18
2
94 89 16
64 51 21
1
105 68 23
1
101 76 12
0
0
1
80 55 22
2
87 62 16
84 59 21
0
1
111 91 9
2
136 114 8
102 85 11
2
76 56 14
99 102 21
0
4
85 76 3
94 76 11
107 93 20
99 65 24
1
72 53 0
3
107 90 14
82 68 16
106 101 21
1
114 87 6
1
135 104 14
3
118 106 12
75 56 14
102 72 21
3
108 100 14
77 68 17
98 79 22
3
34 31 8
119 61 18
103 84 22
0
1
101 63 21
2
122 97 0
96 71 16
2
91 86 3
80 79 22
2
113 91 11
72 54 14
0
0
0
0
1
115 94 21
0
2
124 111 10
141 96 18
0
1
68 66 22
2
82 67 11
86 66 22
2
70 58 14
100 77 15
1
68 43 7
2
116 77 15
77 65 16
0
2
124 94 13
48 41 14
0
1
104 72 14
2
113 89 16
59 57 21
0
1
98 83 9
2
120 106 8
95 71 11
1
101 95 11
0
1
101 82 12
1
91 63 3
2
108 94 12
106 86 16
4
136 111 0
121 105 12
107 80 16
121 99 18
1
108 79 8
0
0
2
103 50 0
69 47 24
2
111 68 14
107 88 20
3
100 71 0
96 67 3
114 101 9
0
2
113 87 11
114 79 15
2
92 77 12
82 60 16
1
123 97 4
1
81 69 23
2
70 56 7
96 64 17
1
74 60 3
0
0
1
89 87 14
0
2
91 67 14
67 53 16
0
1
123 73 0
2
82 54 3
102 62 16
0
1
107 118 3
3
99 66 8
99 82 12
79 60 14
2
81 65 17
109 97 21
1
129 114 0
2
85 75 14
119 97 22
1
90 79 20
2
80 68 0
92 68 3
1
122 93 24
0
0
4
99 68 2
74 58 8
88 66 9
91 62 23
0
1
79 62 15
3
107 78 12
90 70 15
80 69 18
1
96 71 7
1
88 88 21
2
112 77 9
130 116 10
1
128 96 17
0
1
124 90 22
1
118 80 3
0
1
133 112 21
0
1
103 88 22
1
84 68 11
1
116 93 21
1
111 85 3
1
125 93 9
2
95 65 10
168 135 12
1
92 68 4
1
97 72 17
1
78 68 3
0
2
105 83 0
107 67 18
0
2
123 82 0
110 78 18
0
1
134 122 12
0
2
164 143 11
110 83 15
0
2
81 68 8
84 54 17
2
111 88 11
139 108 18
1
117 92 20
2
123 102 16
128 102 20
1
119 98 14
0
1
81 62 9
2
90 78 0
124 109 18
2
171 101 3
115 93 11
1
120 92 11
1
97 72 10
1
125 103 11
3
155 146 0
129 132 12
71 63 21
3
130 95 4
151 105 7
109 79 15
0
2
112 102 7
118 102 15
3
106 80 12
116 89 14
151 101 15
1
128 91 0
1
86 76 17
1
109 83 18
1
130 113 12
1
127 94 7
1
65 62 19
2
169 148 3
122 80 16
1
153 103 0
1
92 76 21
2
149 97 3
91 81 7
0
1
126 97 15
1
135 96 7
1
154 91 22
1
103 66 14
0
1
52 42 0
1
111 104 12
1
181 160 17
2
112 86 0
122 83 20
2
87 79 7
122 98 21
1
134 114 3
0
0
1
119 98 17
0
0
2
121 88 14
167 115 21
0
1
106 96 14
0
0
1
144 128 11
1
98 79 13
3
121 106 3
153 139 7
154 125 11
1
129 107 17
2
129 92 4
164 149 22
0
3
103 97 3
104 93 12
106 75 20
2
144 112 12
114 96 22
0
1
130 114 7
0
0
0
2
158 142 8
95 76 22
1
129 114 4
0
2
112 95 4
140 111 20
1
98 87 7
0
2
80 53 0
117 93 3
1
132 113 4
1
118 72 21
2
144 130 10
117 87 21
0
1
135 112 23
0
1
106 79 15
0
0
2
113 90 0
158 120 20
0
2
124 91 3
111 87 7
0
1
130 102 7
0
0
2
110 94 12
96 77 24
1
95 75 15
2
112 97 8
111 79 18
2
67 51 0
161 114 10
1
131 108 22
1
101 98 12
1
146 92 23
1
124 110 16
2
130 104 17
187 146 22
1
127 108 12
0
2
149 134 3
150 90 20
1
96 77 3
2
113 90 7
169 116 14
1
136 117 12
1
128 120 6
1
151 120 7
2
127 107 6
123 88 14
2
182 137 4
102 114 18
0
0
0
1
116 112 15
3
110 70 3
152 111 16
131 122 24
1
146 126 14
0
1
116 93 23
4
176 143 2
136 110 3
118 97 20
122 87 22
0
0
1
133 112 3
3
99 84 0
132 89 11
101 83 12
2
93 70 6
201 188 21
0
0
0
2
156 155 11
90 74 19
2
140 105 0
137 114 22
1
95 79 0
0
1
130 117 4
1
130 108 23
1
126 81 20
1
143 142 1
2
161 144 4
94 82 10
1
102 90 11
1
157 97 21
0
1
167 125 0
0
0
3
66 57 19
170 107 20
172 135 21
2
115 64 10
160 130 11
0
2
102 77 3
128 91 11
1
201 172 3
3
175 141 12
159 112 18
111 93 23
0
4
155 136 6
165 130 9
118 102 11
94 81 18
3
171 135 9
153 95 10
174 145 15
2
136 89 0
133 126 22
0
2
156 120 14
143 114 22
1
73 56 7
1
158 135 11
2
133 131 11
170 93 12
0
3
126 108 12
93 62 21
198 149 22
1
156 133 13
1
138 107 18
1
137 115 7
0
1
158 149 16
6
186 122 8
176 168 10
146 121 12
155 115 14
150 91 16
146 121 17
2
132 88 14
161 113 16
1
189 153 9
0
1
85 60 18
0
0
2
144 95 0
141 115 7
1
141 87 12
1
132 94 12
3
107 87 3
119 88 7
85 68 16
1
154 132 14
1
157 128 12
0
0
3
88 44 0
151 88 3
159 121 21
1
164 119 12
0
1
170 118 0
2
132 111 7
144 103 9
0
1
155 106 7
2
146 138 7
131 99 17
1
94 84 18
0
4
134 110 3
156 129 11
123 100 14
167 117 21
1
151 103 17
1
142 106 10
2
131 111 10
174 124 14
0
1
163 150 22
0
1
178 159 22
2
135 116 4
160 109 11
1
121 104 11
4
159 150 11
102 79 17
140 128 21
151 113 22
0
1
98 90 18
1
153 110 22
2
124 114 0
193 173 10
0
0
1
181 142 21
0
1
130 104 21
1
148 123 21
1
114 84 7
0
1
181 158 16
0
0
2
146 114 3
161 137 20
0
0
1
113 109 2
0
1
157 144 21
1
127 115 20
2
151 125 3
152 93 15
0
1
163 117 23
3
147 115 0
150 160 12
161 133 15
2
180 166 11
177 130 12
3
146 110 11
145 88 18
97 75 22
0
0
0
3
115 94 0
120 92 5
117 106 11
2
107 85 0
175 132 18
3
113 102 7
103 66 15
119 87 16
2
181 138 4
156 144 18
2
160 138 3
110 87 16
0
1
160 112 18
0
1
161 127 24
1
200 169 0
1
119 91 15
3
116 89 12
155 126 14
167 141 21
2
178 156 1
150 121 21
1
135 125 15
0
1
139 131 22
1
155 135 20
3
116 106 3
99 79 6
82 57 15
0
2
204 193 16
141 120 22
2
138 125 12
127 97 14
6
152 175 0
159 153 8
145 114 14
151 128 16
158 124 21
131 112 22
1
162 144 15
1
148 119 4
2
165 125 14
205 171 22
2
165 177 17
149 110 20
1
110 86 10
0
1
103 85 14
1
187 149 22
2
162 155 18
142 104 21
1
161 135 20
2
231 198 18
113 79 22
2
148 131 12
172 150 14
2
138 128 7
139 138 14
0
2
140 90 2
161 145 22
1
148 108 11
1
135 108 18
1
148 117 6
0
1
132 114 3
1
152 136 22
2
125 106 16
135 108 18
3
116 101 3
177 117 17
164 104 20
0
1
113 105 17
2
170 137 9
152 119 21
1
136 126 1
2
160 121 7
100 93 22
3
139 120 0
122 116 4
138 97 21
2
94 96 12
170 141 17
0
4
159 126 3
148 131 8
112 83 17
154 134 20
1
134 123 0
3
183 144 3
194 149 12
93 67 23
1
180 136 22
0
1
206 163 14
0
2
128 108 12
175 145 14
0
2
164 147 10
140 105 22
0
2
179 173 8
160 124 12
0
2
170 135 0
163 139 15
0
1
147 126 18
1
133 120 12
1
129 106 17
0
1
163 140 21
1
151 98 18
0
1
201 177 7
0
4
68 49 2
143 129 11
193 132 21
128 98 22
1
75 69 21
0
2
203 190 0
102 66 16
0
1
195 126 18
3
164 108 6
153 139 10
241 204 18
1
69 53 4
