4 6 6 1 2 5 1 4 1 4 3 7 4 7 6 5 4 8 3 3 2 6 2 7 8
0
2
6 4 17
8 6 20
0
0
1
5 4 7
1
6 5 21
1
10 8 16
1
10 7 16
1
9 7 16
1
9 6 24
1
5 3 2
0
0
3
11 8 12
8 7 15
7 6 24
1
6 5 18
0
0
0
1
4 3 6
2
10 7 13
7 7 23
1
12 9 11
1
11 8 11
2
12 10 2
8 6 14
0
1
11 9 17
0
2
9 8 7
13 9 23
2
13 10 17
13 8 21
0
1
11 8 19
2
12 7 11
11 9 13
1
16 11 7
0
0
2
14 10 2
9 6 14
0
2
8 6 1
9 5 14
1
12 11 15
1
17 12 5
1
13 12 17
1
9 7 17
2
15 13 3
13 10 5
2
18 14 3
13 12 10
0
1
12 11 21
1
15 14 13
1
12 9 0
1
15 12 1
0
1
21 17 23
1
13 12 12
2
12 13 5
21 14 11
1
11 11 21
2
13 12 0
16 12 13
0
2
13 11 5
9 8 7
1
16 13 19
0
1
16 12 5
3
14 11 1
15 14 17
15 14 18
1
17 13 23
0
1
12 11 18
1
16 13 23
2
17 13 15
16 14 24
0
2
14 10 1
19 15 10
0
2
17 15 13
23 22 21
0
2
21 17 16
14 11 24
1
14 10 11
2
21 14 13
18 13 24
1
13 8 11
1
18 15 0
2
21 15 2
19 15 12
1
9 7 3
0
3
21 21 11
22 17 21
21 18 23
1
18 18 16
3
12 10 1
13 11 15
21 18 16
0
0
2
17 15 9
24 19 12
0
3
15 13 2
19 15 14
15 15 16
0
1
25 20 21
0
1
19 16 5
1
23 18 17
0
0
2
26 17 14
22 21 24
1
25 20 1
0
2
26 20 7
20 11 14
2
23 17 14
25 25 22
2
17 16 7
18 14 11
1
19 19 4
1
19 13 13
1
21 20 6
1
19 15 19
1
21 16 17
1
21 19 24
1
17 13 0
3
23 21 3
24 19 11
22 21 12
1
24 17 17
0
0
0
1
17 14 21
0
0
1
16 12 19
1
15 13 15
1
16 12 11
0
1
15 9 23
2
22 19 1
19 16 13
0
0
2
20 15 2
27 21 11
1
40 27 9
2
20 15 5
23 16 23
2
24 16 7
27 23 23
1
28 23 22
1
34 30 17
0
1
41 36 1
1
27 20 21
3
19 17 14
21 18 17
39 27 21
1
15 14 8
2
31 23 1
24 17 11
1
20 16 14
2
22 18 13
31 24 18
3
30 26 14
30 23 18
29 21 20
2
30 24 7
34 28 19
2
31 20 5
40 28 23
2
23 20 5
31 27 10
1
22 20 15
0
2
31 25 1
15 13 13
2
29 24 3
29 30 5
2
18 15 4
19 15 22
1
24 20 17
1
26 20 9
1
23 21 24
1
16 13 5
0
0
1
44 31 14
1
19 16 6
1
40 33 13
3
24 22 5
38 29 15
32 25 19
1
34 32 12
3
24 17 9
31 25 14
27 19 23
1
34 34 1
1
34 25 21
0
0
1
33 32 23
2
44 45 1
36 30 11
0
1
9 7 2
2
30 22 1
31 24 23
0
2
41 35 5
32 26 24
3
41 35 0
33 31 17
28 20 23
1
37 29 3
1
22 17 16
1
31 25 15
2
43 40 12
30 27 16
2
32 27 3
31 20 24
3
35 28 5
31 20 14
40 34 24
1
47 41 9
0
0
0
2
24 18 0
34 25 2
1
47 41 14
0
0
1
39 30 15
1
40 37 5
4
36 31 2
35 32 7
40 38 15
38 28 21
1
30 25 11
1
42 42 11
0
1
41 36 14
0
3
30 20 1
32 22 2
34 24 23
1
37 38 13
2
44 31 9
37 26 21
1
35 24 13
0
1
35 30 23
1
38 26 10
0
2
28 29 1
47 32 17
1
46 41 22
0
1
43 31 17
1
46 41 14
3
40 24 0
44 26 2
34 23 9
0
0
0
1
36 32 23
2
30 25 1
39 31 5
1
33 26 9
0
0
3
44 33 2
33 24 9
35 24 12
0
0
3
36 32 0
49 51 11
46 36 14
1
30 27 11
1
44 38 5
2
28 22 5
45 39 9
3
47 41 1
27 20 15
43 35 16
0
0
0
3
40 34 9
48 44 11
49 47 20
1
46 37 1
0
1
29 26 23
3
27 21 12
32 22 15
51 40 23
2
43 36 1
55 38 11
0
2
40 33 7
35 31 17
1
39 29 9
1
44 38 17
1
51 39 14
0
0
3
23 17 1
45 38 17
34 29 22
1
49 44 7
0
1
58 40 7
0
0
2
48 34 9
40 31 13
0
1
49 33 5
0
1
43 27 13
0
1
46 44 1
2
40 32 1
58 34 12
1
39 34 10
4
28 23 5
47 38 9
41 36 19
43 28 24
0
0
1
60 47 19
2
50 34 11
39 28 24
2
49 36 4
43 31 17
3
33 30 6
50 44 11
48 40 12
1
61 51 21
1
49 44 2
3
43 38 13
51 46 23
44 40 24
0
1
39 33 5
0
2
42 30 5
32 26 18
2
49 34 11
41 36 21
2
51 39 12
49 31 21
1
36 28 18
0
1
49 37 16
1
54 40 23
2
49 38 1
54 48 17
0
1
65 54 11
1
77 66 2
0
2
80 65 1
63 59 24
1
40 25 17
0
0
2
61 51 1
48 43 11
1
55 48 19
0
2
53 49 17
41 35 20
2
56 44 13
29 22 24
1
68 56 17
1
58 40 12
0
2
71 61 17
76 70 19
1
72 57 1
0
3
55 51 1
57 32 14
71 69 20
2
43 36 5
44 27 22
2
55 46 2
54 38 24
0
2
62 43 11
45 32 13
0
1
50 43 16
0
1
60 46 19
5
54 48 3
46 37 11
55 47 19
71 56 23
51 43 24
0
3
44 41 7
69 51 14
41 30 23
2
58 56 13
72 64 19
1
32 22 17
3
62 56 12
63 44 17
49 38 24
1
34 31 15
0
1
65 56 1
1
57 40 12
1
67 57 24
1
68 55 10
1
60 39 9
0
1
55 46 15
0
1
64 52 0
0
2
58 53 16
28 26 22
0
1
58 38 24
0
3
52 31 5
42 28 15
69 46 16
1
61 42 14
3
54 41 0
54 42 12
51 46 14
1
65 53 13
3
73 52 11
60 46 15
43 31 17
1
37 27 24
0
1
74 78 24
0
1
42 36 17
0
0
2
82 50 1
49 38 24
2
40 32 1
45 27 3
2
72 62 15
67 59 17
2
86 64 5
52 44 23
2
48 39 12
52 42 19
2
68 56 0
63 52 13
0
3
62 55 1
82 65 13
27 16 20
1
64 57 16
0
1
46 37 17
3
78 57 0
71 51 2
69 61 11
0
2
58 43 5
64 44 11
0
2
60 45 13
51 47 21
1
83 66 12
1
62 49 18
0
0
1
54 46 13
1
47 38 10
1
71 46 2
0
3
61 39 9
53 45 15
52 39 24
2
60 42 14
44 38 17
1
61 43 7
1
53 43 22
1
35 27 18
1
54 43 10
1
52 34 16
2
61 51 13
64 56 14
2
44 33 7
48 42 17
1
71 57 21
0
1
76 69 12
2
56 44 0
56 36 17
1
65 56 1
2
58 48 8
61 50 18
1
62 48 2
0
1
79 55 11
2
60 47 2
64 49 7
1
76 53 21
2
66 60 4
76 59 9
2
58 42 2
51 41 15
4
54 46 2
58 50 3
44 40 14
64 58 24
0
2
54 36 0
32 33 16
1
78 63 14
0
2
65 53 1
64 54 15
1
78 60 11
1
81 65 0
3
49 38 15
69 59 17
61 38 23
1
75 61 15
0
1
65 42 22
1
80 64 23
2
69 63 0
82 66 14
0
1
77 48 20
0
0
0
0
1
52 42 8
1
63 53 21
2
62 55 13
59 46 18
0
2
80 63 16
68 60 17
1
67 60 1
0
0
1
51 37 2
3
63 47 1
75 68 7
63 57 17
1
74 56 20
0
0
0
0
3
70 50 17
62 51 19
59 55 24
0
2
76 63 11
68 59 14
0
2
68 46 2
70 45 24
1
62 50 9
3
68 50 9
83 60 11
65 46 19
1
61 55 9
2
69 46 17
90 75 19
1
65 53 15
0
2
71 61 11
61 54 23
2
86 61 7
62 41 12
0
1
42 33 11
1
89 59 24
2
62 46 11
98 83 13
2
59 39 21
55 45 24
1
76 74 13
2
56 41 14
96 87 23
1
57 44 2
4
72 62 2
53 47 5
58 50 17
41 36 19
4
68 51 0
97 87 2
83 61 21
91 80 22
1
48 35 6
1
98 66 19
1
67 65 0
1
97 70 16
0
1
66 54 23
1
76 58 11
1
54 43 11
0
1
51 42 1
0
1
72 58 21
1
87 65 8
0
0
0
1
73 55 17
1
66 39 0
2
67 58 4
85 53 13
3
90 66 12
95 75 15
115 81 20
4
58 56 1
75 57 5
89 80 16
89 67 21
1
93 76 7
1
75 67 0
0
1
69 42 11
1
98 86 17
1
78 77 16
2
41 33 17
92 74 24
0
1
67 56 0
2
45 36 13
94 69 20
0
0
1
86 66 13
2
67 52 2
100 91 9
0
2
79 60 13
79 66 14
0
0
1
67 68 14
1
59 45 24
0
1
71 59 0
0
0
0
1
76 49 7
1
94 84 7
2
72 53 13
45 35 24
0
0
1
62 48 11
0
1
85 72 2
1
81 52 24
0
1
97 87 24
1
107 95 12
1
89 71 15
1
78 54 17
1
86 70 17
2
122 83 14
66 42 23
0
0
2
86 76 17
80 61 18
1
95 80 0
0
0
2
97 62 7
93 67 18
1
87 78 1
1
94 76 21
0
2
97 72 5
115 85 14
0
1
57 45 11
0
0
0
0
1
83 77 13
1
95 69 24
0
1
74 44 22
0
1
81 69 1
1
97 78 5
3
78 62 2
99 93 15
82 64 23
2
76 54 9
113 69 22
1
79 56 18
0
2
59 41 6
92 61 21
1
107 65 2
1
74 62 15
0
0
1
97 74 11
0
1
92 70 21
1
71 50 0
2
101 67 18
92 70 21
1
110 70 17
1
107 87 20
0
1
78 46 10
2
119 86 11
99 71 14
1
100 90 21
1
76 75 1
3
94 60 7
55 43 17
46 26 20
1
98 82 7
1
71 63 24
3
72 58 0
79 75 13
90 53 17
1
92 78 1
1
96 73 23
1
120 134 21
2
64 42 13
131 95 16
0
0
4
91 68 1
127 123 8
76 60 13
90 73 17
1
37 33 18
1
93 84 5
1
59 55 23
3
101 81 16
64 52 18
67 65 24
1
87 67 23
1
85 58 17
1
80 70 17
2
99 87 13
48 39 22
3
42 32 2
80 67 17
101 82 22
3
78 61 1
134 88 11
105 76 13
1
62 50 7
1
95 71 17
0
2
58 51 2
80 57 21
0
3
91 66 1
65 59 8
101 85 23
3
100 98 0
108 86 1
117 97 17
0
2
97 81 11
74 59 23
2
104 70 1
106 73 4
1
135 98 24
0
4
97 93 10
112 84 18
77 70 21
105 99 24
1
93 54 2
0
1
120 89 15
0
0
1
114 89 23
0
1
98 63 0
0
0
2
116 64 14
146 133 17
2
121 94 17
102 75 19
3
99 64 7
104 82 16
114 83 21
3
80 68 2
132 120 4
81 77 14
1
90 72 24
2
86 85 7
63 39 22
0
1
78 67 0
1
126 98 13
1
74 55 24
3
100 88 9
115 124 13
94 60 18
1
80 74 2
3
94 77 1
126 111 5
97 72 13
0
1
113 87 15
0
2
68 71 5
103 96 21
2
101 76 12
100 70 18
1
91 80 23
2
104 82 17
100 68 18
0
1
104 71 10
3
111 69 9
129 93 11
60 52 13
0
1
94 72 23
0
1
117 89 13
3
61 54 2
106 75 16
98 70 22
0
1
105 94 14
2
96 84 11
88 57 14
0
3
96 90 2
103 71 5
113 84 24
1
110 80 21
1
120 93 17
1
91 72 17
0
1
104 90 24
0
0
1
80 71 24
2
90 68 16
68 63 21
0
1
111 94 16
1
120 70 4
1
106 84 0
1
90 55 2
1
84 56 7
1
140 124 17
1
103 88 11
1
73 58 12
1
97 83 9
0
0
1
115 71 24
1
102 84 16
2
112 91 11
101 100 13
1
96 82 18
3
109 90 1
92 75 5
92 87 11
2
100 78 11
101 60 23
0
0
0
2
119 94 1
99 93 17
0
2
75 57 20
128 107 23
0
2
102 86 7
104 77 12
1
90 81 21
2
88 78 16
87 54 18
2
134 130 10
84 68 18
1
91 73 17
2
135 107 10
102 114 11
0
2
133 108 17
103 93 23
3
99 86 4
120 92 10
102 81 23
0
0
0
2
119 99 7
85 45 11
0
3
133 99 10
115 87 13
103 76 21
1
91 82 16
1
128 97 14
0
1
100 84 10
1
128 107 5
1
135 83 5
0
2
139 116 18
74 53 23
2
154 122 17
118 112 24
1
124 90 20
0
0
2
91 85 10
110 104 24
0
1
104 90 21
1
113 83 6
1
130 97 16
0
0
0
1
118 88 9
1
65 55 1
1
91 81 11
0
1
96 76 13
2
89 86 20
87 72 23
1
72 57 23
0
2
134 120 1
113 78 16
0
0
0
1
122 119 19
1
118 98 21
0
1
105 90 1
0
2
121 112 2
100 78 23
0
1
102 89 2
1
99 98 17
1
98 75 7
2
110 72 11
115 109 21
1
94 68 23
0
0
0
2
103 74 21
157 148 23
2
129 99 15
81 79 21
1
109 109 24
2
140 89 11
146 110 24
1
77 65 21
1
114 95 13
0
0
1
125 93 23
0
0
2
148 102 5
121 105 24
2
131 96 11
122 81 24
1
128 95 13
0
1
95 68 1
1
98 75 21
0
3
143 116 11
124 118 21
142 105 23
0
2
110 97 2
117 85 13
0
0
1
115 99 13
0
1
116 113 12
0
1
98 84 5
1
146 128 19
1
108 94 13
2
111 76 6
131 101 24
1
106 53 17
2
87 74 12
135 92 13
0
3
119 84 2
72 64 5
132 100 13
0
1
111 77 20
0
0
0
2
114 88 1
150 116 6
0
0
0
0
2
82 63 0
102 85 20
3
140 105 4
111 134 12
120 103 21
1
158 119 11
2
162 111 1
121 105 17
1
130 130 0
0
1
132 101 24
0
1
126 103 15
1
132 89 7
1
105 98 22
1
105 84 1
2
102 65 2
58 49 24
1
108 72 2
0
1
127 97 2
2
141 142 15
137 117 24
1
143 118 2
0
0
0
1
115 90 15
1
135 112 21
0
1
141 105 10
1
147 116 14
2
134 96 6
150 130 18
0
0
1
155 122 13
1
105 86 18
1
132 101 11
0
3
154 127 4
195 155 12
138 132 21
1
142 132 21
0
1
106 80 1
1
79 75 21
0
1
122 95 24
1
110 84 13
1
145 102 14
2
145 124 9
109 101 21
2
126 99 19
116 100 20
0
0
0
2
109 93 10
135 107 15
0
0
3
144 131 4
146 109 23
163 120 24
1
102 67 17
0
0
0
1
139 101 13
0
1
137 91 24
2
115 95 7
136 101 15
1
127 88 2
1
148 133 21
1
139 119 21
3
168 165 3
169 136 5
99 79 14
1
97 65 17
1
159 120 15
2
147 122 1
185 127 9
2
158 150 11
113 96 15
2
141 133 12
147 131 18
2
112 101 0
190 167 17
0
0
0
0
4
120 109 11
123 84 21
80 53 22
90 74 24
1
83 73 19
0
0
2
130 112 12
133 108 19
2
152 125 1
108 79 11
2
77 63 5
135 133 21
0
1
97 79 7
0
2
144 117 13
83 56 23
0
0
2
119 96 11
115 89 21
0
1
109 90 21
3
166 146 11
96 96 14
187 122 21
1
94 61 17
0
1
111 86 14
1
133 124 21
2
134 102 12
102 82 14
1
89 67 6
1
139 114 1
1
77 57 7
1
156 132 13
1
96 70 12
0
2
117 92 5
117 97 17
1
141 125 5
1
159 118 18
1
107 102 2
0
3
95 81 0
139 109 2
150 107 24
0
1
144 121 9
2
153 139 5
128 84 23
0
0
2
145 113 0
82 54 23
1
135 112 8
1
102 87 24
2
143 126 2
105 92 15
0
0
1
184 156 22
1
169 120 3
2
130 110 5
223 177 18
2
137 114 13
154 117 18
2
113 97 16
158 131 17
2
126 94 0
111 96 24
1
154 117 24
0
1
161 102 12
0
3
153 113 2
163 109 10
127 101 12
0
0
0
1
130 110 17
2
182 133 1
144 120 23
2
140 117 2
134 121 17
2
158 137 2
164 145 9
0
2
118 78 16
132 99 20
1
82 68 21
0
1
136 104 2
1
142 95 1
2
191 156 7
126 92 14
1
113 102 0
0
2
171 100 10
122 70 15
1
138 97 19
2
144 102 12
152 114 17
2
139 128 2
203 156 17
0
1
200 128 16
3
138 104 2
157 86 17
134 85 21
1
129 113 21
0
0
0
0
0
1
160 138 23
0
1
113 103 2
2
180 147 21
154 137 22
2
200 144 0
187 140 19
1
116 94 19
1
126 116 14
1
163 107 7
1
190 133 24
2
205 143 14
136 107 24
3
137 110 5
169 141 13
130 100 24
1
137 117 21
1
171 95 9
1
205 147 8
0
1
170 168 21
0
2
194 196 13
141 120 15
2
64 56 12
188 133 21
1
100 84 0
2
178 144 16
173 172 17
1
227 227 17
1
141 111 17
2
152 93 7
145 102 19
1
148 100 22
1
133 118 24
1
157 120 11
2
113 98 14
153 117 16
1
135 101 6
1
76 49 1
0
2
137 116 12
141 114 24
0
1
190 156 5
0
1
119 112 13
0
1
139 117 5
0
3
165 139 7
202 164 23
168 163 24
0
2
93 82 9
189 187 21
1
139 76 24
1
190 167 24
1
115 104 11
0
2
176 120 2
175 130 4
1
119 107 17
3
127 105 2
169 155 5
109 92 9
1
176 149 13
1
144 108 21
0
0
1
89 64 23
0
0
1
161 114 16
0
1
196 191 5
2
104 71 5
168 113 13
1
133 101 4
0
1
129 117 8
0
0
0
2
151 111 1
196 183 8
3
155 96 10
97 78 18
145 142 23
2
167 158 9
188 147 22
1
116 100 11
1
134 97 24
0
1
133 121 2
0
0
1
183 154 23
0
4
173 135 7
139 134 13
181 167 19
162 135 20
