3 5 2 5 4 7 2 8 6 1 5 6 6 2 5 5 4 8 4 1 2 3 5 5 6
0
0
3
9 6 20
7 5 23
6 5 24
1
7 6 22
1
4 3 23
1
7 5 18
2
7 6 17
8 6 21
2
7 5 10
9 6 23
1
8 8 15
1
12 9 24
1
10 7 13
0
0
0
1
9 7 7
1
9 7 23
1
11 12 8
3
10 7 2
10 7 15
11 8 22
1
9 8 1
1
10 7 17
3
12 12 0
12 12 18
11 8 23
0
1
11 9 7
0
1
13 9 5
1
10 10 7
4
11 9 8
9 6 9
18 15 13
10 9 23
2
7 5 8
10 9 11
0
0
1
8 7 7
1
10 8 14
1
11 9 20
2
13 10 6
13 9 18
2
11 7 11
13 10 12
1
17 12 6
3
14 11 0
13 10 3
9 9 12
4
11 7 10
16 10 11
15 10 18
11 6 22
0
2
5 4 11
16 12 20
0
0
2
11 8 1
18 14 8
2
11 9 1
12 10 17
1
17 16 3
2
12 10 10
8 8 16
0
0
1
8 6 16
0
1
14 10 22
0
2
11 8 5
13 11 16
3
16 9 15
14 10 22
16 11 23
0
0
2
13 8 11
16 15 13
3
12 10 8
14 12 14
18 19 24
0
3
18 15 7
22 16 17
16 12 22
1
16 15 2
0
0
1
15 13 24
1
23 16 5
0
0
0
0
0
0
2
21 15 4
21 18 17
0
2
17 15 3
19 15 11
1
18 14 14
0
2
16 11 4
16 13 18
1
19 16 6
1
13 8 10
0
0
0
3
20 13 7
15 12 8
20 11 24
1
11 9 2
0
0
1
24 19 8
0
2
19 19 5
15 14 7
2
24 16 0
15 11 23
1
26 23 21
0
1
20 15 24
0
0
1
24 22 4
2
24 19 4
24 20 5
1
26 18 7
1
16 15 15
4
32 24 5
22 17 10
18 11 11
33 26 21
2
16 15 13
12 10 14
2
34 23 6
20 20 15
1
18 16 24
1
31 28 7
0
1
23 16 20
1
16 15 15
1
21 16 11
1
27 25 16
1
26 14 3
0
0
0
0
1
30 21 14
0
2
21 18 7
25 17 23
0
1
24 19 10
1
27 22 18
3
29 23 1
26 21 5
23 19 21
2
27 17 1
19 18 4
1
25 19 3
2
25 25 15
26 24 23
1
23 14 24
1
20 17 10
1
34 23 8
1
20 14 10
0
0
1
28 20 13
2
27 26 14
24 21 22
1
26 25 11
1
33 25 5
2
23 18 11
32 22 12
2
24 23 9
27 18 17
1
28 23 16
1
24 19 17
1
31 19 21
2
23 17 12
28 25 18
0
3
29 19 12
35 29 14
28 21 22
0
3
30 21 3
26 19 11
31 23 18
2
32 24 10
26 23 22
2
27 23 0
25 18 8
1
30 21 5
0
0
1
33 25 7
0
0
2
29 22 7
27 23 11
0
2
44 38 7
38 26 18
1
32 28 12
3
35 31 8
25 18 12
26 25 17
0
1
34 26 5
0
1
35 31 18
2
26 24 12
30 28 14
1
29 24 4
0
2
29 24 14
30 25 21
1
38 30 21
3
39 35 10
37 30 14
36 28 17
1
39 30 14
2
33 29 2
36 33 7
2
29 26 1
38 34 14
0
2
33 25 15
47 34 17
0
1
40 31 21
1
37 24 15
2
43 34 8
44 43 11
1
35 27 12
0
0
1
28 17 24
2
24 16 2
40 33 11
0
2
48 35 10
34 21 13
2
35 26 15
20 12 23
0
0
1
29 25 11
1
21 13 7
1
21 17 12
2
26 16 1
27 17 17
1
42 36 23
2
40 30 22
36 34 23
0
1
55 33 8
1
42 36 11
1
53 44 10
2
43 39 3
40 30 17
2
44 22 1
23 20 7
2
28 26 7
58 49 11
1
39 26 24
2
19 14 14
43 25 24
0
4
29 26 7
14 10 11
16 14 20
33 25 22
1
28 21 17
1
33 25 14
0
1
42 28 16
3
49 49 4
46 42 13
40 34 17
4
34 28 7
28 21 20
37 31 21
48 35 22
2
39 31 14
36 29 22
1
28 20 1
1
45 27 8
0
3
38 33 3
40 29 6
55 43 16
1
47 38 12
0
1
42 30 6
3
47 39 3
25 20 7
37 31 18
0
0
0
1
58 43 18
0
1
42 35 17
1
44 32 24
2
25 21 23
55 47 24
1
39 34 12
1
35 24 17
1
55 39 5
2
41 29 8
41 40 13
1
51 35 6
3
41 34 3
68 60 8
41 32 24
0
1
39 31 16
2
50 40 7
48 33 8
1
31 26 14
2
61 52 18
41 26 21
2
49 38 8
44 31 15
0
1
42 37 15
2
35 31 5
40 34 10
2
38 27 7
41 39 8
2
41 34 11
59 37 17
1
53 45 6
1
27 24 7
5
44 44 4
56 49 7
44 28 11
33 31 16
55 46 20
2
65 62 7
52 45 21
0
0
0
1
41 33 3
0
1
46 27 24
2
43 38 7
48 37 10
0
3
42 32 14
45 29 17
49 45 24
1
60 39 17
0
2
52 48 0
43 39 7
2
43 42 2
42 39 12
1
42 34 19
0
4
50 43 7
60 52 11
59 44 12
44 32 15
1
38 33 24
1
64 54 3
0
1
36 30 12
1
34 25 21
2
45 31 1
42 39 5
1
40 38 23
1
58 43 3
1
48 44 24
1
31 26 17
2
47 42 7
57 48 24
1
33 23 5
1
48 51 4
1
49 40 24
1
53 40 4
2
45 38 7
63 44 11
2
59 56 15
53 39 22
1
68 63 11
1
62 50 18
1
59 48 17
5
44 34 3
42 42 8
70 58 16
46 28 17
47 29 24
0
0
1
52 44 22
3
56 48 11
58 41 12
44 44 14
1
43 31 14
1
59 48 15
1
35 31 17
2
59 44 17
62 45 18
2
63 44 17
52 43 22
0
1
77 74 5
1
66 52 3
1
40 31 12
1
38 33 1
1
60 54 12
0
0
1
80 69 1
0
1
45 36 5
1
66 58 10
3
72 60 11
47 36 18
52 39 22
1
62 49 4
1
35 28 14
2
43 35 1
39 33 23
0
0
0
2
63 45 5
66 55 16
2
51 51 7
73 42 17
2
60 41 17
43 31 23
1
77 59 7
2
63 48 1
63 58 5
1
64 52 7
3
75 54 0
39 31 7
60 50 15
2
61 53 5
62 46 17
1
59 50 5
1
50 42 18
0
1
70 58 5
2
42 36 12
52 39 20
1
55 46 5
0
0
0
1
50 39 11
1
43 29 22
1
73 64 13
4
79 55 8
49 36 11
54 43 23
43 31 24
2
52 42 1
61 51 21
3
66 41 8
56 48 20
50 34 24
0
0
1
64 54 24
0
0
2
55 41 8
33 27 21
0
1
61 54 5
1
74 73 17
1
69 51 3
0
2
52 36 12
55 50 15
1
44 33 7
0
1
74 55 17
2
52 44 2
65 59 6
3
68 49 8
54 41 14
63 54 23
2
65 38 15
55 51 19
1
46 37 3
0
0
2
63 49 10
98 73 15
1
49 47 0
1
37 26 14
1
54 42 8
1
57 46 12
1
85 61 6
4
64 53 7
71 42 11
75 55 14
81 67 16
1
76 56 5
0
1
66 42 24
2
58 47 4
57 45 10
1
56 32 8
2
63 50 5
47 39 13
2
68 55 7
72 57 15
2
74 67 8
62 65 20
1
75 54 11
1
52 49 4
1
63 49 8
2
97 79 1
72 53 23
1
45 31 3
1
57 45 18
0
1
52 44 22
1
62 44 8
1
57 42 11
2
66 38 10
72 67 24
1
76 59 1
1
80 67 12
2
64 38 16
63 42 24
1
40 34 11
0
2
58 53 11
49 40 12
1
50 39 0
1
91 60 5
2
52 42 8
77 61 10
4
41 33 1
69 55 2
62 30 17
67 48 19
0
5
94 66 3
83 63 4
52 46 14
67 59 15
71 59 17
0
3
77 59 12
53 41 23
65 53 24
1
55 46 7
2
81 66 7
60 49 11
2
48 41 1
67 54 12
1
80 65 8
0
1
84 73 12
0
1
84 75 0
1
70 58 17
1
75 53 19
2
75 65 21
106 88 23
0
2
75 73 10
60 45 22
1
47 28 8
0
1
70 47 3
2
91 69 16
73 67 17
1
50 38 21
2
48 40 10
79 66 17
1
63 52 11
4
78 62 1
81 71 6
46 37 9
73 51 22
2
68 42 16
56 43 21
0
0
2
52 38 17
93 65 22
3
67 58 1
93 66 8
87 59 24
3
53 44 6
65 63 7
88 73 15
0
2
72 46 10
70 45 14
0
0
0
0
1
68 48 15
1
82 70 14
0
1
65 41 11
1
73 59 1
2
66 52 6
63 53 23
0
1
63 53 17
2
51 40 8
85 51 21
0
1
64 41 9
0
0
1
87 74 8
2
79 51 1
50 48 10
0
1
78 65 0
0
1
72 62 5
1
76 57 24
1
88 71 7
2
61 42 10
100 77 24
0
1
92 61 7
2
116 88 18
82 67 24
2
59 53 10
94 79 22
0
0
2
60 52 10
77 65 23
2
109 84 22
51 43 24
2
82 65 3
80 74 7
1
103 70 8
1
72 49 18
3
97 77 0
85 68 20
72 64 23
1
45 32 11
0
2
72 71 14
82 65 16
1
113 66 4
1
79 67 12
1
65 52 10
1
125 89 12
2
84 72 14
40 30 22
2
80 70 6
82 68 22
1
83 71 13
1
88 75 5
1
91 55 11
2
70 59 12
76 61 15
2
78 56 8
75 60 17
1
66 47 8
0
1
76 68 24
2
78 66 1
66 56 8
2
84 72 3
76 71 21
1
105 72 7
1
76 57 17
1
79 61 15
1
81 68 24
2
57 52 5
84 73 8
1
115 82 17
0
1
116 86 16
1
81 65 22
1
79 54 15
0
3
72 62 3
67 62 5
105 93 17
0
1
99 77 5
2
98 93 1
66 51 5
0
0
0
1
107 74 0
0
1
118 79 3
2
49 34 17
58 52 23
2
80 55 21
95 79 22
2
92 72 11
93 76 17
1
90 75 0
2
67 49 4
95 66 18
0
1
80 69 17
3
100 85 6
86 69 7
96 72 12
1
67 61 19
3
47 28 4
98 78 23
95 76 24
2
90 70 5
87 61 15
1
56 44 12
2
60 42 5
79 70 11
0
0
1
98 89 7
3
84 64 2
104 86 5
73 50 23
1
75 72 17
0
1
108 84 17
3
106 69 5
88 92 11
95 67 14
1
121 95 23
0
0
2
71 57 12
81 53 23
0
1
87 73 24
0
0
1
121 77 11
3
79 67 1
106 72 5
78 59 7
2
70 54 3
87 62 20
0
1
81 60 8
1
80 66 20
1
101 65 3
1
94 81 10
2
90 72 7
88 63 11
0
1
59 42 14
1
99 93 6
1
99 86 21
1
98 88 2
0
0
0
0
1
98 73 4
2
98 88 12
118 95 15
3
90 73 5
84 75 19
68 57 24
1
103 94 14
0
0
1
106 88 10
2
98 71 7
80 60 17
0
2
102 90 8
77 75 23
0
1
86 63 18
0
1
90 70 6
1
96 74 4
2
84 48 3
85 64 11
2
104 87 5
80 73 21
0
1
111 72 8
0
1
63 36 23
0
2
86 80 3
93 55 5
1
112 95 4
1
114 100 2
0
2
73 51 5
84 63 21
0
3
99 81 15
88 68 17
71 64 22
1
78 45 14
0
1
81 55 3
2
104 69 7
84 69 15
1
71 66 17
0
1
127 99 11
1
100 77 0
0
2
116 94 1
92 73 10
0
3
106 83 0
105 90 5
70 63 8
0
1
131 93 22
1
126 99 7
1
83 53 21
1
96 87 15
1
72 51 16
0
2
91 83 5
117 102 21
1
112 69 18
1
86 67 24
0
2
77 49 4
91 81 17
1
99 74 4
1
94 78 8
3
117 77 1
91 73 12
113 73 18
2
114 74 11
103 75 12
0
1
97 75 17
2
101 75 7
90 77 16
3
67 48 4
88 73 11
89 60 23
1
129 102 22
1
73 55 12
2
113 95 3
109 91 20
2
60 45 13
107 84 24
0
2
96 74 5
142 100 18
2
56 38 3
89 73 8
0
1
73 60 3
0
1
75 60 14
1
70 55 3
1
80 48 4
1
93 96 17
0
2
84 69 10
129 91 12
4
96 73 9
98 89 14
80 73 18
65 42 22
1
133 89 0
3
108 73 1
123 107 5
75 66 16
0
1
75 72 24
0
2
113 98 3
98 89 15
0
2
96 69 14
148 112 16
1
108 104 7
0
1
84 54 24
2
100 83 0
136 121 5
1
109 81 12
0
0
1
117 84 23
1
144 112 17
3
114 70 12
103 87 14
87 60 15
1
107 91 16
0
4
93 78 4
116 88 7
91 70 18
65 46 22
0
2
76 36 4
108 75 8
0
1
142 125 19
0
2
101 64 4
88 74 21
3
82 63 1
168 149 3
94 76 21
1
69 57 5
1
115 90 11
0
2
99 75 7
116 108 17
1
67 58 15
0
1
127 99 22
2
121 99 0
154 117 3
1
57 56 1
1
116 77 10
2
99 75 12
119 89 23
2
95 83 7
143 117 13
2
114 86 11
119 99 21
3
115 91 0
122 77 7
86 67 13
1
127 90 12
0
0
1
136 100 15
1
57 53 14
2
130 98 11
94 72 16
1
86 62 11
1
127 100 23
0
1
82 75 18
0
0
1
97 69 22
0
1
129 91 0
2
149 121 6
127 103 13
0
0
1
98 87 5
0
1
61 49 13
2
110 98 6
87 78 13
0
0
3
100 65 1
96 69 16
126 102 23
1
89 85 17
1
71 57 15
1
119 123 9
1
97 78 14
0
1
62 39 16
3
173 135 10
140 117 11
109 93 23
1
102 86 15
2
125 126 8
117 96 17
2
136 87 17
175 132 22
0
1
83 78 12
1
115 92 20
2
117 114 4
172 134 7
2
114 86 5
130 88 7
2
85 67 11
134 114 17
0
1
121 92 1
0
0
1
115 93 12
2
146 136 18
113 81 21
0
0
0
1
148 131 12
2
119 107 5
128 108 12
1
78 65 5
1
145 121 14
1
109 96 10
1
121 97 14
2
83 72 11
89 65 17
3
104 89 13
154 146 15
119 89 20
3
91 75 0
104 85 5
159 106 8
1
141 112 10
2
90 80 7
130 109 22
0
2
98 82 15
127 96 17
0
2
119 95 11
138 115 21
1
145 124 7
1
103 101 10
1
126 87 2
0
1
127 101 7
2
114 97 10
111 87 11
1
106 83 8
2
131 109 12
145 101 21
2
118 115 7
132 105 16
1
107 97 14
1
146 125 23
2
113 99 7
119 88 12
0
1
105 76 5
0
0
1
172 120 7
2
102 92 8
121 98 12
0
2
134 78 12
101 79 14
2
115 84 4
155 92 24
1
112 73 23
0
2
139 121 4
88 63 20
1
108 80 20
2
116 72 3
98 77 24
2
91 61 4
103 67 21
1
108 76 12
1
107 69 8
0
2
139 98 10
47 33 16
1
125 101 7
1
49 31 5
2
115 86 5
91 77 17
1
114 113 21
3
105 58 8
156 107 9
178 159 23
0
0
1
129 95 10
1
140 131 3
0
1
146 120 7
0
0
0
2
144 109 8
103 72 22
1
129 116 12
0
2
114 84 3
166 142 4
0
3
137 99 3
109 81 4
64 56 23
2
110 96 11
113 93 16
0
1
130 95 14
0
0
3
96 69 15
156 111 22
152 128 24
2
107 86 11
109 85 14
1
136 91 3
2
78 73 4
113 78 24
1
156 140 11
0
2
134 118 12
113 95 22
1
178 145 23
0
2
140 122 10
122 100 11
2
135 102 22
86 70 23
1
93 77 15
0
0
0
1
138 103 16
2
114 104 14
109 78 18
2
102 102 3
146 140 17
1
78 71 3
2
149 113 0
106 94 1
0
1
95 81 17
0
2
136 115 15
96 89 20
1
149 105 18
1
148 101 24
3
128 104 1
115 93 22
131 89 24
1
108 87 10
3
104 83 0
160 128 4
133 99 11
2
123 99 5
133 114 15
1
126 96 15
1
116 93 7
0
2
130 103 12
104 85 24
0
1
161 130 12
2
149 110 11
156 129 24
0
0
0
0
4
146 152 8
131 112 11
120 83 14
110 86 18
2
145 118 12
136 116 22
0
3
111 87 7
99 84 11
183 153 20
0
0
0
0
1
152 137 17
1
104 86 18
2
75 61 3
161 140 15
1
110 79 17
1
163 125 11
0
1
134 103 12
0
2
104 84 7
140 130 23
0
2
138 91 10
127 135 21
0
1
145 111 8
2
170 144 15
99 71 24
2
154 146 20
141 107 24
1
133 116 5
0
0
0
2
127 94 12
159 138 20
1
118 110 14
1
168 131 7
1
145 111 12
1
130 103 16
2
183 158 16
143 126 21
1
132 100 0
1
154 120 14
2
158 134 10
159 107 24
0
3
163 144 8
179 155 17
140 129 23
0
2
150 96 8
109 91 14
3
134 87 10
152 140 12
107 72 17
0
1
130 97 17
2
137 107 5
141 114 7
0
0
1
86 66 19
1
133 124 7
3
86 74 4
152 129 8
146 100 17
0
1
131 103 9
0
0
1
151 94 10
1
159 127 17
0
1
111 85 8
1
159 138 19
0
0
1
96 69 15
0
1
164 127 1
0
0
2
121 97 1
129 105 8
1
75 56 22
2
123 116 9
102 104 16
1
103 85 5
0
0
1
81 56 16
1
163 139 20
0
4
91 88 4
134 96 5
79 65 7
177 123 21
0
0
0
0
1
131 105 0
0
3
90 91 8
121 102 15
199 162 17
1
128 120 18
2
126 122 10
131 131 14
1
169 148 7
1
95 72 24
1
118 89 11
1
166 147 24
2
188 181 4
161 157 22
1
170 127 3
2
160 142 0
123 97 8
3
98 72 6
178 178 11
185 138 14
2
140 112 4
163 108 20
0
1
177 137 16
1
156 136 14
0
1
65 55 8
0
2
85 72 11
160 116 12
1
124 95 12
0
1
182 174 11
0
0
0
1
172 126 7
0
1
169 156 14
0
1
85 66 2
0
0
2
158 156 5
117 96 15
3
108 110 4
151 109 11
165 147 17
1
135 108 17
1
153 115 7
1
181 158 10
2
148 100 11
123 112 15
0
1
167 110 5
0
1
187 155 1
1
147 143 6
2
112 87 23
132 105 24
0
1
113 103 23
2
144 98 10
129 104 12
1
174 146 2
1
113 70 15
0
1
153 137 17
1
181 164 3
0
3
144 119 7
156 125 11
185 161 15
4
152 77 5
152 125 7
187 155 8
159 136 9
1
103 76 17
3
142 89 6
207 144 12
129 77 17
1
159 126 23
2
109 68 3
123 97 24
2
84 78 7
68 50 22
3
119 93 5
138 138 7
166 129 16
0
2
169 143 9
159 125 23
1
168 156 18
1
113 93 11
1
141 105 7
3
159 145 11
162 125 18
159 162 22
0
2
155 133 17
185 123 24
1
145 100 23
2
114 92 8
126 103 15
1
90 75 18
0
0
3
166 124 4
170 135 5
138 117 17
2
138 120 7
128 99 24
1
103 90 3
0
1
123 105 10
1
116 106 0
0
2
102 91 4
189 127 23
1
198 151 7
0
0
0
1
136 126 3
