2 4 5 4 3 6 2 7 1 2 4 3 1 6 5 4 3 3 7 8 2 1 4 5 1
1
9 7 7
3
9 5 9
7 5 19
7 6 22
0
1
9 8 8
1
10 8 17
0
1
6 4 23
1
8 7 22
0
1
8 7 11
0
2
9 9 18
9 8 19
0
2
9 7 14
9 6 17
1
9 5 9
2
11 9 16
7 5 19
3
7 5 2
9 7 13
9 8 19
1
10 7 18
0
1
13 11 22
1
5 4 4
4
11 8 3
10 8 7
10 7 13
14 10 16
3
8 6 6
12 9 16
8 6 20
0
0
1
8 6 10
2
11 8 18
10 7 24
0
0
0
2
6 5 7
9 4 15
0
0
1
16 13 5
2
12 10 1
8 6 14
2
13 9 1
10 7 3
1
13 12 2
0
1
13 13 18
1
11 8 13
0
2
13 12 22
15 14 23
1
12 9 15
1
10 6 8
1
17 13 9
1
13 12 13
1
11 8 13
0
3
16 12 7
21 15 10
15 12 18
1
17 15 10
1
15 12 7
2
14 12 1
10 7 13
1
16 12 14
2
20 17 16
19 15 19
2
8 6 2
20 17 13
1
15 11 16
2
19 14 7
21 15 18
2
14 9 10
13 11 14
0
2
10 10 3
15 16 7
0
1
14 10 11
3
15 10 2
24 17 7
19 10 19
3
16 11 0
20 16 10
23 19 16
1
21 19 2
1
20 14 11
0
3
22 20 10
19 15 20
14 11 23
2
17 15 14
17 13 19
1
23 21 23
1
16 11 2
0
0
0
0
2
20 14 8
15 12 22
2
8 8 7
21 15 20
1
16 12 3
0
0
0
0
1
16 13 7
0
0
2
20 20 0
14 11 9
0
0
1
15 12 19
0
1
24 17 4
0
2
21 14 14
17 14 15
0
3
26 23 2
26 16 3
25 16 18
0
0
1
12 12 3
3
29 21 2
26 19 15
17 16 20
2
22 18 22
23 17 24
0
0
1
25 20 18
3
27 25 3
22 17 7
24 16 15
0
1
21 17 1
1
23 19 6
0
0
0
2
17 11 4
18 14 24
1
27 16 17
3
25 14 4
30 24 6
28 16 15
1
28 25 11
0
1
24 23 13
1
28 25 8
3
17 12 1
27 19 4
30 22 16
0
0
4
26 21 9
32 22 19
24 25 21
33 31 22
2
43 35 7
27 19 23
2
25 13 9
26 21 20
2
29 26 5
25 18 19
3
20 14 2
17 13 5
28 22 18
1
25 21 4
3
28 17 5
17 13 19
21 14 21
2
25 20 1
39 25 4
2
34 28 16
38 30 22
0
1
22 17 14
0
2
38 28 20
22 18 22
0
0
2
18 15 11
28 23 12
1
22 19 19
0
2
26 21 0
30 28 23
0
1
23 18 19
0
0
3
19 16 1
30 27 10
25 18 22
1
25 19 15
0
0
1
32 26 2
1
23 17 19
1
30 22 14
1
33 21 2
0
3
30 22 0
38 29 7
31 20 23
2
33 25 10
30 25 23
0
0
1
29 23 4
1
39 29 2
1
30 26 23
1
27 22 10
0
1
39 24 0
1
28 21 22
0
1
30 27 4
0
1
35 33 16
1
27 24 17
0
1
32 25 5
0
1
22 17 16
1
34 28 14
1
37 33 7
0
1
40 29 13
1
32 27 2
1
25 16 4
2
33 26 14
39 30 19
1
19 16 5
1
33 28 1
2
21 18 3
43 39 20
0
1
34 31 9
3
34 27 5
25 22 13
32 24 23
2
35 29 2
39 35 16
0
3
32 24 5
43 34 14
32 25 18
0
0
1
38 32 14
2
38 28 16
34 27 19
0
1
28 26 14
0
2
39 21 4
29 19 10
0
0
3
32 22 0
35 24 12
41 28 20
1
30 21 5
2
33 25 0
41 33 7
0
0
1
34 30 6
1
31 27 19
0
0
0
1
41 34 5
0
1
39 25 10
0
1
43 28 18
0
0
0
1
31 24 21
1
38 29 15
1
36 30 15
1
42 29 14
1
48 41 5
0
0
1
50 43 19
0
0
1
32 27 16
1
37 28 3
0
2
47 36 4
31 26 23
0
3
28 26 13
35 32 19
39 29 20
0
0
0
3
37 29 2
35 33 5
52 51 11
0
1
30 20 20
1
19 12 13
1
52 42 0
0
2
44 36 15
44 40 17
1
51 38 5
0
1
30 27 23
0
0
0
2
41 34 19
46 35 23
1
54 46 19
0
0
2
26 22 13
39 29 14
0
1
53 56 0
0
0
1
33 27 11
0
0
1
50 37 24
0
1
42 30 24
0
2
40 30 7
42 20 9
1
50 46 22
1
51 37 22
1
47 35 19
0
2
34 24 16
48 38 19
3
40 33 13
61 52 15
51 46 21
0
2
44 35 8
44 25 14
2
44 39 2
41 39 19
1
54 41 17
1
50 41 8
2
38 29 7
41 29 8
0
1
59 47 1
2
39 29 0
33 24 2
1
46 29 5
1
30 28 4
0
1
30 30 2
0
0
1
54 36 8
0
0
0
1
39 34 13
2
68 57 2
55 41 14
0
1
67 56 2
1
57 37 2
3
58 37 2
76 65 9
56 37 13
2
47 38 0
41 21 18
1
43 29 15
3
57 42 2
56 43 18
47 43 23
1
50 41 19
1
34 27 14
1
78 64 15
4
48 33 5
38 28 18
55 50 19
57 52 23
0
2
46 36 13
52 37 18
0
0
0
1
61 53 18
0
2
41 36 2
58 55 3
0
0
1
34 33 23
1
41 30 19
1
62 44 7
0
1
60 46 4
0
2
35 28 9
43 28 13
0
0
0
1
64 58 23
0
2
72 64 5
51 34 14
2
63 57 7
56 55 18
1
64 43 19
1
52 42 18
1
29 26 5
1
44 43 14
0
0
2
67 54 22
56 43 24
0
2
37 24 5
55 39 23
1
55 40 7
0
0
2
56 39 1
58 54 19
0
2
61 44 2
67 56 6
0
1
50 39 17
0
0
3
44 38 2
62 39 18
74 66 22
0
0
1
58 41 2
0
1
61 47 16
2
67 48 6
51 40 11
2
55 52 3
66 60 12
1
58 56 23
1
75 58 19
1
64 47 7
1
49 45 10
1
71 62 10
0
2
60 52 2
68 52 17
1
56 43 23
1
51 46 4
0
3
73 60 1
57 50 4
67 48 10
2
56 39 0
77 64 1
2
61 49 16
60 44 23
0
0
1
75 53 7
0
2
44 36 2
49 37 3
0
2
93 79 10
49 42 23
2
59 53 2
34 26 5
1
75 63 10
1
60 38 7
1
46 38 18
2
57 57 14
66 57 18
0
1
59 42 2
3
58 56 2
61 48 14
73 58 19
1
62 45 0
1
55 45 1
0
1
76 76 15
0
0
0
3
45 43 2
77 65 5
79 57 24
0
3
57 45 10
77 64 14
75 56 19
3
82 63 4
74 50 10
78 64 19
0
1
85 59 14
2
79 63 15
78 79 22
2
70 61 2
60 62 18
0
1
77 51 14
2
89 65 17
61 45 22
0
0
2
59 34 7
80 67 10
1
35 28 17
1
59 47 1
0
2
73 59 18
72 52 19
2
47 37 10
71 53 18
0
1
59 55 20
1
87 64 22
1
71 53 23
0
2
70 59 14
75 40 23
0
2
77 64 2
73 60 5
1
82 71 17
1
55 41 6
0
0
0
0
1
72 73 10
1
71 49 13
1
70 46 18
1
57 35 14
1
84 59 15
1
60 49 18
1
70 43 16
1
63 46 22
0
2
63 36 1
64 49 11
0
0
2
85 64 3
73 57 18
2
99 94 17
85 59 21
2
77 54 0
67 49 13
0
0
1
44 28 7
0
1
72 52 22
0
2
73 53 13
97 73 15
3
53 43 7
77 62 13
80 55 15
0
0
2
79 56 18
90 52 19
2
88 55 16
88 75 17
1
78 64 14
1
55 48 23
2
86 76 1
78 61 3
0
0
2
66 39 13
87 70 23
1
90 57 19
1
98 68 3
1
49 41 18
0
0
1
84 45 11
1
87 69 2
0
0
4
78 72 13
87 81 16
84 63 19
78 73 20
1
87 58 16
2
95 59 5
112 97 16
1
66 57 14
0
1
61 36 7
2
63 44 13
72 63 20
1
72 71 7
3
75 67 1
91 71 15
85 55 18
1
67 60 13
1
68 61 7
2
64 41 5
64 36 9
2
80 75 7
80 48 21
0
0
4
65 60 13
85 78 20
77 66 22
85 64 23
0
1
73 66 18
2
102 88 13
67 51 20
1
74 68 16
2
113 111 2
109 89 22
4
95 76 9
75 52 12
68 42 13
81 66 14
3
58 43 4
66 44 5
86 68 15
1
105 88 22
0
0
0
0
1
64 55 6
3
67 53 2
94 71 15
118 83 18
0
0
0
0
1
107 79 7
0
2
69 60 15
80 49 20
1
76 63 17
0
1
88 76 14
2
86 72 17
93 64 20
2
87 77 3
92 78 23
1
59 47 19
1
93 79 23
3
73 51 10
75 66 17
78 57 24
0
1
102 81 1
1
93 88 7
1
77 72 7
3
79 66 6
92 66 22
76 80 23
3
85 73 9
84 81 19
99 85 22
0
1
65 59 20
1
73 59 19
0
2
77 74 11
126 112 15
0
1
61 56 3
2
39 35 5
102 72 19
0
0
1
60 55 11
1
102 84 2
2
90 66 1
82 69 18
2
73 67 11
92 61 19
0
2
90 61 16
90 81 23
2
113 84 0
124 95 7
1
103 94 14
0
1
87 66 14
0
1
99 71 22
3
81 68 4
106 80 10
100 69 18
0
1
82 70 20
0
2
85 54 0
84 64 5
0
1
77 69 13
3
115 102 13
98 85 14
79 45 19
1
78 64 23
1
105 79 5
1
92 86 18
1
124 110 14
1
90 65 19
1
82 68 10
0
4
77 46 2
90 58 7
109 79 11
115 99 16
2
64 58 3
86 75 14
0
1
86 75 10
1
113 83 13
2
117 68 10
54 41 15
1
93 73 22
1
71 58 16
0
2
101 85 10
108 80 19
3
97 70 15
64 46 19
130 89 21
1
78 58 0
2
96 82 13
132 101 18
1
119 96 18
1
140 88 17
1
83 67 2
1
71 47 17
1
68 49 11
2
114 101 0
119 90 10
2
69 52 7
106 81 12
1
122 115 22
2
120 110 6
84 81 8
1
95 71 23
1
102 88 4
1
94 69 18
2
72 58 13
82 65 24
0
0
0
2
83 70 4
93 77 10
1
90 69 1
0
0
0
1
76 58 7
2
56 38 8
130 110 18
0
0
0
1
142 136 19
1
104 91 5
1
68 57 14
0
0
1
73 47 2
0
0
2
135 119 2
94 81 18
2
90 64 1
123 100 14
0
1
102 62 18
1
57 37 3
1
98 75 22
1
134 117 10
0
2
84 61 4
117 110 22
0
1
88 59 4
1
68 61 19
1
95 71 14
3
109 98 2
89 78 15
111 94 23
3
87 72 2
74 59 7
105 84 15
2
86 81 7
118 86 18
0
0
4
101 76 3
140 109 18
118 99 19
51 29 21
0
2
99 96 5
89 87 7
1
144 114 19
1
81 75 3
1
127 99 5
0
2
88 74 4
89 77 7
0
1
62 53 0
3
115 80 6
100 73 14
91 77 23
1
142 122 8
2
102 87 2
149 90 8
1
104 69 13
2
114 108 7
95 75 19
2
113 88 2
108 96 5
0
0
0
1
123 93 21
1
67 56 18
1
100 74 15
1
106 104 3
1
96 85 15
0
2
89 65 1
67 52 19
2
78 62 1
92 79 2
1
87 80 10
3
118 84 2
82 59 17
70 63 23
1
77 53 13
1
140 131 1
1
64 47 13
0
0
0
0
2
103 67 7
106 85 23
0
2
131 108 7
110 73 11
1
100 77 5
1
97 82 23
2
111 74 5
78 54 7
1
155 162 14
2
119 105 19
133 95 20
0
1
95 74 2
3
72 54 1
111 80 14
140 104 18
2
115 82 7
89 59 10
1
123 106 5
1
132 104 19
1
85 63 3
1
102 93 22
0
1
88 65 8
0
0
1
129 121 13
1
115 96 13
1
63 57 19
3
92 93 2
125 105 10
114 102 15
0
1
127 104 11
1
111 112 16
2
116 95 10
104 94 13
1
157 127 5
1
140 100 15
1
105 84 10
1
84 67 13
3
130 87 0
123 96 3
98 95 7
0
1
116 107 23
0
1
73 56 18
1
103 91 24
1
134 116 17
1
114 105 5
1
116 93 7
1
142 105 13
0
1
98 68 1
2
127 104 20
113 102 23
2
136 107 6
117 88 19
1
106 81 16
0
1
134 108 11
0
1
91 67 19
1
77 50 14
2
163 129 7
124 114 9
1
98 81 7
1
63 54 23
1
132 85 5
2
125 104 18
123 94 23
2
100 64 9
149 124 13
0
1
61 57 5
3
91 77 2
116 79 3
111 89 7
3
146 99 2
120 87 14
113 83 22
0
0
2
144 122 1
112 86 13
0
0
1
94 63 4
0
1
124 110 5
0
2
143 135 5
112 68 11
0
0
0
0
0
3
108 91 0
109 70 11
138 109 15
0
0
1
187 135 22
3
67 64 14
129 119 20
115 95 23
1
135 108 15
0
1
107 82 14
0
2
139 97 7
101 99 20
0
2
136 118 20
88 68 23
0
1
139 105 17
1
153 104 16
1
135 116 14
2
119 109 6
111 95 18
0
0
0
2
115 88 13
167 120 19
1
147 124 22
1
114 72 7
1
113 89 23
2
155 140 5
129 94 24
2
126 117 13
143 119 23
0
2
165 138 13
170 166 18
0
1
106 93 24
0
0
0
1
146 97 22
1
121 95 13
1
127 113 6
2
166 155 7
133 103 13
1
144 121 13
0
2
135 97 0
150 111 1
1
126 127 20
0
0
1
152 98 0
3
98 94 5
141 109 10
162 108 13
0
1
107 68 19
0
1
145 115 5
2
114 97 1
111 101 19
0
1
208 202 7
2
128 96 7
114 92 14
1
74 52 7
3
98 96 7
70 51 13
149 128 23
1
146 103 19
0
0
0
1
137 108 16
0
0
2
186 153 17
143 118 18
3
79 61 10
114 80 19
139 109 24
0
1
118 90 23
1
108 77 6
2
162 141 18
166 132 24
3
134 110 3
100 76 14
130 92 19
1
107 103 2
0
0
0
1
114 106 14
2
154 147 5
128 113 18
1
166 134 7
3
136 99 18
134 116 20
150 118 23
1
134 87 18
1
143 120 24
0
0
1
135 110 13
1
139 114 17
0
0
0
2
136 105 3
157 129 4
1
137 108 2
2
126 95 5
125 109 7
0
1
147 128 7
0
0
1
142 85 5
1
174 124 13
1
108 76 19
0
0
1
145 103 20
1
123 97 9
1
104 85 11
0
4
171 122 1
129 113 15
132 127 19
129 85 22
1
156 124 4
0
3
115 93 3
72 52 16
130 109 20
0
0
0
1
166 154 14
0
1
169 144 9
1
128 116 5
0
0
2
109 112 5
111 102 18
0
3
130 77 5
142 144 13
174 110 21
1
93 71 20
2
106 90 12
116 98 23
1
147 138 8
0
2
125 114 5
182 155 24
3
83 70 2
146 117 4
208 148 15
2
168 123 1
106 97 10
2
182 114 2
87 80 19
1
137 113 2
2
85 83 2
167 121 10
1
124 99 16
0
1
143 111 11
3
127 101 5
93 51 14
149 113 22
1
110 94 19
0
1
131 118 15
0
0
2
146 119 7
156 117 18
0
0
1
91 65 14
1
114 86 14
0
0
2
113 92 5
109 77 16
1
221 149 23
1
92 82 18
1
141 104 1
1
179 155 24
2
130 118 2
167 130 5
1
153 105 22
0
3
155 114 2
135 84 14
154 124 19
2
142 114 7
163 120 13
0
0
0
3
163 152 4
178 126 7
168 144 24
0
3
151 108 6
93 68 11
140 100 23
1
133 104 15
1
175 145 7
1
127 103 14
2
175 143 17
102 93 23
0
1
138 119 22
0
0
1
186 182 23
0
1
132 89 18
0
1
171 147 9
0
1
198 177 8
1
146 112 22
2
82 78 3
115 70 7
1
121 91 9
0
2
152 87 16
155 153 18
1
153 118 7
0
1
141 88 20
0
0
0
1
197 197 22
2
130 100 13
144 115 14
1
139 129 2
0
0
0
0
0
0
1
195 167 5
0
0
2
186 183 5
164 153 19
0
1
187 102 18
0
0
1
130 104 13
1
155 103 23
2
142 104 7
159 95 13
0
0
0
1
135 121 19
0
1
167 128 14
2
115 84 7
154 123 19
1
102 90 4
2
157 115 13
172 156 15
0
0
3
145 121 5
153 123 6
189 160 22
0
0
1
126 118 13
0
2
181 186 1
172 139 24
3
103 91 10
129 95 13
151 129 14
2
129 127 4
160 115 7
0
1
121 119 5
0
1
104 74 20
1
182 141 13
2
170 148 22
169 119 23
1
169 110 7
2
180 176 2
136 103 22
2
177 142 17
162 122 19
1
183 192 3
0
2
158 129 5
196 151 10
2
107 78 7
138 105 19
2
119 92 19
130 80 23
0
1
154 116 12
3
183 122 13
159 129 19
161 136 20
1
189 164 9
2
178 174 4
103 92 13
1
183 146 8
1
162 144 14
1
135 98 7
0
0
1
123 97 5
1
136 122 18
0
2
185 136 14
170 172 23
1
184 163 15
0
1
159 127 5
0
1
151 96 24
1
173 112 15
0
0
0
0
2
142 127 17
114 113 20
2
180 134 3
155 131 22
2
159 75 1
167 157 14
0
1
184 152 17
0
0
