8 6 6 7 2 5 1 2 5 6 4 8 7 3 4 2 7 1 6 1 1 4 1 8 2
0
0
3
7 6 5
8 5 11
9 9 14
2
6 5 3
9 7 11
3
5 3 6
5 4 12
8 6 16
0
0
1
11 9 10
1
6 5 1
1
5 4 2
3
7 5 12
8 7 14
10 10 23
2
6 5 4
7 6 17
1
6 4 11
2
10 8 1
8 7 11
0
0
3
10 8 0
4 3 3
7 5 14
0
2
9 6 8
11 7 9
1
10 7 8
2
10 7 8
10 8 9
0
1
12 8 23
0
2
9 8 1
9 8 11
0
0
0
1
12 9 10
1
10 7 23
0
0
0
1
14 11 7
3
11 8 2
13 12 12
11 7 18
0
0
0
0
0
1
15 11 1
2
19 16 1
14 13 10
0
3
17 12 3
17 13 13
7 6 16
0
1
12 11 0
4
16 10 4
15 12 11
22 15 12
10 7 14
3
16 13 11
10 8 16
13 8 18
1
12 8 24
0
0
1
19 19 3
2
16 15 0
12 9 8
1
21 17 9
2
15 12 8
9 6 23
1
16 12 21
2
17 14 0
9 7 12
0
2
16 13 0
14 12 7
0
0
1
8 6 16
1
16 15 0
1
18 14 10
0
0
1
17 13 13
1
12 9 17
1
19 13 14
0
1
19 15 12
0
1
24 24 1
2
16 13 1
11 9 4
1
14 13 9
1
17 14 20
1
14 9 8
1
23 17 17
0
1
20 21 8
0
2
18 14 1
22 15 5
3
19 14 3
20 16 18
16 12 19
3
28 23 4
23 18 5
14 13 11
1
21 16 10
0
2
23 22 0
29 19 18
1
21 15 0
1
16 13 18
0
3
26 23 7
21 17 21
19 14 23
0
1
20 16 10
1
29 22 9
2
20 16 3
22 19 11
3
20 15 1
21 16 4
15 13 24
1
17 10 19
0
1
27 19 23
3
22 20 11
25 18 12
27 25 23
1
19 15 4
0
2
17 10 0
24 16 16
2
26 20 18
28 24 20
1
24 17 2
1
26 23 5
3
26 18 0
21 19 11
26 13 13
3
25 18 9
29 21 21
29 18 23
2
17 11 11
28 27 12
1
20 13 8
1
18 18 11
3
25 18 5
28 26 11
20 15 14
3
27 22 0
27 19 5
19 15 18
2
24 20 1
21 22 8
1
25 17 0
0
2
20 18 0
17 17 23
1
24 17 12
0
4
23 17 8
31 27 10
27 23 18
23 17 23
1
29 27 2
1
26 21 5
2
27 20 5
18 16 11
0
2
30 25 11
29 28 12
0
1
22 14 16
0
0
0
1
19 16 5
0
1
26 20 14
2
27 25 2
27 23 23
1
23 22 11
2
35 34 6
29 26 12
0
1
28 23 23
1
26 21 12
1
34 28 19
2
27 22 19
30 23 23
2
35 23 4
21 18 21
0
1
37 29 9
2
19 17 1
34 29 18
1
26 21 15
1
30 26 16
1
35 31 12
1
28 21 23
2
32 27 15
31 26 16
1
36 27 10
2
32 26 11
36 31 23
1
33 25 0
1
35 31 9
2
30 25 15
35 29 16
2
32 23 0
32 24 8
0
1
31 27 3
2
28 20 0
35 34 3
3
18 13 7
32 27 11
28 22 23
3
26 19 9
30 25 10
30 24 21
3
32 23 3
37 30 11
28 21 12
3
30 24 0
27 22 11
33 23 18
5
32 26 0
29 20 3
40 34 5
37 31 11
34 27 16
0
4
27 22 3
30 23 9
32 27 18
50 40 20
0
3
33 24 0
30 22 3
38 27 24
0
2
33 31 11
35 25 18
0
1
27 24 16
1
42 33 18
0
2
42 28 2
32 26 7
1
25 18 16
0
1
32 24 0
2
25 22 1
26 23 2
0
0
1
45 29 2
2
27 21 1
40 30 3
1
41 32 11
2
48 43 10
28 25 11
3
36 29 4
42 40 5
28 24 11
1
39 30 24
0
1
39 32 1
1
32 32 8
3
49 46 2
26 19 9
35 32 24
1
35 23 20
2
47 37 0
29 26 4
1
41 30 5
2
27 23 0
29 21 23
1
37 32 16
0
0
1
22 14 18
1
40 31 8
1
39 21 5
0
1
40 34 8
1
43 32 18
1
37 32 0
0
0
3
32 28 11
37 29 22
37 32 24
1
44 39 3
1
35 27 19
1
35 28 3
1
46 34 8
1
37 27 18
0
2
46 39 1
41 29 14
0
2
41 28 0
43 28 18
1
31 26 23
1
46 35 23
0
1
50 40 22
0
1
30 26 13
0
1
29 24 7
0
1
54 35 5
2
48 41 18
38 25 20
0
0
1
34 28 1
0
1
44 40 6
3
39 32 0
44 33 11
44 32 24
0
2
33 30 4
27 19 14
0
1
36 28 9
1
44 38 5
1
40 40 1
1
46 36 1
1
39 34 14
2
31 25 21
43 34 23
1
43 38 11
0
0
1
41 38 13
3
45 31 11
31 24 16
60 51 17
0
0
1
48 35 18
1
42 36 16
2
37 37 1
38 27 10
2
38 38 1
35 21 12
2
50 44 9
41 37 23
2
61 39 3
41 28 23
1
37 29 5
1
53 38 18
1
35 24 14
2
51 38 0
46 27 3
1
31 30 14
2
44 36 2
39 31 21
2
39 34 21
36 22 23
0
2
49 46 16
50 29 21
1
34 21 8
1
56 52 11
1
45 36 17
1
57 55 18
1
42 27 23
0
0
0
1
58 43 16
1
39 34 11
0
2
72 65 0
61 44 8
1
58 48 14
1
48 44 22
0
4
59 41 3
55 46 8
51 45 16
66 56 21
2
48 33 12
39 40 23
1
63 49 16
0
0
0
3
79 69 3
60 52 9
68 55 15
2
64 45 11
54 40 23
1
55 39 18
2
49 43 2
35 27 12
0
0
3
42 33 12
59 48 19
77 70 23
2
42 33 2
50 42 15
1
42 32 16
0
1
50 39 1
0
0
1
50 51 16
0
0
1
57 61 10
0
1
44 35 14
2
49 39 3
43 34 12
1
44 25 1
0
3
48 35 1
57 37 17
39 35 24
0
4
44 33 2
67 54 12
78 54 23
38 32 24
1
77 69 21
1
45 38 2
2
82 79 0
53 48 23
0
1
38 33 11
0
0
1
46 40 16
2
47 34 3
55 42 16
2
64 51 11
42 32 13
3
52 44 2
66 60 9
37 34 14
0
3
67 48 0
54 38 15
58 47 17
2
76 66 3
31 22 24
1
66 57 3
1
39 29 2
1
65 54 5
2
82 64 1
56 49 12
3
40 31 3
48 39 9
63 50 21
4
54 39 0
48 42 11
68 58 12
64 46 19
2
74 61 12
52 39 23
0
1
42 33 16
3
45 47 3
27 21 7
49 40 21
1
58 41 18
3
71 60 1
52 54 8
60 53 14
1
57 46 21
1
52 36 7
1
54 38 9
0
1
40 26 11
1
56 53 12
3
43 38 7
49 41 11
45 33 16
0
1
69 59 11
2
50 44 12
79 76 16
0
1
53 44 9
0
0
1
46 29 10
0
0
1
58 44 0
0
2
60 50 18
55 42 23
0
2
57 51 0
64 50 16
2
80 59 4
52 41 10
0
1
51 36 16
4
58 40 1
68 45 10
49 41 11
40 30 21
1
40 36 3
0
2
42 34 16
87 59 21
1
51 41 5
0
1
54 45 0
1
58 37 9
0
3
85 81 0
41 34 3
60 40 21
3
61 43 2
82 71 5
43 40 11
0
3
53 52 0
55 47 1
69 53 3
0
3
67 58 1
53 49 14
75 57 16
0
0
1
58 41 5
3
57 44 3
74 68 14
58 46 23
1
48 35 8
0
0
0
0
1
70 69 24
2
93 62 5
66 56 7
1
47 34 9
1
75 63 1
1
47 33 2
1
56 31 21
1
46 32 14
0
2
50 36 16
61 47 23
2
85 62 13
77 81 20
1
62 55 16
0
2
65 57 1
46 32 3
0
0
1
61 58 18
2
53 50 3
55 44 15
1
84 68 5
0
0
2
45 32 8
74 55 10
0
1
70 52 13
1
71 70 19
2
58 41 11
35 30 21
1
84 70 21
1
52 41 16
1
96 92 0
0
1
51 46 23
0
0
1
72 55 21
0
2
41 35 0
77 46 16
0
3
80 64 0
43 32 3
64 69 15
0
0
0
0
1
63 52 9
1
63 48 8
1
78 59 20
1
63 46 21
0
0
0
0
2
85 53 18
69 59 23
2
80 48 3
79 68 13
0
3
69 56 11
85 61 16
75 58 23
0
2
64 41 7
86 73 16
1
78 61 12
0
1
93 86 12
0
0
1
62 59 16
3
101 78 0
37 30 9
81 67 11
2
81 55 5
76 64 15
0
1
66 60 5
0
2
61 47 9
71 54 12
1
107 88 7
1
101 84 18
0
0
2
60 52 17
101 67 18
1
72 60 23
0
1
67 52 18
2
53 42 2
71 44 10
1
78 43 0
3
65 52 2
63 56 3
63 59 10
0
0
1
57 47 16
0
1
74 67 2
1
89 58 3
1
62 45 8
0
2
98 65 1
75 71 2
1
51 43 11
0
2
54 41 0
68 53 16
0
3
86 79 2
73 47 16
75 66 18
2
92 82 11
85 64 23
1
84 83 14
1
59 52 10
1
85 57 5
1
81 62 11
0
2
88 74 3
78 50 18
0
1
39 27 1
2
70 58 5
94 64 13
2
87 62 2
104 99 6
0
0
2
96 88 0
107 73 8
3
60 50 0
119 106 21
100 72 23
1
85 61 16
1
87 61 14
2
68 60 5
69 70 17
2
79 63 2
82 64 3
2
115 107 0
85 76 3
0
4
54 50 0
41 34 1
85 75 3
75 59 14
0
1
70 53 11
0
2
86 76 12
102 100 13
1
89 71 16
0
1
87 67 16
1
106 92 11
0
1
94 82 3
1
87 68 18
2
75 65 9
52 43 15
2
83 61 2
106 81 13
0
1
109 95 0
1
59 40 8
2
89 65 8
53 38 12
0
1
91 66 16
1
92 57 11
0
0
0
2
65 55 18
98 68 24
1
73 58 10
0
0
1
89 85 23
1
89 59 20
1
95 64 3
2
105 85 0
110 95 3
4
105 84 4
94 74 5
83 73 11
134 105 24
0
2
55 55 3
104 90 13
1
115 86 2
1
105 83 8
1
97 71 18
0
2
126 117 5
101 99 18
0
1
47 32 23
3
89 54 4
79 57 14
86 75 23
0
3
77 68 2
90 68 13
83 69 18
0
0
0
1
99 62 2
0
1
119 100 13
1
73 58 20
1
106 103 9
2
109 99 22
77 75 23
1
33 28 23
3
106 82 0
62 53 3
117 94 18
1
69 54 1
1
114 84 5
1
81 74 23
2
89 93 3
80 58 6
0
0
0
2
54 40 8
92 68 18
3
91 79 6
90 60 10
88 66 18
1
112 100 1
2
109 95 3
92 73 13
0
1
106 77 12
1
70 61 7
1
92 72 4
1
85 62 13
1
58 39 11
1
103 69 21
2
66 56 11
61 53 16
2
95 72 11
100 82 16
1
111 84 23
1
117 104 0
0
3
86 76 5
85 63 15
79 62 18
1
122 92 15
0
1
82 53 12
1
78 53 9
0
1
104 87 2
2
137 96 12
98 84 23
1
118 118 23
0
0
0
2
73 63 8
101 76 18
2
77 48 3
83 65 8
0
0
0
1
113 98 10
2
92 74 7
82 64 11
1
115 106 0
1
92 66 15
2
102 59 10
84 49 23
0
3
72 65 1
139 108 14
99 81 16
0
1
96 60 18
1
106 98 16
1
114 87 0
0
0
2
95 73 14
107 90 15
2
116 98 8
133 110 18
0
2
101 79 8
82 66 9
0
1
83 43 8
1
119 111 11
0
1
61 43 14
2
115 86 10
61 57 23
0
1
78 73 0
0
1
91 83 1
0
0
1
94 75 23
1
148 110 7
0
0
0
0
2
86 90 0
63 58 3
0
0
1
88 77 16
0
0
0
1
102 99 9
1
102 106 9
2
136 102 0
94 66 16
0
1
131 84 24
1
100 69 5
1
110 108 24
1
103 63 9
1
89 66 12
1
115 94 14
1
113 86 23
0
2
126 139 0
92 69 11
0
1
80 62 3
1
115 78 16
1
103 89 13
0
3
96 73 13
93 75 14
123 99 18
3
120 102 1
87 75 10
122 95 24
1
91 72 23
2
97 80 1
72 43 11
2
113 90 13
91 80 22
1
120 95 9
1
174 139 9
1
94 64 3
2
120 103 2
103 74 15
0
0
1
131 103 9
2
113 92 3
105 90 11
0
2
105 68 21
90 77 23
0
1
107 68 8
3
146 112 8
107 80 16
52 45 22
2
117 124 3
117 93 16
1
109 88 23
2
135 95 0
114 81 4
1
105 77 14
1
114 73 15
0
4
121 84 5
85 69 14
122 116 21
81 70 23
2
93 75 12
155 83 23
1
92 85 4
1
109 85 9
0
1
119 81 8
3
110 89 5
125 131 11
136 84 23
0
0
1
128 103 11
0
0
0
1
116 84 14
1
83 69 24
0
1
137 105 14
1
102 77 2
1
104 74 10
0
1
109 70 11
1
119 81 10
2
115 95 8
111 105 10
0
0
0
0
1
118 75 11
1
92 76 11
1
109 86 16
1
98 91 2
0
1
97 78 0
2
61 46 12
115 82 17
1
122 94 7
2
66 44 3
94 87 21
3
111 88 2
130 99 11
138 137 18
2
117 92 12
106 109 13
0
0
2
130 98 10
95 73 19
0
1
118 110 7
1
122 104 1
1
130 121 12
1
113 99 18
1
144 113 1
1
131 113 11
0
0
1
119 77 23
2
100 83 2
134 113 14
1
141 121 11
1
111 86 14
0
1
144 109 23
0
1
106 86 24
0
2
98 93 0
86 67 1
0
1
149 99 18
0
0
2
106 90 8
147 126 12
0
1
138 110 22
1
120 106 11
1
138 139 18
0
1
150 123 2
1
108 90 15
3
79 69 0
100 82 10
124 107 22
2
155 97 8
154 101 12
2
71 64 9
81 57 23
0
1
99 90 7
1
137 127 14
0
2
160 126 1
159 80 10
0
2
159 126 16
155 119 18
0
2
127 119 2
106 81 3
2
81 62 17
116 92 22
0
1
140 100 16
0
3
118 89 10
149 155 16
103 63 18
0
1
115 88 20
1
117 103 18
1
126 91 0
1
127 85 16
1
117 90 18
1
140 122 16
2
96 82 1
143 132 23
0
1
164 157 16
1
129 129 7
2
133 103 0
150 116 16
1
113 84 7
1
173 136 8
1
100 89 0
1
128 107 21
2
126 111 0
144 123 12
1
129 108 0
1
116 94 12
0
0
0
1
136 105 12
1
113 91 3
3
144 142 0
126 113 10
67 56 12
0
1
124 100 16
2
130 100 0
156 102 3
1
84 65 12
1
130 98 12
0
0
2
130 141 19
71 61 23
1
185 166 12
0
1
97 81 3
1
115 90 23
1
113 93 1
1
140 128 13
1
89 75 3
3
92 75 3
115 82 5
102 62 22
1
152 99 12
3
72 49 0
93 76 3
98 76 18
2
126 99 9
128 97 12
0
3
120 108 0
134 118 6
129 98 18
1
154 124 12
1
118 97 0
0
0
1
150 143 8
1
133 91 9
1
109 87 4
1
107 92 12
1
135 97 3
3
131 114 10
164 120 16
186 110 21
1
78 58 15
0
2
134 105 21
163 125 23
1
154 157 3
0
1
155 120 9
0
2
185 176 5
118 94 23
2
142 98 16
165 134 23
1
133 124 23
2
164 127 5
135 113 11
0
0
1
123 107 10
2
151 93 0
139 115 2
2
96 79 2
122 75 24
2
180 145 8
116 111 23
0
1
106 82 14
2
175 150 13
79 75 14
2
107 100 0
104 111 23
0
0
0
1
124 88 3
0
0
3
133 111 3
133 118 12
124 105 23
0
2
128 113 3
136 108 18
1
150 140 16
1
152 106 4
1
176 121 16
0
1
151 132 8
0
0
2
100 89 1
150 140 15
0
3
125 109 0
139 109 5
203 158 12
3
125 106 2
151 126 3
197 175 16
1
158 173 1
2
171 126 1
103 72 23
3
110 80 3
184 178 11
170 142 23
1
154 150 13
5
117 108 0
146 93 3
154 125 5
82 57 19
145 111 23
1
138 118 2
1
159 125 21
3
180 143 0
137 122 3
143 121 8
1
130 82 4
2
155 135 16
146 124 22
3
107 83 1
147 130 5
131 111 24
1
135 112 0
1
78 53 5
2
156 153 2
118 103 12
1
172 124 16
1
164 149 8
0
1
151 108 23
0
0
0
0
0
1
154 128 12
1
168 132 23
1
157 157 8
1
154 121 14
1
162 123 0
2
87 59 1
150 122 21
1
185 199 1
0
1
167 137 23
0
1
154 102 16
0
0
2
134 133 0
146 121 8
1
193 173 21
1
109 85 5
5
196 156 0
147 112 2
127 97 10
155 115 12
106 87 16
1
203 186 1
1
131 125 23
2
161 122 1
155 149 11
0
0
3
159 141 1
105 89 8
197 171 23
1
154 124 15
2
169 137 16
171 123 23
0
1
112 91 5
0
2
135 117 14
154 144 20
0
1
85 61 0
2
149 107 9
161 137 21
1
108 80 8
1
177 130 23
0
2
182 142 9
110 93 10
2
153 134 12
126 118 18
1
111 61 16
1
188 123 10
1
207 152 1
1
175 121 1
1
130 114 23
0
0
2
183 105 1
184 157 18
0
0
1
142 111 3
2
158 127 2
137 132 11
1
202 190 16
1
137 143 16
0
0
0
3
165 129 16
163 120 23
130 98 24
3
180 149 5
198 168 15
137 115 16
0
2
96 66 8
118 89 11
1
152 134 23
0
0
0
1
91 80 12
2
189 120 1
78 68 10
3
150 109 8
184 162 16
137 131 23
3
176 122 5
130 101 7
160 116 10
0
3
225 177 1
178 146 11
139 107 14
0
2
180 167 9
101 78 23
1
129 97 9
1
147 102 5
1
128 101 10
2
86 90 9
226 187 11
2
136 119 1
168 173 8
0
2
174 129 4
178 152 23
1
89 80 11
0
1
113 105 18
2
166 145 7
155 154 13
2
177 161 4
176 157 12
2
133 103 21
164 148 23
0
1
158 135 2
2
120 101 9
113 97 18
1
135 125 12
1
128 94 21
2
137 112 1
136 109 12
2
166 144 5
140 93 24
4
153 117 0
130 70 3
178 142 12
128 97 23
0
0
2
141 116 0
196 161 18
1
185 139 10
2
163 122 2
144 97 3
0
0
1
233 221 2
1
183 123 16
1
198 153 1
2
112 108 3
142 105 16
2
210 165 12
160 120 24
1
222 161 3
1
190 175 23
1
184 174 10
2
123 91 0
142 127 3
0
2
132 94 14
116 95 23
2
193 135 1
163 138 24
1
140 122 0
1
101 82 0
