1 7 3 4 5 2 2 3 2 7 1 2 1 4 2 4 4 1 4 3 7 5 7 4 2
1
8 5 22
2
7 4 1
6 4 3
0
0
1
6 5 21
1
10 8 1
0
1
5 4 15
0
2
11 10 18
8 6 21
0
0
1
7 6 21
1
10 5 12
1
9 9 20
0
0
1
9 6 7
0
0
0
0
1
11 7 1
0
0
0
0
1
9 7 7
1
6 5 12
2
9 8 20
13 10 22
1
11 9 18
0
2
9 7 2
12 9 24
1
9 6 9
2
12 9 13
12 10 20
1
14 10 11
2
10 10 1
14 10 18
1
12 11 9
0
1
15 12 24
1
17 12 9
1
14 12 22
3
15 12 1
12 8 22
12 10 24
1
11 8 13
1
17 14 22
0
0
1
10 8 1
2
16 12 4
14 11 13
0
0
0
1
13 11 20
1
11 9 7
1
22 19 16
0
0
1
16 15 5
0
3
15 8 16
15 11 19
14 9 23
0
1
14 11 13
1
23 22 11
1
17 14 24
0
2
19 16 4
14 12 21
1
16 14 9
0
0
4
18 12 4
15 11 13
21 15 16
15 10 20
2
19 14 16
18 15 22
0
0
1
13 9 13
0
1
20 11 16
0
1
15 13 18
1
15 8 14
1
20 15 9
1
16 14 4
0
0
0
1
25 17 0
0
3
24 22 2
17 14 11
15 12 19
1
17 11 7
2
21 16 15
26 24 23
0
1
16 14 2
0
0
1
17 15 23
3
14 11 13
28 25 14
14 9 16
0
0
0
1
20 13 9
0
1
15 12 16
1
25 20 17
0
0
0
1
15 12 21
1
24 20 17
1
24 20 23
1
16 14 2
0
1
24 21 3
1
21 15 1
1
15 12 15
0
2
22 17 1
26 23 21
3
30 25 4
20 18 23
22 20 24
0
0
2
20 13 3
31 22 16
2
24 19 18
29 24 23
3
29 22 8
19 15 21
23 20 22
1
21 14 22
0
1
22 14 2
0
1
25 18 9
0
3
27 21 18
30 19 21
25 27 23
0
2
29 28 18
32 32 23
1
23 19 1
0
2
30 25 1
30 31 17
0
2
37 27 11
14 12 19
1
17 15 16
0
2
31 29 16
32 25 22
1
23 18 11
1
24 20 15
0
2
23 18 9
31 27 21
3
31 25 1
32 24 14
27 23 20
1
29 27 20
1
33 19 1
0
2
32 23 0
37 22 21
1
28 25 20
1
18 13 1
1
23 20 20
2
33 28 15
21 18 21
2
28 23 5
39 30 6
1
39 30 11
0
2
35 24 10
42 36 19
1
47 36 3
1
30 27 19
1
27 21 12
0
2
32 27 7
22 21 23
0
0
1
43 37 11
0
2
32 31 3
37 31 18
2
39 34 1
22 19 23
1
24 20 4
0
0
0
2
36 27 2
34 25 15
1
40 32 5
1
24 21 21
1
32 22 24
1
30 23 10
0
1
38 29 9
0
2
39 30 16
45 36 18
2
40 34 19
33 28 20
1
28 24 4
0
1
40 35 16
0
2
44 43 14
32 23 21
2
47 46 4
28 28 9
4
35 20 7
38 29 18
46 28 20
34 31 23
1
48 33 9
0
1
35 27 19
0
2
29 25 9
37 35 19
0
0
1
31 22 9
0
0
0
1
36 33 13
0
0
0
1
45 41 16
1
38 31 21
2
52 37 3
35 34 21
1
30 26 19
1
36 30 11
0
1
47 41 14
1
29 20 13
0
0
1
34 28 7
1
35 34 19
1
23 18 22
2
33 22 16
44 35 21
0
0
0
2
51 37 20
47 41 22
0
1
42 40 9
0
1
34 31 23
1
37 30 20
2
48 41 8
47 37 15
0
0
3
42 39 8
39 35 15
29 23 23
0
1
41 34 2
3
37 21 1
46 39 18
54 30 20
1
22 17 21
2
40 27 9
41 29 18
1
36 36 9
2
49 39 5
39 27 20
1
32 24 21
1
52 42 21
0
1
34 23 18
2
35 24 6
34 29 13
2
45 38 15
42 31 18
1
34 30 22
1
50 42 9
0
0
0
0
2
39 30 1
59 50 20
0
3
41 37 3
36 21 21
39 32 22
0
0
1
42 41 23
1
51 37 4
1
44 33 4
2
35 31 7
49 43 9
3
51 42 0
53 42 8
71 55 20
0
1
25 27 1
0
0
1
38 30 1
1
39 33 20
0
1
53 43 16
1
54 48 1
3
47 28 13
55 53 20
39 33 22
0
0
0
1
54 40 1
0
0
0
1
46 42 1
1
43 40 15
1
48 39 13
0
0
1
56 45 24
2
35 32 1
39 28 5
0
2
54 36 3
55 42 7
4
39 28 1
42 35 9
48 41 19
53 45 23
2
38 31 21
49 37 23
1
48 37 5
1
54 38 23
2
49 35 1
28 22 9
0
0
1
61 49 4
1
50 44 14
0
1
41 31 23
2
57 39 20
54 41 22
3
40 30 3
43 45 16
58 37 18
0
1
60 47 13
0
0
1
41 33 9
0
0
2
53 39 7
53 49 20
1
63 57 20
3
52 36 6
64 38 17
64 59 20
1
53 38 8
2
59 57 15
39 39 20
0
2
68 62 18
39 29 20
0
2
53 44 18
75 57 22
1
55 45 22
2
51 24 19
50 35 22
2
67 66 3
44 40 16
0
0
1
59 47 8
5
75 52 1
64 45 8
50 42 15
60 55 19
74 57 21
0
0
0
1
74 76 3
0
1
63 47 15
1
75 61 20
0
1
66 48 12
1
57 44 16
0
0
1
63 61 16
0
1
64 60 22
1
56 39 0
2
62 54 6
43 30 14
2
69 60 1
79 61 23
1
70 57 13
0
0
0
1
52 41 13
1
26 18 20
0
1
81 58 3
1
48 39 2
0
1
52 39 12
2
46 45 9
53 41 18
2
45 37 4
73 57 23
0
0
0
0
0
0
2
45 31 9
49 37 14
1
63 56 24
2
63 61 1
61 51 21
1
71 74 19
1
59 44 13
1
52 49 20
1
70 63 21
1
68 53 13
2
63 51 3
75 61 18
1
57 34 21
2
73 74 1
34 33 7
1
62 56 11
0
2
62 58 20
65 57 23
0
1
67 53 22
0
0
1
64 51 9
0
1
63 57 20
1
63 58 4
0
3
57 53 0
61 58 3
57 51 6
2
52 35 1
66 57 15
1
56 49 6
0
1
61 33 18
0
1
70 56 9
0
2
65 53 16
78 66 18
1
54 44 18
1
66 48 20
1
71 63 13
1
89 94 23
0
1
83 67 12
2
90 68 20
67 47 24
1
41 30 3
2
80 71 1
65 60 9
2
46 40 7
51 46 13
0
0
3
71 72 5
63 67 8
54 41 22
0
1
75 60 12
1
63 43 13
0
0
0
1
73 51 15
0
1
92 71 9
1
71 59 22
0
0
1
80 84 22
1
45 39 3
1
75 72 16
1
71 50 18
3
83 71 4
64 52 17
111 106 20
1
94 72 9
0
1
58 48 3
0
1
106 80 9
0
1
88 62 1
1
85 77 23
0
0
0
1
74 62 7
0
1
65 45 14
1
89 62 8
0
0
1
68 56 12
1
86 76 4
4
77 63 1
49 34 9
77 54 13
76 58 21
0
2
60 46 13
59 47 16
1
87 59 9
0
1
52 35 13
1
84 66 20
0
0
2
73 47 6
89 66 20
1
88 75 3
1
67 61 23
0
2
75 68 3
103 87 4
2
98 77 13
71 55 24
2
56 48 1
66 53 3
0
2
77 59 7
90 63 21
2
83 66 9
93 70 18
0
0
0
0
4
70 59 0
87 58 1
78 49 7
79 61 16
1
66 59 18
0
0
3
82 77 9
64 53 13
107 87 19
0
0
0
1
50 40 8
0
2
86 77 21
82 53 22
0
0
0
0
2
68 54 4
92 75 8
2
68 47 18
84 77 23
1
103 68 20
1
83 65 22
2
66 48 11
76 66 14
2
107 74 13
80 65 15
0
0
3
42 37 1
99 89 7
77 56 13
2
93 83 5
77 48 12
1
65 64 22
1
111 107 19
1
55 43 4
1
90 59 6
1
91 51 22
0
1
75 49 1
0
2
64 48 1
93 74 22
0
0
1
74 73 9
1
86 58 24
0
1
58 51 11
1
69 52 8
0
0
3
95 73 6
97 87 7
111 84 12
0
3
63 43 9
98 79 16
55 43 22
0
2
89 76 7
87 65 21
0
2
83 56 7
78 44 20
1
107 96 9
0
0
1
69 41 16
2
47 47 18
100 51 20
1
102 78 9
1
102 78 5
1
108 77 24
1
102 67 19
1
85 67 3
1
97 68 2
2
113 70 2
81 66 17
2
118 79 7
97 80 14
1
68 52 6
0
0
1
71 49 21
2
61 42 2
70 67 23
1
73 51 2
0
0
1
96 71 1
1
91 74 8
0
0
0
0
0
0
0
1
88 53 21
0
1
82 76 24
0
0
1
86 88 3
1
94 90 7
3
70 52 3
97 66 6
92 77 16
0
1
79 65 21
1
65 45 20
3
94 79 5
97 67 16
66 43 21
1
81 74 17
1
89 75 24
0
1
63 43 9
1
72 66 1
2
89 71 9
89 56 23
2
94 78 3
103 80 9
1
82 77 22
2
90 75 1
74 59 6
0
0
1
115 98 0
2
89 70 1
75 54 4
0
1
82 64 6
0
1
105 79 6
1
88 63 0
0
1
93 79 24
1
87 68 13
1
118 113 21
0
0
0
1
116 94 22
0
0
0
1
97 75 19
1
117 106 24
1
76 66 7
1
61 56 22
1
88 62 3
1
110 91 19
1
106 73 1
0
0
1
109 112 14
1
87 56 2
1
100 70 4
0
1
95 95 11
0
1
105 85 0
1
80 61 14
1
112 87 22
0
0
2
111 88 3
64 51 4
0
1
118 90 9
2
87 68 4
90 68 7
0
0
0
1
73 54 4
1
118 119 20
0
0
0
1
119 108 5
0
1
103 72 9
1
90 71 16
0
1
70 62 24
0
1
108 80 18
1
73 47 9
2
148 113 1
126 110 13
1
97 76 19
0
2
88 68 22
88 68 24
1
86 56 5
0
0
2
65 52 9
111 106 15
0
0
0
1
103 95 4
1
114 73 7
2
131 95 2
100 62 15
0
1
110 79 20
2
126 95 1
116 117 11
0
0
2
106 62 1
101 76 14
1
113 78 23
1
87 54 4
1
120 102 6
2
90 64 5
107 79 19
1
120 94 20
2
89 84 1
129 99 18
3
68 55 1
99 81 3
102 86 9
0
3
87 69 2
109 93 5
69 59 13
1
105 84 3
1
121 79 2
1
112 98 16
2
124 105 2
144 127 22
1
97 55 23
1
105 92 20
2
55 46 14
65 48 20
1
113 103 17
1
111 94 1
0
0
1
122 126 18
1
111 83 3
0
0
2
115 96 7
115 116 14
1
95 74 20
1
141 88 2
0
0
3
113 106 1
98 84 5
89 65 7
1
131 104 20
4
106 99 6
114 106 12
110 79 20
106 86 22
1
145 112 4
1
98 91 3
0
2
156 183 12
108 92 20
0
0
1
106 86 20
0
2
107 96 16
110 71 17
1
73 61 6
3
128 102 4
127 121 11
114 109 24
1
133 101 2
0
2
126 110 12
170 138 22
0
0
0
2
95 79 16
113 68 21
1
138 117 0
3
117 99 0
159 114 9
125 112 24
0
1
89 64 6
1
59 56 20
0
1
90 69 16
2
134 135 3
138 105 21
1
101 57 8
1
101 85 22
2
119 104 14
124 103 23
2
116 93 3
66 56 10
1
92 68 18
0
1
102 94 16
0
2
153 129 6
96 82 15
1
114 72 9
3
132 118 1
106 97 22
102 82 24
0
0
2
116 99 4
116 93 20
0
3
115 96 9
80 60 12
83 72 20
1
96 92 2
1
74 33 9
0
0
0
2
137 115 21
149 108 22
0
2
72 79 4
110 91 13
1
130 107 12
1
124 103 0
0
0
0
0
0
1
121 84 22
1
136 110 18
1
91 80 10
2
109 77 3
88 78 13
2
116 98 4
98 66 9
0
0
1
116 85 2
0
1
152 80 22
1
128 100 7
1
140 121 1
0
3
101 78 5
98 83 19
81 62 23
1
129 106 7
1
98 80 6
1
113 79 22
1
81 67 22
1
128 74 6
0
1
142 134 15
1
163 122 4
1
159 100 23
1
93 88 23
1
150 118 9
2
145 123 9
124 91 20
1
126 96 21
1
152 97 15
1
107 64 13
0
1
114 91 8
1
151 96 4
0
0
1
110 85 23
3
156 126 4
162 103 9
130 116 22
2
101 76 9
102 81 16
2
133 121 0
161 141 13
0
0
2
133 114 13
131 97 21
1
153 141 19
0
3
141 106 2
131 102 6
127 104 20
0
0
2
116 102 1
93 80 9
0
0
0
2
103 90 9
116 73 21
1
137 109 20
0
0
0
0
2
104 75 18
86 77 20
1
121 92 9
0
1
121 103 15
2
152 129 9
111 90 13
0
4
101 69 14
96 64 16
155 127 18
91 57 20
2
141 129 5
171 153 19
1
125 79 7
1
134 107 9
0
2
151 112 15
125 91 22
0
0
3
122 107 1
106 107 15
113 90 20
0
1
136 113 1
0
0
2
156 125 6
164 101 8
1
132 124 23
1
136 99 9
1
120 93 4
0
0
2
161 138 16
126 120 21
1
138 98 4
1
104 75 15
3
127 74 1
103 77 4
100 78 9
1
83 64 2
0
1
108 68 7
1
156 116 4
1
118 98 4
1
154 116 13
2
130 94 0
93 82 20
1
111 101 23
0
0
0
0
3
132 107 6
122 94 20
143 108 21
0
1
113 92 14
0
1
138 117 18
0
2
111 76 10
109 94 20
1
118 90 16
1
119 87 23
1
168 111 13
0
0
1
98 78 8
2
145 110 14
174 130 24
1
137 128 22
1
127 120 23
1
142 84 4
0
2
151 129 1
147 113 9
1
100 62 21
0
0
0
2
123 102 16
130 116 21
2
99 77 6
106 93 23
3
81 73 9
118 101 15
145 119 21
1
150 115 21
0
2
108 84 1
76 58 23
0
3
172 142 3
175 138 6
170 127 7
1
109 95 23
2
134 94 3
154 109 23
0
0
1
113 94 6
1
104 99 18
1
134 110 4
2
113 76 3
163 118 5
0
0
1
162 126 14
2
128 87 19
127 90 22
0
0
0
2
204 148 2
198 169 19
1
133 101 11
2
120 106 1
167 125 20
1
141 116 0
1
128 106 9
0
0
1
170 139 22
0
0
2
165 163 3
117 102 4
0
0
0
1
133 89 22
3
113 82 4
162 108 20
111 84 22
4
72 41 3
148 127 8
159 131 22
127 90 23
1
147 135 22
0
1
164 107 22
1
152 122 7
1
150 128 18
2
131 93 9
178 116 24
1
163 106 5
0
1
136 128 22
1
141 126 10
0
2
104 85 15
135 108 20
1
108 95 4
2
119 85 11
130 101 22
2
120 90 15
132 104 18
0
1
133 115 19
0
0
1
138 114 16
1
168 138 20
1
176 138 11
0
1
181 153 2
0
1
157 121 2
2
228 191 8
143 117 20
0
2
98 82 2
147 94 17
0
1
119 86 15
0
2
148 115 1
103 77 2
1
161 118 7
0
1
176 182 4
1
139 126 13
0
0
0
0
0
0
0
3
232 152 1
139 126 21
169 114 23
1
149 137 22
0
1
131 93 1
1
164 127 21
0
0
1
128 69 13
1
180 141 12
1
88 62 22
1
120 95 17
1
161 137 23
0
1
105 76 16
1
189 146 17
0
0
1
144 109 4
1
166 138 9
1
154 141 15
1
111 86 21
1
130 109 18
2
150 149 3
149 110 20
0
0
1
198 140 21
2
118 91 6
120 115 15
0
1
241 172 10
0
0
0
0
0
1
165 107 1
2
147 121 8
170 159 12
0
0
0
1
196 124 7
1
170 129 9
0
0
0
0
1
175 155 16
0
1
164 122 8
3
123 103 15
137 101 16
165 118 24
0
0
2
172 136 1
126 102 16
1
144 135 20
2
123 92 6
182 120 12
1
75 64 9
0
0
1
208 164 3
1
108 97 22
1
184 182 20
1
200 198 0
1
157 124 22
1
171 127 16
1
158 137 23
