4 7 4 4 5 5 1 2 5 1 7 6 4 5 4 5 5 8 5 6 2 1 3 5 2
1
7 6 15
2
7 6 10
7 6 16
0
2
7 5 11
9 8 22
1
8 6 23
0
1
9 8 20
0
0
0
1
7 6 13
1
10 7 4
1
10 9 12
1
8 7 23
0
0
2
13 10 10
9 7 19
0
1
11 8 5
1
13 10 15
0
2
12 6 8
12 8 14
1
12 10 0
0
1
12 9 10
0
0
1
10 10 18
1
12 10 8
1
9 9 8
1
11 9 0
0
1
15 12 23
4
9 7 2
12 10 11
7 6 13
8 6 19
0
0
0
0
1
20 11 5
0
0
1
15 13 19
2
14 11 7
18 13 17
0
0
1
15 13 8
3
18 15 3
17 11 13
13 12 23
1
9 9 0
1
18 16 1
2
15 11 1
14 11 8
1
14 13 11
3
15 12 6
17 17 8
13 10 19
4
10 9 4
13 12 12
9 8 18
17 14 24
2
19 15 0
18 14 1
0
2
13 7 13
17 14 17
0
0
2
19 13 10
9 7 18
0
1
11 9 15
2
7 5 2
13 13 23
0
1
18 13 17
0
0
1
14 14 17
0
1
13 11 4
1
21 17 17
1
16 11 13
0
0
0
0
0
1
17 12 19
1
12 10 15
1
18 14 10
1
11 9 17
1
21 14 19
0
0
2
11 7 2
22 16 15
1
14 11 8
1
24 20 15
1
17 15 17
0
0
1
26 17 12
1
26 24 5
1
15 13 16
3
18 16 2
18 13 12
20 16 24
1
21 15 7
1
20 18 23
1
26 23 5
2
21 15 3
18 16 15
1
28 23 19
1
29 22 16
0
1
23 20 0
1
23 16 3
1
21 12 1
1
27 20 4
1
22 16 1
0
2
28 16 1
21 19 10
0
2
31 23 15
23 22 24
2
26 21 6
24 18 19
1
32 22 2
1
20 17 4
1
26 21 23
1
24 19 7
0
5
15 14 1
24 22 3
29 26 15
23 17 16
16 13 19
0
0
0
1
23 16 15
2
18 17 2
26 20 12
1
20 15 16
2
16 12 3
28 19 8
0
1
26 23 17
0
2
26 25 3
27 18 12
0
1
23 24 5
0
1
25 19 17
1
29 23 1
0
2
37 30 0
29 26 16
2
22 21 8
23 16 18
1
26 20 14
1
27 21 11
0
1
20 14 10
1
22 17 1
1
34 24 23
0
1
24 19 12
0
2
21 15 2
34 26 18
0
1
33 21 12
2
41 35 1
25 21 22
0
2
31 22 14
28 22 17
1
46 38 5
1
28 24 20
0
2
36 31 15
41 35 19
0
0
1
28 25 3
2
33 28 10
30 23 17
2
37 30 5
32 27 21
3
30 23 0
37 30 17
37 30 24
2
31 27 5
27 24 19
1
34 26 13
1
15 12 1
1
28 21 11
1
23 19 4
1
41 28 10
1
26 24 10
0
0
1
34 31 18
2
43 45 15
23 22 19
1
33 26 19
0
1
34 26 16
0
1
36 32 14
0
0
1
28 19 0
0
2
31 23 15
31 24 19
1
45 38 19
1
40 34 8
2
32 31 11
28 29 13
1
43 29 3
1
38 27 17
1
31 26 1
1
38 30 13
0
1
27 21 4
0
1
29 28 10
2
24 20 4
38 29 6
0
1
36 28 8
1
41 33 10
0
2
52 38 21
38 25 23
1
29 22 2
3
36 27 0
36 25 10
39 32 18
1
40 37 24
0
0
3
39 26 17
42 35 19
21 21 23
1
32 24 8
0
3
34 24 10
41 33 18
36 28 19
2
36 34 10
43 37 19
1
47 39 22
0
0
2
41 32 0
32 29 17
1
32 24 1
2
50 38 10
30 28 12
1
40 32 7
1
36 23 17
2
34 32 10
33 25 17
3
40 36 9
28 24 11
44 39 15
0
0
3
39 33 9
32 26 10
39 31 20
3
30 21 0
48 32 5
31 27 10
0
0
2
51 34 0
32 24 16
1
42 21 13
1
31 27 17
0
0
0
1
43 46 17
1
51 37 18
0
2
38 28 2
37 29 10
1
57 44 13
1
36 29 8
0
2
50 40 3
51 44 18
1
36 35 18
1
41 35 9
3
40 31 13
46 33 14
36 28 16
0
1
26 21 13
1
52 42 13
1
51 45 10
1
52 38 1
3
42 33 3
32 21 18
41 32 21
2
43 33 6
46 38 23
1
53 44 10
2
35 32 1
45 41 19
0
0
4
60 50 13
41 31 14
48 35 17
43 39 18
1
63 53 2
0
0
1
39 39 11
0
1
53 39 5
5
42 31 4
46 40 11
56 45 12
29 15 14
59 42 17
1
30 24 12
2
46 37 11
48 42 12
5
40 35 0
59 48 1
31 22 5
51 39 19
57 42 23
2
47 39 2
28 16 14
0
1
56 39 16
1
56 47 1
1
58 59 3
1
36 28 18
1
45 33 5
4
55 49 1
40 41 3
51 36 4
54 49 11
2
37 32 0
34 26 17
1
54 48 14
0
3
39 27 5
40 28 7
50 40 18
2
50 35 0
35 30 17
1
29 23 11
0
0
1
63 59 22
2
50 44 1
53 43 2
0
1
40 32 4
1
51 48 14
4
46 47 10
59 49 11
53 41 13
56 50 19
3
67 52 8
55 36 12
45 34 22
1
51 47 1
2
64 44 1
70 50 23
1
42 27 4
3
45 31 10
55 51 12
63 40 23
2
59 49 2
27 24 5
1
54 48 1
1
58 46 4
0
1
45 37 5
0
0
1
40 34 8
2
34 26 10
45 33 23
0
1
45 31 4
1
72 59 23
0
1
42 27 22
1
61 41 0
1
34 29 17
0
0
0
1
70 57 5
0
3
48 33 3
47 43 17
63 52 19
1
35 23 23
2
56 38 1
66 57 23
1
65 49 11
0
1
56 38 14
2
58 44 16
56 36 22
0
1
64 50 17
0
2
57 39 9
38 33 19
0
2
64 50 19
33 29 23
1
76 74 4
2
75 59 17
35 24 24
2
64 50 17
52 43 23
1
47 34 13
3
60 55 11
73 66 12
47 45 17
3
41 33 4
35 23 8
59 44 11
2
51 37 15
66 42 16
0
2
51 40 17
49 36 18
2
57 32 12
55 48 17
1
65 58 4
2
55 44 22
52 46 23
2
70 45 4
63 51 19
0
2
62 50 3
38 32 15
0
1
68 64 1
1
78 65 11
2
77 67 15
57 45 20
2
55 34 0
54 48 12
0
0
2
57 49 1
76 45 17
0
2
67 47 13
55 44 16
1
46 33 8
2
46 36 17
77 64 19
2
53 47 1
68 66 12
2
57 40 11
62 51 23
1
82 75 15
1
55 40 17
0
0
1
50 42 11
1
55 49 3
2
63 59 2
43 39 13
2
64 51 13
48 40 15
0
1
63 53 4
1
49 42 17
1
68 60 1
3
73 69 3
60 50 7
56 49 15
2
60 53 7
80 52 23
2
49 41 13
49 39 17
0
0
1
40 31 10
0
0
2
29 23 5
56 48 12
0
1
68 42 10
0
1
63 49 3
0
1
59 53 10
1
73 48 13
0
1
78 48 4
0
0
0
0
3
86 53 5
63 53 10
66 47 17
1
69 50 16
0
0
1
56 48 16
0
2
103 70 1
76 62 8
1
42 35 24
2
42 44 13
64 53 19
1
38 31 16
1
68 46 13
2
75 75 19
51 48 23
2
60 43 15
60 41 17
1
79 62 24
0
0
1
52 43 11
1
57 55 18
1
68 55 0
1
63 53 17
0
1
50 36 1
1
84 74 17
0
0
0
1
54 41 1
2
81 60 1
63 57 3
4
69 58 0
90 93 1
65 62 13
81 69 15
1
51 39 10
1
79 74 17
0
0
3
82 55 8
80 71 17
74 57 23
3
105 93 10
69 57 17
88 56 22
1
52 36 22
1
60 42 18
2
76 66 3
69 44 4
2
101 79 0
71 49 5
2
85 72 11
70 52 12
0
1
63 52 1
1
80 74 16
1
77 54 18
2
50 26 0
76 58 10
0
2
107 93 0
51 41 1
1
57 46 22
1
73 54 4
0
2
69 45 1
58 34 17
3
90 56 3
86 84 16
77 55 19
0
4
68 66 4
72 48 6
91 78 10
70 51 19
1
88 66 17
0
3
69 51 5
77 65 13
77 64 19
1
80 72 5
2
64 58 2
62 49 23
2
77 56 11
84 64 13
2
61 52 3
60 48 14
2
71 61 4
84 69 11
2
101 77 0
79 69 1
2
86 80 11
68 51 17
4
55 36 2
66 49 5
76 53 12
83 67 15
2
64 57 3
66 53 18
0
2
70 49 10
82 60 13
1
74 53 1
1
83 76 14
0
1
110 106 23
3
71 54 1
80 56 10
69 60 16
2
59 48 11
84 69 22
0
5
69 69 10
83 68 12
102 92 17
52 35 19
87 64 23
3
68 51 4
74 66 13
76 59 19
0
1
62 56 3
2
87 82 12
54 43 20
0
1
57 49 20
1
65 52 3
1
77 55 17
0
0
1
83 82 4
0
1
85 71 16
0
1
66 48 19
3
96 108 0
63 47 2
98 73 15
2
49 44 3
74 53 18
2
89 69 18
98 77 24
0
2
85 53 8
94 71 10
3
65 55 8
80 65 11
90 59 17
0
1
47 40 14
0
1
37 29 7
1
85 81 12
3
90 55 0
115 84 1
71 49 5
2
73 61 10
79 73 13
1
90 53 13
0
1
104 74 0
2
111 110 10
95 80 15
1
75 70 18
0
2
94 89 1
92 98 22
0
0
1
98 74 13
1
82 68 18
0
0
2
86 81 2
98 66 13
1
60 50 23
0
0
0
0
1
85 69 1
0
2
85 74 2
74 67 16
0
2
102 66 15
65 62 23
1
90 50 14
2
87 56 18
110 84 24
0
0
1
86 54 14
0
1
69 49 5
1
107 63 6
1
98 80 3
0
2
62 41 8
90 67 15
1
81 60 0
0
2
79 56 4
96 80 10
1
94 65 11
0
1
57 50 22
0
3
87 82 0
130 131 22
72 71 24
1
97 64 16
1
93 69 17
2
103 96 10
132 122 12
2
96 82 13
105 100 16
2
93 78 6
94 56 16
0
2
83 65 5
55 43 15
1
113 103 15
1
89 76 7
1
64 45 5
2
86 66 16
84 66 21
0
2
76 49 2
74 57 17
0
4
60 53 2
67 59 11
89 80 15
79 65 19
0
1
79 66 2
0
0
0
1
106 100 11
0
0
0
1
60 49 2
0
1
96 77 3
1
99 87 5
1
111 98 19
0
0
1
107 88 14
2
86 62 16
92 75 23
3
89 48 17
98 78 20
96 83 23
1
118 116 23
1
142 114 1
2
119 75 11
89 62 20
1
85 64 14
1
107 94 19
2
47 40 13
94 63 14
0
2
97 64 2
95 79 17
1
66 44 6
0
0
0
3
70 52 5
68 56 9
124 107 11
2
73 54 3
120 96 7
3
105 91 3
94 91 18
61 46 23
0
1
98 89 22
1
94 66 4
0
0
0
2
80 61 0
105 93 5
1
111 84 13
1
84 72 17
0
2
98 83 0
129 113 19
0
2
93 87 8
122 120 22
2
99 74 4
78 65 8
1
99 104 4
0
0
1
120 79 17
1
122 119 13
2
94 70 8
125 95 11
1
117 103 16
2
111 96 6
122 73 8
0
2
96 73 8
98 91 14
2
55 37 11
105 84 17
1
100 83 15
0
1
109 89 18
1
82 64 2
1
80 63 17
1
101 83 17
1
96 86 11
0
0
0
1
89 57 4
1
116 94 17
2
141 120 0
82 67 13
2
114 85 13
116 90 15
0
0
2
94 75 5
108 78 14
1
99 75 13
1
100 80 5
2
106 68 13
94 80 14
1
108 77 17
0
2
109 82 17
103 96 24
2
68 50 7
121 87 20
2
113 78 15
87 79 19
0
0
0
2
56 41 6
95 95 20
1
108 84 18
2
111 89 1
75 55 4
1
99 52 8
1
120 105 4
1
70 62 16
3
54 38 3
73 51 6
128 80 13
2
107 63 8
83 72 13
1
96 66 4
2
95 70 2
119 105 6
1
98 63 23
2
124 78 8
83 62 10
0
2
109 87 6
101 90 11
0
1
131 103 10
2
120 92 10
82 78 17
0
1
125 86 2
1
137 119 13
1
128 112 17
3
86 53 8
112 96 14
143 115 16
1
138 108 23
1
114 91 15
2
113 96 16
103 82 19
1
87 62 16
1
136 126 23
1
84 50 1
1
162 139 18
0
1
124 72 17
0
2
98 60 2
88 63 16
2
113 112 6
123 115 15
4
86 61 18
154 88 19
149 133 23
135 111 24
1
125 95 13
1
76 50 7
1
108 89 24
1
110 83 9
2
120 82 15
91 71 23
0
2
117 104 1
126 118 19
0
1
64 53 2
2
110 88 0
107 75 16
2
113 99 14
124 76 19
3
81 61 5
116 103 18
118 91 23
0
1
119 99 0
1
63 58 23
1
102 99 17
0
3
107 67 10
59 45 12
119 78 22
1
139 112 10
1
119 95 10
1
108 93 13
0
1
99 82 13
1
81 69 16
0
2
108 98 15
91 75 16
3
127 88 3
113 117 8
117 100 17
2
156 76 12
80 62 13
1
90 66 24
1
122 85 10
1
131 104 23
1
122 134 19
0
2
101 70 5
122 91 8
0
3
118 98 8
138 99 17
137 116 22
2
115 80 10
140 104 14
2
130 102 5
106 90 17
2
167 147 4
124 80 17
1
115 73 16
0
1
93 65 1
0
1
70 41 19
2
122 98 3
94 62 10
0
1
140 119 4
1
74 55 17
0
0
0
1
86 68 23
2
99 72 1
119 107 12
0
1
97 79 4
0
2
60 44 0
112 76 14
2
113 74 10
110 89 22
1
106 71 16
1
127 119 23
0
1
143 115 17
4
177 168 2
135 78 5
122 97 15
88 76 17
0
0
2
170 113 7
113 94 19
2
112 87 3
97 89 13
1
89 68 19
1
132 133 7
1
126 93 14
2
124 80 2
70 48 4
0
2
85 71 14
170 146 17
1
107 90 5
0
1
106 95 10
2
103 79 13
135 102 18
1
147 90 11
0
0
3
122 105 14
83 74 19
96 72 22
0
3
148 123 4
121 118 8
152 115 24
0
0
1
131 105 19
4
138 111 12
164 172 17
128 104 21
140 99 22
2
115 87 3
94 97 19
1
144 105 23
1
82 62 10
1
95 72 3
2
139 119 10
142 102 17
1
85 66 1
1
136 99 11
1
69 57 13
1
106 75 17
1
118 113 19
2
128 115 4
79 74 13
0
0
3
125 88 11
120 84 13
70 58 24
0
2
94 78 15
118 93 18
0
1
168 132 3
1
139 108 14
1
135 120 15
1
109 76 2
2
81 71 16
117 106 24
1
104 89 17
1
130 84 18
2
129 96 11
99 74 23
1
100 75 10
0
0
1
146 131 1
2
121 108 11
154 109 15
0
3
174 141 1
155 141 5
147 102 13
1
156 114 13
2
132 106 6
104 85 8
2
100 83 1
137 108 10
4
106 100 7
101 92 10
123 105 19
123 112 23
1
116 77 1
0
2
177 143 1
118 102 5
1
129 94 18
2
122 83 5
90 68 10
0
0
0
1
123 110 12
3
118 89 11
100 77 16
110 79 23
1
159 111 13
0
3
123 100 0
115 115 8
140 104 11
0
0
0
1
86 74 23
1
100 91 1
3
98 69 2
82 63 13
178 150 19
0
0
1
145 120 17
1
134 105 11
1
152 126 13
0
0
0
1
120 88 4
1
126 109 22
1
139 107 0
0
1
156 112 19
3
160 104 1
147 124 5
180 119 17
1
118 81 13
4
149 142 0
163 140 3
144 112 8
134 105 13
1
131 86 16
0
0
2
172 129 8
152 130 18
3
93 91 1
119 95 11
149 137 24
0
1
62 47 1
2
152 112 14
151 135 17
3
158 132 1
139 98 7
159 139 10
2
154 106 4
191 137 20
1
139 142 22
0
1
101 85 0
0
2
139 96 2
164 140 19
2
132 88 8
97 89 17
1
131 95 22
2
124 103 4
123 64 15
0
1
121 94 14
0
1
167 139 22
0
1
164 127 16
2
185 136 2
148 84 19
1
143 115 16
0
0
1
132 109 1
0
0
2
144 128 15
148 127 16
2
130 107 5
174 127 15
0
0
2
151 113 1
122 97 10
4
115 102 10
138 99 16
184 183 17
118 101 23
0
0
0
1
60 38 7
1
95 71 4
2
136 83 8
115 85 20
2
156 127 1
176 114 14
0
1
124 111 14
1
144 107 23
2
122 125 11
144 113 23
1
129 105 7
1
105 89 3
1
128 112 18
2
134 92 8
127 134 18
0
3
136 108 12
103 65 16
162 148 19
1
100 71 23
1
111 105 3
2
123 91 19
128 114 23
1
129 103 4
2
153 144 2
158 139 12
2
115 82 15
161 148 17
1
141 117 8
0
1
76 72 12
1
102 97 2
1
85 54 19
0
2
92 70 11
69 60 17
0
2
214 155 17
157 116 23
1
106 85 23
1
128 93 23
1
161 136 3
0
0
2
115 76 1
184 134 11
0
2
165 137 10
143 119 23
0
1
172 126 11
0
0
3
138 114 0
165 119 10
125 82 12
1
198 154 22
4
137 113 8
132 114 14
132 105 15
165 129 17
1
167 150 13
2
143 112 10
139 92 13
0
1
89 74 17
0
0
2
148 145 3
184 142 22
1
126 98 16
1
158 118 10
0
0
3
205 137 0
147 87 19
163 128 23
2
109 89 4
182 145 5
2
167 150 8
156 93 15
0
2
178 148 1
127 123 10
1
127 97 4
0
1
119 100 10
1
144 113 14
2
148 121 4
115 86 10
1
150 111 10
0
1
137 91 5
2
112 87 0
120 111 8
0
1
138 93 15
0
2
112 98 5
155 106 17
1
106 98 23
2
127 93 3
105 88 18
1
190 135 6
2
129 120 7
168 155 19
0
0
0
2
145 108 3
144 107 17
2
148 101 8
137 135 13
0
2
168 129 4
108 77 17
1
181 135 14
0
2
164 131 10
146 121 11
2
208 138 0
186 138 5
0
1
129 109 8
0
0
0
0
1
167 125 10
0
1
97 72 15
4
152 128 4
124 98 11
198 161 13
118 72 23
1
116 84 13
3
208 145 16
213 189 17
180 106 19
0
4
147 104 10
165 119 12
210 199 16
189 163 17
0
1
163 109 1
0
0
1
135 112 22
1
198 139 8
2
130 99 5
195 113 8
1
180 141 18
0
3
126 110 0
132 95 4
174 133 24
3
152 120 2
136 124 8
116 71 11
0
1
172 117 13
0
1
162 143 16
1
179 130 10
0
2
118 86 4
166 149 13
0
2
126 84 7
150 126 19
0
0
1
120 93 11
1
141 124 13
3
196 125 14
142 115 15
174 145 17
0
1
169 120 18
1
170 138 16
1
154 93 23
