8 3 5 3 3 2 4 5 2 8 6 3 4 6 4 3 1 3 1 2 6 6 7 1 8
3
7 3 13
7 6 15
9 5 24
2
5 4 0
10 9 7
2
8 5 0
8 8 10
1
7 7 11
2
9 6 0
8 7 7
2
8 7 11
8 6 24
0
1
9 8 24
0
2
9 6 3
3 3 11
1
6 5 15
0
2
7 6 2
7 6 12
1
8 5 21
1
11 8 24
2
8 6 11
5 4 20
1
11 7 0
1
12 10 17
4
8 6 1
6 5 2
12 12 6
11 10 13
2
9 7 4
8 6 21
2
13 10 15
8 5 24
0
2
8 5 6
11 8 9
2
11 7 3
13 10 7
1
11 9 0
2
10 9 0
7 5 4
1
8 4 5
0
3
10 9 0
17 15 1
8 6 9
3
12 11 1
15 14 2
14 9 12
0
0
3
10 8 10
8 6 12
9 6 24
1
14 10 21
0
1
16 10 14
0
0
2
20 18 5
16 12 22
3
8 7 0
13 10 10
14 10 12
2
14 12 0
16 13 1
1
20 15 6
1
13 10 4
0
1
13 11 20
0
1
12 10 9
1
15 11 9
3
13 12 2
13 13 22
15 16 24
0
2
16 12 13
18 15 20
2
12 11 6
13 8 13
0
2
12 10 0
11 10 2
4
13 11 5
17 13 12
14 15 18
16 10 21
2
10 10 0
13 8 7
0
0
1
16 10 0
0
1
20 16 24
4
13 12 2
19 15 8
15 14 10
21 15 17
0
1
20 16 14
0
3
23 23 0
15 11 13
19 15 22
1
19 14 10
0
3
16 12 6
18 14 17
18 14 22
1
16 14 20
0
2
17 14 11
18 13 20
3
19 12 2
17 13 20
16 14 21
0
1
15 11 2
1
14 11 1
4
17 15 2
17 15 9
16 12 20
18 12 23
0
1
14 11 13
0
3
14 9 6
17 13 13
25 18 21
1
17 15 0
2
18 17 11
16 12 24
0
1
21 14 13
1
32 22 18
0
0
0
1
24 19 6
0
1
20 15 20
3
22 20 19
21 17 20
26 23 22
0
1
24 17 22
0
2
21 17 10
17 11 12
1
23 19 18
2
23 16 20
20 16 24
1
17 14 12
1
24 23 20
0
1
21 13 7
2
19 15 3
20 16 24
0
2
28 25 1
21 14 18
3
24 16 3
20 17 7
18 16 22
2
22 16 7
35 29 22
3
16 13 7
15 15 18
15 13 24
3
26 23 10
23 16 14
24 22 19
2
27 22 6
21 22 21
0
1
30 24 24
0
3
28 25 0
23 17 9
26 26 15
2
31 20 7
26 21 19
2
36 29 2
24 19 13
3
18 17 6
29 24 9
23 16 12
0
0
1
31 27 6
1
31 21 9
1
30 28 22
2
24 20 0
29 20 12
1
31 33 0
1
28 18 6
2
33 29 13
25 20 22
3
32 30 6
21 13 21
8 5 22
1
27 22 20
2
24 20 0
26 22 11
0
1
22 17 12
2
27 18 3
24 19 10
2
29 24 2
30 24 9
2
22 15 22
24 21 24
2
25 18 1
32 29 11
2
23 15 2
21 17 20
0
0
0
1
16 10 12
3
28 23 1
19 18 9
19 14 17
0
0
1
28 26 0
0
0
1
36 29 2
0
1
25 18 13
1
29 25 4
0
2
36 24 7
31 21 11
2
31 23 14
22 22 24
0
0
0
0
1
33 30 11
3
27 23 2
32 20 5
30 24 12
1
33 27 22
0
1
29 24 20
1
28 22 12
1
34 25 5
1
30 30 10
2
39 32 2
29 24 9
2
38 33 0
31 26 20
2
40 30 2
34 27 24
2
34 28 0
30 25 9
1
23 19 20
0
0
0
3
39 33 19
30 25 22
30 28 24
1
38 25 18
1
32 29 22
3
40 34 2
44 34 9
41 36 24
0
1
45 34 11
2
43 30 10
18 13 17
0
1
37 30 16
0
2
42 31 4
36 25 20
1
29 21 12
2
30 25 10
34 21 13
1
27 22 19
2
38 26 20
33 23 22
2
37 29 1
29 27 2
1
35 28 4
0
1
27 20 1
0
3
31 25 0
27 20 8
33 27 9
1
36 34 9
1
26 21 9
0
2
42 31 14
32 29 18
2
39 32 7
37 27 24
2
44 29 5
57 51 19
1
32 25 2
1
62 46 13
1
51 32 12
1
44 28 13
1
38 34 12
2
36 35 7
41 29 20
0
0
0
0
0
1
32 27 13
2
45 41 1
34 30 22
2
29 25 9
45 38 14
2
49 39 2
43 36 8
2
41 29 7
48 40 10
2
58 55 5
31 28 22
0
2
45 31 2
42 29 13
0
1
36 29 17
2
41 36 9
40 26 13
1
36 25 21
4
37 33 2
37 27 12
38 30 22
40 26 24
1
43 43 20
2
56 47 9
40 30 21
0
2
42 32 1
36 24 7
3
52 36 13
46 35 17
46 27 22
2
46 40 1
49 27 15
0
0
1
46 32 2
3
44 31 1
35 29 4
29 24 23
1
48 44 0
1
37 22 20
1
44 34 10
1
23 17 7
0
2
53 36 16
39 31 20
1
41 36 4
1
26 19 15
0
0
2
45 36 9
60 45 10
0
1
54 47 22
1
43 27 23
2
44 32 10
63 52 21
0
1
45 34 7
2
22 18 0
49 43 19
0
3
46 41 9
58 42 21
39 26 24
0
0
0
0
0
0
2
53 48 5
29 24 7
1
47 39 3
2
42 35 15
29 21 20
1
57 47 7
2
44 40 7
50 39 10
1
54 37 22
0
2
43 32 3
42 31 16
3
42 38 9
39 29 20
33 33 21
1
52 46 11
1
47 39 7
2
31 25 12
47 34 21
0
2
61 60 10
47 33 21
2
43 39 13
51 43 22
3
42 40 6
48 48 8
52 43 24
0
2
38 25 15
50 41 20
3
65 50 12
73 53 21
53 38 22
1
52 45 7
1
45 40 24
1
58 47 12
2
41 32 22
47 30 24
2
44 40 6
44 44 17
0
3
73 75 7
46 39 21
46 42 22
2
36 27 4
48 40 12
3
47 34 0
55 42 2
43 29 6
1
57 46 1
0
0
1
47 35 17
1
57 39 24
0
1
53 37 23
2
61 59 7
47 38 11
1
49 38 2
1
49 43 1
0
2
46 39 0
48 37 7
1
58 41 6
2
58 48 0
59 44 10
4
66 51 2
46 40 6
53 37 14
39 39 17
0
1
38 34 24
3
34 22 13
56 44 20
53 46 21
1
45 31 21
0
1
64 55 9
2
39 26 6
52 42 17
3
54 45 0
37 26 5
51 44 11
3
59 47 10
63 52 20
56 55 22
0
2
51 37 7
45 35 15
1
60 52 14
1
50 29 10
0
1
46 32 22
1
69 55 13
1
56 57 20
1
63 57 9
3
46 31 7
64 44 12
55 40 24
0
3
50 40 7
42 33 8
57 43 10
0
0
1
70 74 13
1
62 52 9
1
59 60 10
0
0
3
70 69 7
61 54 14
74 43 24
1
70 58 0
1
65 54 12
0
3
58 53 9
75 65 10
70 64 22
1
45 32 2
3
57 39 9
62 54 11
60 52 22
1
90 86 15
0
0
0
0
2
51 42 14
76 60 24
1
68 51 1
4
74 67 0
64 43 7
75 45 11
64 57 15
0
2
72 45 2
55 51 7
0
4
44 31 8
57 42 10
47 44 12
77 51 15
1
54 52 19
1
58 60 15
1
57 52 0
1
66 39 9
0
0
1
64 46 9
0
2
68 45 14
55 46 19
1
70 60 22
1
68 78 13
1
48 43 10
1
69 50 0
1
67 48 22
0
0
2
64 40 2
63 45 21
1
78 69 10
3
42 28 14
50 39 22
81 61 24
0
0
2
69 53 9
66 55 24
0
0
0
0
1
66 55 22
3
56 49 13
63 47 19
49 30 24
0
0
1
72 47 10
1
68 63 22
1
77 54 10
0
3
83 65 4
60 47 6
41 27 20
2
47 35 9
87 82 13
1
72 68 14
4
61 49 0
64 51 3
61 42 22
103 67 24
2
78 61 6
71 44 24
1
68 58 15
0
1
56 53 20
1
89 69 24
2
79 59 11
86 66 24
1
39 35 9
2
69 50 0
79 62 13
0
2
65 59 11
74 58 13
0
0
1
59 45 8
1
54 39 21
0
0
0
1
81 70 6
1
42 36 3
1
78 63 2
2
46 41 17
79 58 21
0
0
0
1
54 45 0
2
52 39 8
59 36 10
1
72 60 21
1
44 34 21
1
68 56 10
0
2
82 49 0
50 32 5
0
1
63 52 17
0
1
88 69 14
0
2
57 41 10
45 36 14
1
56 37 21
1
89 76 1
1
80 68 9
1
54 45 11
2
50 44 6
86 67 7
1
76 60 4
1
94 71 2
0
1
76 54 13
0
3
53 31 4
30 22 9
56 50 23
2
74 59 3
70 56 5
0
0
3
88 68 2
60 46 3
92 76 12
1
108 83 2
0
1
70 45 22
0
1
79 53 10
0
3
49 38 9
69 53 12
67 55 22
1
66 67 16
1
87 82 6
4
71 56 0
66 42 12
73 52 14
77 66 21
2
75 58 19
72 44 21
1
70 55 17
1
72 54 13
0
0
2
73 58 9
59 48 15
0
2
71 51 5
74 48 14
3
96 90 0
83 70 9
89 66 21
0
2
62 36 6
75 37 9
0
1
79 76 13
2
121 84 9
75 65 17
1
41 28 4
0
1
94 76 3
1
89 58 0
1
88 81 8
0
1
53 34 17
3
62 47 1
44 38 4
97 64 7
1
88 69 0
0
0
1
77 63 11
1
78 58 22
0
3
62 50 5
122 93 8
76 79 14
0
0
0
0
2
73 63 4
123 80 8
1
82 55 22
1
89 78 18
0
0
0
0
0
0
0
1
95 77 7
1
57 41 13
1
73 68 20
2
83 58 21
91 82 24
0
1
127 110 11
1
70 44 2
1
81 83 6
3
79 60 9
72 56 13
85 81 22
0
1
88 76 0
2
95 77 17
57 44 20
2
78 59 6
63 55 13
1
102 68 18
1
78 63 24
2
68 58 11
117 111 13
0
1
86 91 22
0
0
3
99 88 0
98 79 9
65 52 13
1
90 69 10
1
61 53 19
2
111 87 0
92 81 4
1
101 83 17
0
1
98 75 15
0
1
75 74 4
0
1
104 86 14
0
1
62 44 9
0
0
1
98 71 14
0
0
0
1
103 99 0
1
123 101 10
1
82 72 9
2
66 56 8
86 81 24
1
78 61 9
2
88 72 2
102 93 7
0
1
66 64 13
1
92 82 2
0
2
109 89 5
89 66 15
3
87 70 10
69 44 12
119 90 22
2
70 58 7
85 72 21
2
96 83 10
99 81 13
1
73 57 2
0
1
71 58 6
3
55 40 1
101 76 14
90 66 17
0
2
114 105 7
58 44 14
1
79 69 21
1
93 79 2
0
2
96 86 9
66 59 11
1
86 58 20
1
91 75 20
1
131 133 9
1
100 89 6
2
84 75 14
96 87 21
0
0
1
60 50 20
2
80 66 10
79 67 17
3
118 101 5
108 77 21
111 91 24
1
111 104 0
1
96 82 0
0
1
90 80 12
0
0
1
79 55 2
2
113 105 4
126 96 10
1
71 55 4
2
112 99 14
95 73 24
2
107 83 2
87 82 10
0
0
0
1
84 74 2
0
3
107 81 0
91 82 2
106 88 9
2
91 73 10
116 83 14
2
105 99 6
85 74 22
1
116 93 24
1
86 55 9
1
80 70 9
0
0
2
107 91 0
93 86 19
1
100 84 9
2
147 124 6
100 80 9
0
2
100 68 16
93 82 20
2
114 97 9
59 45 22
0
0
3
104 79 4
76 54 22
83 65 24
1
91 74 0
1
81 67 21
0
0
1
65 34 3
0
0
1
123 99 9
3
104 69 13
103 64 17
86 68 20
0
1
101 66 9
1
97 67 7
0
0
0
0
2
105 106 16
90 66 21
1
46 35 14
1
92 77 14
0
2
82 50 9
110 97 13
0
2
111 95 10
76 62 19
0
0
1
49 44 22
1
88 80 2
1
83 54 2
1
96 71 2
0
1
132 113 19
2
101 82 22
121 103 24
3
102 90 4
98 84 21
86 89 24
1
138 112 2
1
76 68 9
2
147 115 14
96 83 20
0
0
1
106 111 17
0
1
111 88 5
1
69 47 24
1
71 57 6
1
106 90 13
0
0
0
1
123 71 0
0
0
0
1
78 56 5
0
0
0
1
138 135 24
0
1
97 86 22
0
1
115 94 10
2
111 90 11
116 98 21
1
93 77 21
0
0
0
0
1
103 91 6
0
1
110 79 24
0
0
2
73 59 11
108 75 16
1
128 88 24
0
2
99 86 2
94 59 5
1
78 66 21
0
0
0
0
2
138 103 0
112 98 3
0
0
0
0
0
1
124 105 13
2
115 89 10
102 88 22
0
0
0
0
1
134 98 11
0
2
160 133 0
91 89 9
2
98 88 6
85 66 14
1
98 79 17
2
131 96 0
99 77 3
2
108 88 3
126 111 13
0
2
135 104 0
111 118 24
1
100 78 20
1
147 124 15
1
83 70 3
0
0
0
1
95 73 0
3
108 93 1
119 110 2
80 67 14
1
150 102 0
1
149 100 2
1
116 71 21
3
147 139 2
133 102 9
161 139 10
1
123 107 3
1
110 77 3
0
0
3
130 104 9
91 84 10
116 93 24
1
133 131 7
0
1
110 73 24
0
3
127 123 0
154 117 2
127 106 9
2
71 40 9
93 70 24
3
135 100 0
96 71 20
76 60 24
1
111 96 9
1
106 66 2
2
130 96 9
74 63 13
2
85 67 2
125 106 4
2
141 108 7
113 90 21
0
2
113 88 9
130 107 21
0
2
95 72 13
95 69 22
0
0
2
125 108 9
133 117 14
1
112 97 0
2
131 110 9
111 101 12
1
122 97 14
2
92 91 6
124 114 17
2
113 80 2
97 78 14
0
0
1
121 96 17
1
97 78 13
4
98 86 0
99 86 3
124 90 7
127 91 9
0
0
2
110 92 2
131 115 17
0
1
146 102 24
1
151 126 15
1
138 119 24
1
141 92 20
2
135 105 1
115 91 24
1
120 103 2
0
0
1
116 98 7
2
115 80 10
125 91 21
0
1
93 56 3
2
127 105 9
125 95 10
0
0
1
95 78 22
0
2
119 80 13
157 115 22
2
158 134 21
85 74 24
2
139 91 20
148 107 21
0
1
132 102 20
1
95 62 5
3
88 58 0
142 124 3
132 113 21
1
102 103 24
1
184 135 11
1
119 84 1
0
1
136 112 17
0
0
1
144 107 4
1
169 127 21
3
141 97 7
134 109 8
153 121 11
0
0
0
0
1
118 111 22
1
161 123 6
0
3
164 130 9
151 140 12
107 95 15
0
1
159 116 8
1
124 98 0
2
92 81 0
121 81 12
0
0
0
1
123 78 4
0
2
128 110 11
149 125 21
2
167 159 2
128 112 4
2
130 100 4
140 102 7
1
156 105 24
3
138 126 0
124 104 21
136 97 22
0
4
119 99 6
130 101 9
113 89 11
112 94 12
3
117 101 0
88 60 19
136 77 20
0
1
164 106 12
0
1
188 132 5
3
131 126 9
132 103 14
143 119 17
2
100 93 10
111 99 24
1
134 105 22
2
143 132 0
107 108 14
1
133 113 15
0
2
182 104 6
116 89 24
0
0
0
3
62 45 8
155 132 12
97 81 20
0
1
109 87 3
1
117 79 7
1
148 152 0
1
128 93 10
3
104 86 1
133 93 7
93 73 9
1
136 109 7
2
178 126 0
163 130 24
1
176 182 10
3
111 90 0
130 112 1
173 113 2
1
157 121 11
2
137 107 14
156 133 20
0
0
1
101 73 10
2
130 85 14
136 130 20
1
149 114 20
1
144 108 24
2
162 101 1
118 94 13
0
2
89 64 0
184 138 14
0
0
1
139 123 3
1
139 114 8
1
143 109 5
2
135 110 4
106 65 6
2
171 147 0
141 125 24
0
1
132 103 24
0
2
82 51 7
110 93 24
0
1
153 140 14
1
135 96 15
1
104 96 20
3
152 125 2
143 114 11
121 109 12
0
3
154 144 0
152 129 12
177 132 21
1
128 124 22
1
120 105 9
3
169 129 1
117 87 17
139 124 24
0
2
129 114 19
131 100 22
2
111 79 0
111 111 21
0
0
2
158 133 0
144 88 22
0
4
166 114 3
150 140 9
113 83 17
110 82 22
2
108 90 2
133 117 12
3
87 60 8
107 89 11
139 104 21
4
150 116 0
154 110 5
112 98 10
108 96 15
1
121 109 6
0
4
109 70 1
181 144 8
162 140 9
168 138 10
0
1
116 104 7
1
155 109 1
2
115 92 0
142 88 20
0
0
2
161 124 9
114 91 24
0
4
134 109 4
133 94 9
202 160 11
143 101 17
2
90 69 0
111 85 6
1
90 67 3
0
1
152 121 6
0
2
140 117 0
120 95 13
1
150 121 20
1
110 94 9
0
1
142 116 16
2
107 64 14
132 102 24
0
1
124 91 7
0
0
2
155 126 0
140 97 13
1
187 114 24
2
154 122 19
110 91 24
2
94 68 0
143 114 20
1
173 123 4
1
134 109 15
0
1
173 167 9
4
140 124 2
123 114 7
146 117 10
143 135 22
2
115 99 9
181 126 13
1
112 102 20
2
153 104 0
148 112 2
0
2
143 120 12
114 107 18
0
2
116 82 10
116 105 13
4
200 158 8
119 90 9
167 131 19
85 73 24
2
141 100 1
110 85 13
0
2
142 101 1
129 121 7
4
97 56 2
127 110 7
67 56 10
113 84 13
0
0
0
0
1
165 155 24
4
139 93 0
175 133 9
193 180 13
139 106 14
2
159 132 15
149 125 21
3
191 124 2
152 127 7
167 88 21
3
98 82 7
167 125 10
119 90 21
2
115 94 20
157 144 21
1
141 119 10
3
163 134 13
161 125 17
169 169 19
0
1
159 139 9
0
1
236 206 20
1
157 84 21
0
1
156 137 20
1
136 109 9
0
1
124 104 24
3
140 100 0
132 92 13
159 112 24
1
170 142 7
1
151 99 1
2
130 105 20
142 120 24
0
1
137 126 24
2
176 149 17
162 135 20
0
1
165 128 15
1
193 161 19
0
1
162 135 24
0
1
157 87 7
1
98 80 19
3
178 123 0
96 85 2
167 128 4
0
2
156 141 10
119 104 24
1
119 76 3
1
124 87 20
3
152 158 0
138 134 7
93 51 14
0
3
140 129 9
161 138 10
149 122 14
1
96 74 19
2
134 131 0
193 178 14
3
172 139 0
124 74 4
171 146 20
1
192 173 22
3
95 73 0
129 99 1
174 128 15
2
168 121 10
230 174 12
1
182 127 0
3
158 119 0
157 125 7
185 166 21
1
116 84 22
1
152 136 0
3
123 96 0
175 110 9
126 109 18
0
0
1
144 131 13
1
118 91 0
3
158 109 0
135 99 9
138 119 10
0
0
2
194 133 3
132 88 22
1
143 112 7
3
141 87 9
127 90 10
231 214 20
1
196 139 9
0
1
119 110 18
0
0
2
180 160 1
246 198 10
0
1
148 128 20
