1 1 4 5 6 1 1 4 8 2 8 8 4 2 6 8 1 5 5 3 5 2 2 8 5
1
9 6 14
1
9 7 11
1
7 4 15
0
1
6 5 12
1
6 4 10
1
8 6 22
2
9 8 10
6 3 17
2
7 6 22
9 7 23
0
0
2
5 5 3
9 6 24
2
5 4 16
8 5 23
2
9 7 10
6 5 15
1
10 7 17
0
1
12 9 11
1
9 5 22
1
14 9 2
2
8 5 15
10 9 22
3
7 5 2
10 9 11
10 7 18
1
7 5 18
1
13 12 19
0
2
11 8 12
8 5 17
1
13 10 12
1
11 10 18
1
11 8 12
2
13 13 2
8 7 15
1
8 7 18
1
10 8 11
3
12 10 4
8 6 9
13 10 15
1
10 7 8
2
8 8 11
16 14 13
0
0
1
11 8 14
2
16 10 22
10 6 24
1
12 11 23
0
2
16 13 6
15 11 8
3
11 10 3
12 8 10
12 7 18
0
0
1
12 9 8
3
9 6 2
12 7 8
14 12 22
1
14 11 12
3
12 10 11
21 17 14
13 8 18
0
0
0
1
10 6 19
2
20 17 2
12 9 3
2
14 11 0
18 11 18
0
0
2
19 14 10
19 17 14
2
14 11 4
18 16 15
1
13 11 8
1
14 10 7
2
15 10 14
15 11 24
1
17 15 23
0
2
21 11 11
17 15 15
1
22 13 18
0
0
0
0
0
0
1
20 18 23
2
17 13 0
11 10 14
0
0
3
14 10 13
15 13 14
23 16 21
1
22 17 8
0
2
17 16 2
20 15 12
0
0
0
1
20 16 17
1
24 18 10
2
20 9 2
23 20 7
3
25 19 14
22 18 16
27 23 18
0
0
0
1
23 19 14
0
1
26 23 19
0
0
0
0
1
32 28 16
1
28 24 8
1
26 21 13
3
27 23 1
27 23 4
23 15 23
2
9 7 4
19 15 7
3
26 21 10
25 18 11
30 23 21
0
0
0
2
25 21 19
19 15 21
2
28 23 10
23 17 15
0
0
0
1
24 20 20
2
25 20 8
33 25 22
0
0
0
1
23 20 20
1
26 29 23
2
20 17 2
27 23 10
1
29 18 14
2
29 26 4
25 22 23
2
25 23 8
23 23 24
0
1
33 24 10
2
27 20 20
14 9 24
1
18 16 18
1
38 33 8
3
23 20 8
29 22 11
23 18 24
0
3
32 20 3
24 18 8
23 19 17
0
3
33 27 17
33 28 18
24 18 24
1
23 16 11
0
0
0
2
25 23 11
32 26 24
1
23 16 7
0
3
20 16 4
35 28 11
30 20 22
1
24 20 23
1
29 25 15
0
0
3
23 19 11
38 26 14
28 22 23
2
30 27 4
38 33 23
1
25 16 14
0
2
24 16 7
31 26 21
0
0
1
30 25 10
1
37 29 20
0
1
20 16 2
1
30 18 0
0
1
33 27 12
0
3
30 30 2
33 27 17
24 21 24
1
26 20 11
2
33 19 4
44 41 18
0
0
0
1
39 32 23
1
29 21 17
2
33 30 10
28 21 15
1
21 15 10
0
0
0
2
41 30 3
34 30 8
2
37 37 20
25 23 24
1
34 23 8
0
1
26 21 20
0
0
1
47 37 20
0
0
0
1
49 36 20
0
3
42 33 0
39 28 11
31 18 15
1
39 35 21
0
1
29 27 3
0
1
42 33 23
0
3
44 33 4
30 23 14
39 26 20
0
1
26 18 8
1
37 27 10
2
44 42 15
40 28 24
0
1
34 32 12
0
0
2
40 33 11
35 31 17
1
53 36 23
2
36 31 12
51 36 21
1
37 31 18
3
33 25 4
38 31 15
37 28 22
2
31 23 19
39 35 24
0
1
28 24 20
0
1
38 27 18
0
0
0
1
34 30 5
2
65 58 4
45 35 22
1
42 38 10
2
52 41 12
43 32 23
0
1
41 39 1
1
36 31 10
0
0
0
0
1
47 41 23
0
2
42 32 17
49 32 23
2
46 35 10
42 34 19
0
1
44 31 3
0
1
37 27 18
1
20 11 2
2
31 27 15
33 23 24
0
1
41 30 17
1
43 32 11
0
2
35 27 18
37 31 23
2
36 28 18
31 23 24
1
44 34 12
0
4
25 15 3
44 37 22
53 37 23
44 30 24
2
30 30 11
33 31 21
1
52 39 23
2
44 28 18
55 47 22
1
22 16 10
2
58 39 15
53 45 24
1
55 55 19
2
40 32 5
45 41 17
2
43 36 6
36 27 24
1
32 25 24
1
36 35 15
0
1
32 24 23
3
47 40 2
33 23 4
49 36 23
0
2
55 39 8
60 57 14
0
1
45 35 22
3
49 39 10
40 30 12
37 27 18
0
2
34 36 14
51 36 20
1
50 33 20
2
35 23 2
57 42 7
0
0
2
59 49 7
57 40 17
1
74 80 12
1
36 29 10
2
31 23 7
52 48 14
1
39 32 21
1
59 44 11
0
1
41 31 12
1
56 41 12
0
0
1
48 39 23
0
2
57 37 11
40 31 18
1
52 38 23
0
2
61 50 10
51 41 15
1
38 30 21
3
55 44 7
72 54 14
34 28 21
0
0
0
1
76 55 2
1
43 39 23
0
2
36 33 4
58 57 23
1
25 20 15
2
33 27 17
69 57 24
0
1
40 36 8
0
1
46 45 2
1
65 48 19
2
53 43 4
69 48 14
2
41 38 10
62 45 11
1
54 47 12
0
1
73 64 23
1
55 41 18
2
55 49 15
67 56 23
1
56 50 7
0
4
59 52 4
50 48 6
55 48 15
53 36 22
0
1
69 45 23
1
49 51 4
2
68 62 15
61 48 24
1
52 46 4
2
53 34 15
61 50 24
1
65 48 14
1
60 62 16
1
76 62 11
1
59 37 10
2
65 48 6
80 66 10
1
58 36 18
0
2
56 40 12
53 44 18
1
46 35 9
1
69 64 22
0
2
46 42 2
37 39 24
1
53 32 23
2
50 36 3
57 31 14
0
0
1
61 61 21
1
63 56 13
0
1
79 59 23
0
0
1
49 39 10
4
25 20 5
41 27 14
70 55 17
77 61 21
1
65 48 8
1
62 50 20
2
74 55 8
63 37 11
0
1
58 48 11
0
1
63 50 10
1
53 38 3
2
94 90 14
53 51 21
0
1
43 36 3
1
66 49 9
2
84 52 14
60 47 20
1
53 47 20
2
62 57 4
58 44 7
3
43 28 15
51 41 18
55 36 23
0
0
0
1
65 56 10
1
43 33 15
2
47 43 7
63 54 17
0
1
55 44 6
1
60 56 20
1
49 44 12
2
71 63 12
60 43 23
0
2
66 61 4
90 64 7
2
73 53 8
59 41 12
2
80 68 6
74 54 11
0
3
42 37 7
48 40 11
54 45 15
1
50 44 23
0
3
70 63 8
74 48 18
41 35 23
0
0
0
2
76 71 2
63 47 15
3
59 51 3
58 42 14
61 39 20
0
0
0
1
73 52 15
2
48 45 8
86 67 20
1
80 60 2
1
57 38 20
0
0
2
43 36 14
81 65 19
0
2
77 69 8
71 55 11
1
62 59 15
1
81 58 10
0
1
74 60 23
4
74 66 7
83 59 11
78 60 23
70 56 24
1
51 40 7
1
74 57 3
0
1
40 31 3
1
40 39 11
1
65 51 5
3
76 64 7
53 46 10
75 55 15
1
82 75 11
3
63 44 2
69 58 5
61 40 11
1
60 50 2
1
65 47 15
3
73 79 2
55 42 13
76 66 17
0
1
79 66 5
1
85 67 17
0
0
0
0
0
2
70 47 14
82 67 15
3
91 52 10
66 45 17
69 55 19
1
50 43 8
0
0
0
4
55 41 3
65 51 11
57 43 14
82 59 17
1
90 71 23
1
91 54 15
0
1
84 51 6
1
75 66 17
2
57 42 11
78 65 12
3
75 63 3
80 45 11
69 47 22
1
80 68 23
2
85 72 8
76 57 23
1
81 72 22
1
74 81 7
1
71 57 8
1
93 83 21
3
69 66 5
65 55 14
93 75 19
2
52 44 14
103 77 17
1
86 67 4
1
92 82 11
1
86 69 18
1
92 80 10
0
1
66 64 20
0
1
88 72 13
1
84 57 10
1
70 49 24
2
70 63 19
69 62 24
3
110 85 2
81 70 7
102 77 23
2
66 52 3
72 73 15
2
69 50 7
76 56 10
0
0
1
96 72 14
2
70 51 11
74 63 23
0
0
0
0
2
57 48 8
64 45 23
0
0
0
0
3
73 65 9
60 50 15
99 103 19
2
86 59 11
80 60 19
0
1
93 85 24
0
2
80 69 10
83 46 22
0
0
1
68 60 23
0
3
109 87 3
98 85 4
70 63 8
0
0
1
89 58 24
3
78 76 2
42 31 11
93 70 24
1
78 59 20
0
1
89 70 20
1
102 76 11
1
89 65 12
1
62 53 8
1
75 46 14
1
62 42 4
1
69 42 10
2
86 72 2
78 82 8
0
1
103 87 8
1
75 53 11
2
107 75 20
90 65 24
1
80 59 14
3
101 83 10
66 55 20
59 38 23
1
111 83 4
0
1
95 72 21
0
1
32 28 11
3
70 53 4
75 58 17
85 62 20
2
105 85 3
134 114 15
0
0
0
0
0
1
82 57 13
1
84 70 15
2
82 77 2
54 49 4
0
1
104 65 10
0
1
95 90 13
0
1
98 67 15
2
72 59 8
103 69 24
0
0
1
46 36 8
2
72 49 12
54 43 19
0
0
1
67 48 24
0
0
3
79 60 10
71 52 11
83 60 24
2
101 90 4
108 101 17
0
1
98 77 14
2
65 59 17
86 73 24
3
99 76 10
84 72 14
64 46 18
0
1
53 39 17
1
70 59 14
2
111 64 10
89 70 14
2
99 81 10
106 83 21
0
0
1
112 102 23
2
84 66 2
63 50 17
1
84 69 21
0
0
2
79 62 7
80 75 12
1
64 61 20
2
87 69 20
100 66 24
2
67 59 8
103 80 11
1
127 113 20
2
77 67 20
121 92 24
1
105 66 19
0
1
96 98 4
0
0
0
0
0
0
1
82 63 14
2
89 78 16
76 50 24
1
53 43 1
2
92 74 18
83 69 23
0
0
1
92 78 9
1
92 85 17
1
85 72 14
1
93 72 18
2
85 81 11
103 87 23
2
106 95 18
61 55 24
3
96 77 4
102 83 16
107 79 22
1
99 87 8
2
98 78 7
117 105 18
2
102 68 2
82 64 9
1
43 35 4
2
87 70 15
114 115 19
1
61 52 3
1
111 94 11
1
99 80 15
2
110 89 8
85 69 20
1
122 88 23
0
0
1
112 98 24
1
107 83 24
1
77 60 10
1
126 101 15
1
109 94 21
0
1
87 72 24
0
1
105 76 15
2
130 107 8
97 91 10
3
93 82 2
89 60 7
123 97 15
0
1
101 67 10
0
0
1
82 81 15
1
84 79 10
2
48 32 10
69 64 15
2
118 116 8
80 69 10
1
52 41 17
0
1
83 72 21
0
1
116 82 24
4
85 61 5
132 98 7
131 105 21
92 74 24
0
0
0
4
69 56 4
120 104 8
86 76 9
65 40 10
0
2
112 116 1
76 55 21
1
68 59 11
0
2
129 82 4
111 103 9
2
107 96 11
102 85 23
0
1
64 63 3
0
1
79 65 12
0
0
1
93 54 2
0
1
93 74 7
0
1
102 82 15
1
87 59 2
0
1
133 109 11
0
3
82 62 4
104 94 15
104 101 19
1
59 55 24
1
88 65 11
2
97 82 15
122 102 17
1
111 105 8
0
1
100 81 11
2
103 78 12
73 61 14
2
105 81 2
146 112 12
0
2
80 67 2
84 82 4
3
108 84 10
127 87 14
112 92 18
0
4
77 52 8
120 105 9
92 80 12
137 104 23
2
92 85 7
117 103 9
0
0
1
92 67 8
0
1
67 55 18
0
1
104 91 11
0
2
147 111 15
106 96 20
4
88 51 3
89 64 8
139 109 17
90 71 23
0
1
139 136 11
0
1
133 98 2
1
120 68 3
2
112 90 14
125 106 19
1
130 100 11
2
124 89 3
105 97 11
3
124 107 9
97 92 18
66 57 23
2
106 94 16
93 82 18
1
124 111 11
2
93 77 15
103 69 18
0
0
1
128 76 2
2
86 82 7
105 78 24
1
87 70 11
0
0
1
94 64 16
0
3
73 60 14
133 109 15
127 104 20
2
95 74 11
118 96 15
2
68 61 10
120 91 11
0
1
138 120 15
1
119 99 5
0
0
0
0
2
141 120 10
127 125 19
0
0
0
0
0
0
1
132 112 17
2
120 110 10
109 88 11
0
2
117 99 3
138 156 23
1
119 103 18
3
172 124 10
130 98 11
113 115 22
0
0
0
1
110 86 23
3
125 95 3
101 68 20
115 100 21
0
0
0
1
139 102 16
0
0
1
102 77 24
0
1
97 74 3
1
118 110 7
2
133 89 4
100 75 10
2
65 50 17
86 68 23
2
100 87 15
141 100 22
0
2
129 82 11
140 104 17
2
129 93 1
117 96 20
0
1
122 94 11
0
0
0
2
120 94 3
95 68 20
1
138 120 8
0
0
1
163 141 3
2
123 101 10
76 63 15
1
154 115 14
1
117 81 15
2
134 106 9
139 96 19
2
113 80 8
150 128 15
2
115 100 6
150 130 18
3
55 37 8
92 70 19
141 102 23
0
1
101 81 23
2
129 93 1
106 78 18
1
136 150 8
2
119 86 10
99 84 14
1
115 111 14
1
127 105 11
1
127 118 7
1
79 60 16
3
129 100 4
108 97 9
126 80 23
1
91 69 6
3
111 85 4
109 93 18
149 128 24
0
0
3
143 128 7
124 85 12
91 75 14
3
129 88 3
123 110 12
65 48 14
0
0
1
89 86 11
0
0
0
2
101 73 10
130 107 15
2
149 109 11
150 139 20
0
0
1
89 69 10
0
0
2
119 90 11
99 86 20
0
0
3
97 83 4
145 124 8
125 93 11
0
1
132 100 23
2
104 102 10
155 131 11
2
101 72 4
152 112 24
1
149 125 18
1
79 63 8
0
1
131 99 10
0
1
96 92 4
1
117 114 19
2
82 68 8
94 64 14
1
108 97 11
1
155 96 8
2
162 138 8
131 97 14
0
0
1
110 71 24
0
1
130 106 18
0
1
120 91 14
0
1
82 59 10
2
166 136 7
175 141 23
0
2
106 71 15
141 121 20
1
141 121 2
0
1
124 102 2
0
1
106 87 3
2
98 82 0
154 99 8
1
143 109 14
0
1
128 90 23
4
124 94 8
161 125 11
163 127 14
100 82 23
0
0
1
149 111 23
1
176 146 8
1
128 98 15
1
95 92 0
1
137 125 15
1
133 107 20
0
2
98 102 3
51 42 8
0
1
164 124 24
0
4
138 108 8
116 94 14
131 115 15
139 117 22
2
131 110 11
102 75 24
0
4
118 95 0
119 87 11
101 80 15
111 94 17
2
143 94 11
115 95 23
0
3
140 115 7
162 135 10
144 104 14
2
146 129 3
171 119 16
1
121 117 15
1
147 115 9
0
3
143 101 2
125 109 11
113 101 14
1
145 127 12
1
132 100 12
0
0
1
102 86 8
1
155 104 23
1
124 90 24
0
0
1
152 142 12
1
115 87 10
2
166 149 11
151 111 18
0
0
0
4
172 140 3
177 143 4
157 103 5
146 93 6
0
1
145 100 11
1
137 104 8
2
171 142 15
119 84 22
1
81 74 10
0
1
166 135 22
2
130 78 8
137 114 19
1
148 118 21
1
140 97 23
1
129 98 17
1
116 76 8
0
0
3
180 116 2
156 123 4
156 110 11
1
153 95 9
1
169 164 11
1
119 96 24
1
132 126 18
1
148 130 7
0
2
157 128 5
145 111 24
1
147 99 11
2
185 152 3
141 102 19
1
135 122 23
2
108 98 8
84 74 24
1
167 143 18
1
122 114 15
0
1
152 118 12
1
109 84 11
0
0
0
1
188 144 4
4
177 141 3
153 119 10
150 115 15
168 133 24
0
0
4
117 93 10
162 115 15
133 97 18
130 102 23
0
0
0
2
141 103 2
64 49 11
1
121 85 15
4
103 87 8
179 135 11
136 96 12
207 211 17
5
113 69 7
133 96 10
124 75 15
163 138 17
151 100 23
4
121 102 7
222 134 8
109 99 11
182 125 16
1
152 120 18
0
0
0
2
106 78 6
146 111 14
2
133 104 8
126 102 15
0
2
127 92 11
205 171 14
1
153 118 15
1
182 122 8
1
143 126 15
0
2
153 118 11
135 114 15
1
184 127 11
2
161 141 0
152 127 24
1
171 145 24
0
2
141 105 9
115 76 19
0
0
0
1
122 108 19
0
0
1
152 110 18
0
1
103 87 23
1
97 85 20
0
1
177 178 4
0
0
2
164 123 3
147 112 16
1
124 94 17
0
2
141 112 7
165 113 9
1
139 101 8
1
138 119 11
0
1
105 91 10
1
118 95 21
2
146 129 8
133 123 23
1
183 122 15
1
108 91 10
2
209 151 8
139 118 14
2
122 83 10
158 109 23
1
190 171 18
1
144 137 24
0
0
0
0
1
133 120 24
1
125 115 17
0
0
2
134 93 3
148 98 23
1
122 92 15
1
100 85 24
0
1
163 125 2
1
134 119 20
2
126 99 17
175 123 20
1
165 122 19
3
154 134 12
124 109 15
177 142 24
1
220 177 12
1
181 124 3
0
0
1
154 111 14
0
1
141 103 20
0
1
133 120 4
1
175 156 7
2
141 86 15
126 92 23
1
160 144 4
2
112 91 17
141 119 23
0
2
189 159 8
206 161 13
0
1
128 79 12
2
95 61 14
187 150 24
1
170 135 23
0
2
140 126 6
154 136 20
0
1
196 177 23
1
158 129 1
0
1
123 104 11
1
165 123 18
1
175 157 19
0
0
1
106 76 11
0
1
86 70 3
