4 4 2 1 4 2 2 5 6 6 6 3 7 2 7 7 6 1 5 1 1 8 3 3 6
0
0
1
8 6 21
1
6 4 21
0
0
1
10 9 1
2
9 7 12
9 6 14
1
7 6 24
3
5 3 7
10 7 8
10 9 16
1
7 4 4
1
8 6 10
2
9 6 21
10 6 24
0
0
1
10 7 3
0
0
1
10 7 21
1
8 8 12
0
1
12 10 9
1
12 12 12
0
0
2
9 7 8
12 10 14
1
15 12 10
0
0
1
13 9 12
2
14 12 11
14 11 21
1
10 9 13
1
12 7 9
1
9 7 9
1
11 9 16
0
3
10 7 8
7 4 15
14 9 24
1
12 9 11
1
12 10 8
0
1
10 10 4
1
9 7 22
1
13 12 12
1
16 13 12
3
15 12 14
12 10 15
12 9 24
1
12 9 8
0
0
1
9 7 8
0
1
16 15 9
1
12 10 4
1
19 15 23
2
17 10 9
18 17 21
1
14 10 18
2
13 10 9
17 15 21
2
12 9 8
17 15 12
1
14 11 15
1
15 12 12
5
12 10 7
21 18 12
16 13 15
16 13 18
15 13 24
0
0
2
15 14 11
17 13 21
0
0
2
15 9 0
17 13 2
1
13 12 24
3
21 15 3
20 17 4
15 9 10
2
17 13 9
23 18 16
1
15 11 14
0
3
16 13 7
20 14 14
14 11 24
1
17 13 16
2
14 8 15
14 14 18
0
0
0
0
2
13 10 3
16 11 21
3
25 15 3
21 18 7
15 12 14
2
23 21 0
17 14 16
1
14 11 10
3
10 8 16
21 18 21
22 16 24
2
13 10 14
23 18 23
0
0
2
27 24 0
25 19 21
0
1
27 23 16
1
14 11 13
1
20 15 23
1
20 15 9
2
16 13 1
21 20 10
0
1
24 22 18
3
19 16 3
19 14 18
23 22 21
1
18 12 16
1
16 13 0
2
26 21 16
24 17 21
3
18 19 0
22 17 7
17 13 15
1
29 26 21
1
21 12 15
0
2
23 16 14
30 18 20
0
0
1
22 19 24
2
26 24 4
13 10 9
1
30 26 8
2
26 22 7
23 14 12
2
34 32 13
21 18 21
1
28 19 6
0
1
14 13 16
0
1
31 31 4
1
19 16 0
2
20 16 8
29 21 10
3
22 15 0
22 19 4
20 20 14
1
34 29 22
0
3
30 22 4
22 19 12
34 32 23
0
1
23 20 12
0
0
1
25 17 7
2
29 27 4
22 19 18
1
27 20 8
0
0
0
2
23 18 14
22 18 16
0
1
21 14 21
0
1
22 19 1
1
23 22 10
4
32 23 0
26 24 5
20 18 12
31 29 21
1
35 30 21
0
1
31 24 0
0
2
32 28 12
33 28 18
2
29 24 10
26 18 15
1
28 22 15
0
1
34 26 14
1
33 25 15
1
29 18 8
1
29 25 15
2
20 14 7
40 36 12
0
1
29 27 1
1
19 20 12
0
1
26 20 7
0
0
0
0
0
2
31 23 14
32 25 21
0
1
36 33 1
0
0
1
28 21 24
1
38 28 15
0
0
0
0
2
41 38 7
39 23 16
0
2
33 26 1
29 24 15
0
0
2
30 20 7
33 30 9
4
44 43 7
31 24 9
31 27 11
32 21 24
0
0
1
27 19 14
2
31 24 1
35 22 16
0
0
0
2
37 25 10
40 32 21
0
0
3
38 32 5
35 30 22
34 22 24
2
37 29 18
48 41 21
0
1
40 31 15
2
18 12 0
40 33 14
0
1
37 25 10
0
1
35 26 13
1
37 33 21
2
35 29 10
56 53 24
0
3
38 25 8
35 28 11
20 16 14
0
0
0
2
35 27 0
35 25 18
0
0
2
36 30 1
50 46 9
0
1
45 37 8
0
1
43 33 14
1
40 40 2
3
34 34 12
51 37 15
47 31 24
2
40 37 4
45 43 8
4
39 25 5
47 38 12
52 50 14
54 45 21
1
43 41 8
4
40 32 9
42 35 16
30 21 21
46 37 22
2
36 30 7
36 23 8
0
2
32 25 10
54 39 12
0
3
51 42 2
52 35 15
49 36 22
1
46 36 21
0
1
51 42 4
1
42 32 0
0
0
0
2
42 32 2
41 23 3
2
35 33 15
35 24 23
0
2
46 40 8
47 37 18
2
43 38 11
42 37 24
2
40 28 13
48 39 16
1
23 17 14
2
39 32 10
58 36 14
0
0
0
1
38 32 12
0
1
27 20 14
1
61 55 22
1
47 46 7
1
49 37 16
0
0
0
0
1
51 35 8
1
46 35 18
0
3
33 29 4
41 31 7
54 38 15
2
43 38 14
44 35 15
1
38 24 12
0
0
1
44 42 24
1
41 27 7
3
56 45 9
36 31 12
48 39 20
0
2
46 48 16
64 41 24
1
42 32 8
3
50 48 8
46 34 9
56 36 17
0
1
52 40 24
0
0
0
1
44 35 12
0
2
61 56 5
46 48 14
2
39 34 1
48 41 24
2
36 34 4
56 36 15
1
53 38 7
0
2
41 33 16
34 34 21
0
1
67 55 12
0
0
0
1
52 39 15
1
34 26 22
1
52 51 10
3
44 35 1
67 61 9
68 54 14
0
1
61 35 13
2
46 34 11
58 35 20
0
1
49 23 14
1
63 54 23
2
59 50 4
56 43 14
2
39 33 4
55 41 7
0
0
0
3
34 30 7
41 23 9
55 51 22
3
55 49 10
51 50 15
54 45 16
0
2
51 42 9
52 38 14
3
50 44 4
50 38 12
59 46 23
0
3
60 44 8
49 39 12
39 41 13
2
38 31 14
39 35 21
0
3
38 29 14
35 33 21
62 57 24
1
54 48 10
1
49 47 1
0
1
57 48 23
0
0
1
42 37 4
0
1
59 54 8
0
3
45 42 1
61 46 10
52 49 23
2
62 54 6
65 51 16
2
65 46 12
40 25 15
2
73 58 4
53 44 18
0
0
2
48 40 16
50 38 24
0
0
1
58 48 13
1
50 37 18
3
75 61 16
67 56 21
59 62 23
1
61 53 7
2
74 62 2
76 52 16
2
64 65 16
51 36 21
1
65 52 22
0
1
52 36 8
0
0
2
67 63 8
46 41 11
2
38 29 12
42 36 21
0
2
70 49 16
56 43 24
1
35 25 6
0
0
0
1
67 56 5
0
1
55 36 0
1
50 36 21
1
73 61 22
0
2
58 51 10
45 40 11
2
53 42 7
35 28 21
0
0
3
20 15 6
70 61 8
49 40 15
1
36 30 15
0
1
46 34 11
1
80 69 4
0
2
54 34 15
67 65 22
0
2
77 66 6
65 57 10
1
85 71 7
5
57 58 9
84 75 14
49 38 15
67 51 16
53 45 18
2
60 51 4
61 48 11
3
64 39 15
72 61 16
79 61 19
2
62 53 7
48 37 9
0
1
61 52 10
0
0
0
2
51 39 6
73 69 9
0
1
36 20 15
0
1
81 76 14
0
0
1
48 49 4
0
2
58 44 6
67 53 8
1
53 40 9
2
66 58 21
92 62 23
1
62 48 14
3
59 46 9
48 35 10
84 57 21
1
69 44 0
1
72 68 15
2
72 53 15
59 54 22
1
65 52 8
0
0
1
78 66 11
0
3
49 35 14
58 47 19
64 52 24
0
0
1
62 46 7
1
71 48 17
1
54 37 17
0
0
3
82 56 7
56 47 15
72 52 18
0
0
1
54 45 16
0
2
76 54 7
70 56 14
0
0
0
3
57 51 1
76 58 4
45 38 18
1
68 47 9
1
51 41 9
0
2
76 50 10
56 53 19
0
3
55 45 0
66 67 9
73 64 14
1
61 52 5
0
2
85 70 0
67 46 10
3
52 46 10
69 59 15
62 42 18
2
65 58 5
66 52 16
0
0
3
54 41 2
80 66 8
98 82 14
1
69 62 8
1
59 51 10
1
105 93 24
2
77 58 5
57 47 12
1
64 46 9
0
1
69 57 21
4
85 74 9
89 81 12
71 58 22
85 79 23
2
63 53 6
84 85 21
1
80 61 15
1
86 68 9
3
62 48 13
94 68 14
80 71 22
0
1
77 64 24
1
70 51 2
1
99 79 15
2
83 78 1
94 79 8
1
81 64 16
1
63 57 8
2
95 73 10
97 60 15
2
76 56 10
67 53 21
0
0
3
78 67 1
63 57 16
53 38 23
1
62 48 8
0
3
53 46 11
68 62 15
78 69 21
1
62 47 14
0
2
70 61 10
81 83 15
1
94 76 9
1
82 66 7
1
88 71 21
0
1
88 50 7
1
62 48 8
1
74 64 7
2
75 61 15
78 51 21
1
63 51 12
2
77 70 14
95 70 23
1
42 29 1
3
64 46 1
85 67 14
74 64 17
5
65 53 7
87 57 12
52 34 14
77 48 15
86 60 21
0
0
1
86 64 10
1
80 56 21
0
0
1
63 49 12
2
75 51 20
61 52 23
3
81 62 12
78 53 22
74 48 24
1
69 62 21
2
64 47 10
73 49 24
1
100 76 15
0
3
85 69 16
98 80 21
112 121 23
2
76 64 2
75 64 12
0
0
0
1
72 65 8
0
3
80 58 15
66 71 18
75 65 23
0
2
80 45 4
63 43 21
0
1
84 65 24
2
95 79 4
106 84 17
1
98 93 21
1
87 71 4
0
1
72 62 14
2
82 57 7
73 56 21
1
76 60 18
3
117 94 0
96 76 4
89 81 19
0
1
90 68 23
0
3
92 65 1
62 48 12
85 65 23
2
78 69 22
94 73 24
3
54 44 4
96 92 9
105 94 18
0
1
71 68 8
0
4
93 66 0
63 40 9
107 81 15
99 92 18
0
2
106 100 16
74 60 21
1
75 55 15
1
76 66 24
0
1
89 64 16
0
1
56 46 9
0
0
0
1
104 100 8
2
114 107 7
78 59 14
2
102 86 8
102 70 13
0
0
0
1
107 100 15
0
0
0
0
0
1
106 67 14
0
0
0
0
2
74 48 9
103 83 21
2
93 73 6
106 74 14
0
1
100 71 11
1
89 77 14
0
1
107 81 12
1
84 62 12
1
124 96 0
1
96 66 8
2
118 101 8
79 51 10
1
105 63 4
0
1
99 83 8
0
0
0
0
1
116 114 8
3
115 85 1
87 78 2
55 42 24
0
2
104 94 9
137 91 20
1
72 65 9
1
101 104 4
1
118 89 8
0
2
117 88 4
84 62 14
0
0
1
104 81 10
2
71 56 0
82 47 1
2
101 61 5
98 84 8
0
1
102 99 5
1
92 71 24
1
132 96 14
4
91 82 0
61 48 1
87 75 8
90 69 14
0
2
105 95 1
61 54 8
1
101 71 16
0
2
95 75 8
48 33 14
1
89 70 21
0
0
2
100 76 4
107 85 16
0
2
110 79 10
104 90 23
0
0
0
0
2
118 112 0
104 67 4
0
0
0
2
117 92 9
104 68 14
0
2
106 72 1
90 53 7
0
2
117 81 8
132 111 11
1
86 75 8
0
1
63 42 1
1
108 68 15
0
1
117 107 5
1
102 88 7
1
113 86 0
1
127 106 16
1
99 82 18
1
80 58 22
1
84 69 21
1
85 65 22
2
94 61 0
120 92 7
1
77 58 10
2
89 70 7
102 92 13
2
75 60 11
99 69 24
3
107 90 4
105 86 7
111 104 8
2
78 64 1
125 102 4
2
104 84 9
117 69 18
0
0
0
0
1
107 89 21
1
186 128 24
0
0
2
89 64 6
112 99 18
0
4
92 73 11
78 63 12
78 57 17
121 94 24
1
94 64 8
2
108 95 5
99 95 15
0
2
86 86 2
68 53 11
0
1
111 96 21
2
105 91 3
90 70 18
0
0
0
0
2
98 69 7
77 66 14
1
107 114 24
0
1
125 92 3
3
95 81 7
77 69 15
112 94 17
3
102 98 15
134 110 18
107 101 24
1
80 71 22
1
129 120 15
1
72 49 23
2
61 50 0
108 98 23
0
1
106 86 1
2
80 57 2
133 121 10
2
85 69 2
105 75 5
0
1
122 85 12
0
2
108 81 13
107 96 24
1
90 84 16
2
112 110 10
105 60 14
1
67 70 9
0
1
161 122 22
0
0
0
3
83 67 6
114 93 12
115 85 23
0
1
105 70 0
1
105 83 18
0
0
2
94 85 5
133 96 7
0
1
122 67 0
0
0
0
5
125 112 4
116 102 10
113 79 14
93 89 15
103 96 16
0
1
108 97 14
0
0
0
3
140 114 0
121 92 18
145 150 22
1
153 98 8
2
78 58 1
118 106 10
0
3
132 131 10
86 57 11
100 89 12
0
2
92 79 18
141 130 24
0
3
77 69 6
113 95 7
105 78 22
0
0
1
107 94 7
1
74 62 11
1
90 65 16
0
0
0
0
0
1
108 102 7
1
89 78 10
1
148 114 8
1
103 81 24
1
120 97 24
0
1
103 69 0
2
116 94 7
158 127 23
2
100 66 10
119 124 11
1
155 134 11
3
123 66 10
83 72 14
102 82 21
2
116 85 4
98 76 23
0
3
105 100 4
160 138 7
140 112 23
0
1
108 77 13
1
132 106 11
0
1
115 81 6
0
1
96 84 13
1
83 58 11
1
146 116 8
2
153 116 0
141 137 8
2
111 90 0
83 55 16
2
95 82 0
111 95 1
1
80 67 14
0
0
0
1
61 58 10
0
0
0
0
2
83 74 8
151 107 23
3
94 81 2
132 112 10
136 98 13
1
117 64 7
0
1
107 87 7
0
1
107 110 1
0
2
148 110 12
123 106 21
2
105 92 1
76 62 16
1
128 110 2
2
100 72 4
165 106 17
1
127 117 14
2
150 138 6
95 79 21
0
0
2
139 97 14
149 108 19
1
99 82 21
0
1
120 82 22
1
91 89 7
1
148 147 10
1
167 132 1
2
119 86 7
94 52 14
1
112 88 24
2
121 99 8
169 136 12
1
132 130 21
1
133 110 16
2
151 115 1
117 113 4
0
0
2
127 112 4
149 141 24
0
0
0
2
128 118 9
133 114 13
0
1
148 120 24
3
118 107 1
128 112 11
107 80 16
3
107 80 10
103 72 11
154 148 23
0
1
123 98 11
1
119 110 12
2
154 143 10
131 105 13
2
160 136 9
112 93 21
1
146 149 7
3
104 82 5
168 134 18
109 95 21
1
112 89 12
1
99 68 11
2
137 119 1
130 83 10
1
107 108 12
1
196 183 10
2
125 107 7
141 112 11
2
145 123 1
154 102 21
0
0
0
1
139 91 10
3
140 99 7
118 88 12
147 112 13
0
2
113 107 10
109 85 14
2
133 79 11
120 104 19
1
153 119 19
1
119 87 10
1
155 121 24
1
123 102 6
1
147 127 21
0
1
140 98 1
2
122 97 9
98 70 21
0
1
136 108 10
0
2
144 160 2
92 71 8
1
143 102 10
1
74 67 1
1
121 114 14
1
160 141 2
2
118 95 8
163 137 18
1
146 102 18
1
104 86 10
0
0
1
154 139 2
0
2
187 161 8
140 98 10
0
2
145 120 14
108 84 16
1
103 90 15
1
102 79 8
0
1
135 102 7
1
134 110 15
2
109 84 9
153 112 10
0
1
97 75 5
0
1
154 95 4
1
141 139 21
0
1
122 112 16
0
2
112 90 8
116 90 11
0
2
132 120 10
175 131 15
1
116 88 18
0
0
0
0
1
143 119 18
2
145 116 15
126 107 23
2
151 111 11
110 78 23
0
2
112 98 9
94 78 23
2
93 89 11
137 114 21
2
141 147 0
156 144 9
3
107 97 16
133 106 23
159 136 24
1
105 66 15
0
0
4
117 81 0
147 122 4
147 122 12
107 97 22
3
98 79 1
171 149 14
89 72 21
2
167 147 0
112 94 15
1
160 135 20
0
1
140 103 9
1
113 98 14
2
119 111 10
90 80 14
0
0
0
3
111 87 0
176 149 12
105 77 21
0
0
0
0
1
121 89 10
2
102 83 9
124 107 24
1
124 94 24
0
1
185 177 16
2
121 91 7
204 134 8
1
143 114 4
1
115 91 19
2
150 108 15
104 75 24
2
143 110 9
135 108 12
1
135 90 16
1
153 124 3
1
122 102 23
1
169 141 16
2
154 125 11
113 85 23
0
1
143 122 17
0
2
127 78 8
149 120 21
0
0
3
178 136 11
189 161 16
90 76 18
1
105 76 22
1
189 150 7
1
164 119 21
0
1
97 92 15
0
0
1
118 82 16
1
134 89 12
0
4
158 121 3
165 133 4
160 108 10
161 130 13
0
0
0
1
185 136 7
1
132 103 1
0
1
143 106 3
4
133 89 0
173 142 11
113 112 14
180 144 24
0
3
145 130 1
162 121 4
141 96 24
1
146 114 13
4
166 156 9
119 89 12
151 91 15
95 60 21
0
1
107 86 24
0
0
4
135 100 5
169 156 6
100 83 9
178 97 16
0
1
128 112 14
1
248 210 1
1
105 80 13
2
209 150 15
179 131 21
0
0
0
2
157 137 8
154 140 22
0
0
2
160 150 10
148 97 16
0
0
0
1
163 114 24
1
218 213 11
1
127 93 24
0
2
137 114 1
120 95 15
3
181 150 14
120 127 22
103 95 24
1
187 134 21
0
1
152 119 24
3
155 119 4
188 139 8
153 108 24
1
201 215 14
1
186 110 16
0
1
135 91 22
3
206 188 9
88 83 18
130 116 21
2
137 88 8
132 106 21
1
122 111 7
1
196 162 24
2
131 109 8
160 136 10
1
160 129 15
1
118 84 21
3
176 145 4
207 178 12
116 91 17
3
156 105 5
152 141 7
83 66 16
1
190 176 21
0
1
132 95 12
0
0
1
182 128 13
0
0
0
0
1
118 103 4
2
161 136 3
107 97 9
1
180 147 9
2
159 128 12
196 162 21
1
151 127 7
2
175 131 0
148 101 7
2
114 103 16
162 161 22
0
1
135 106 21
2
136 101 7
191 176 22
0
1
163 120 9
0
3
166 117 6
131 115 10
91 75 21
1
226 172 9
1
187 156 4
2
173 128 5
157 102 9
3
109 72 9
95 75 12
210 172 15
