6 5 7 4 2 5 7 3 8 4 4 2 6 6 1 7 1 7 2 4 3 6 7 7 5
2
4 4 13
8 6 19
0
5
8 5 9
8 7 15
7 5 21
8 6 23
7 5 24
0
1
9 8 3
2
8 7 22
9 7 23
2
10 8 15
8 7 20
0
1
4 3 8
0
4
12 10 2
9 6 6
9 8 8
7 5 24
0
1
13 12 8
0
1
12 9 7
1
9 6 12
1
10 5 20
2
10 10 2
13 9 12
2
9 7 7
9 6 22
1
11 7 0
3
13 12 0
12 9 2
11 9 10
0
1
12 8 12
0
2
8 6 13
8 5 24
0
0
0
2
8 5 0
13 10 22
0
2
8 5 15
14 8 22
3
9 7 6
13 11 12
13 9 22
1
11 9 13
1
11 8 23
1
10 7 22
3
12 8 1
9 8 5
13 12 10
0
0
1
17 10 1
1
15 11 21
1
10 10 1
1
20 14 21
0
1
14 11 21
0
1
14 12 8
0
0
2
15 12 15
11 8 22
1
14 12 22
2
13 9 10
23 20 20
1
12 9 0
0
1
14 10 13
2
15 12 8
12 7 17
2
12 12 7
17 14 17
1
11 8 0
0
0
0
1
15 13 17
2
16 12 17
11 9 22
2
21 16 0
18 13 15
1
14 11 13
1
13 10 5
2
15 14 3
19 15 5
1
22 15 10
2
19 13 8
19 17 15
1
14 11 18
1
18 13 14
2
21 16 15
15 9 22
2
14 10 3
19 16 12
1
25 22 5
0
1
17 15 15
2
24 24 12
20 17 13
2
23 16 6
12 10 22
2
19 17 17
21 16 20
3
24 18 3
15 13 10
21 18 22
3
21 15 4
19 15 12
21 15 17
2
21 16 8
13 9 13
0
1
13 9 24
2
17 11 8
20 20 22
1
17 13 8
1
18 15 12
0
1
16 11 6
0
0
1
9 6 4
1
16 13 13
1
24 19 7
1
25 22 12
0
2
18 14 9
15 12 17
1
17 14 17
1
26 23 2
1
24 16 24
2
29 26 18
13 11 22
1
24 17 12
1
17 12 12
0
0
1
30 21 3
1
22 19 17
2
33 30 13
27 19 19
0
0
1
24 19 24
2
25 23 5
15 12 22
2
24 18 17
26 21 21
1
23 18 18
1
31 25 1
0
2
19 21 1
27 22 22
1
21 14 21
2
27 19 3
27 19 8
2
18 19 1
24 19 5
0
1
19 10 6
2
26 19 7
24 23 21
1
31 25 17
0
1
29 21 10
0
2
32 27 8
19 14 9
2
33 23 3
23 20 21
0
2
17 14 2
26 23 5
0
1
33 28 18
1
25 19 8
2
28 26 13
26 20 15
1
30 25 19
1
24 21 10
2
20 17 1
42 39 12
0
1
30 21 2
2
27 20 1
34 28 12
0
2
21 17 5
16 11 24
0
2
26 21 3
32 26 8
2
20 15 2
24 16 24
0
2
32 23 1
27 21 8
4
30 19 0
23 20 6
37 29 9
24 18 13
0
2
24 14 1
30 25 5
2
30 21 1
39 29 21
1
43 28 10
1
36 31 8
1
36 31 13
4
27 22 5
34 27 15
34 27 20
31 27 22
0
0
0
0
0
0
2
35 23 8
29 20 24
1
28 21 23
2
22 17 1
22 15 15
0
1
34 33 8
2
37 25 1
36 30 2
0
1
34 27 20
1
27 20 17
0
2
38 31 2
40 36 16
1
38 28 18
3
38 26 10
28 22 19
20 15 24
0
1
32 26 11
0
1
37 30 12
3
34 27 15
29 25 21
31 26 23
3
29 24 15
29 24 16
47 30 20
3
38 32 6
39 44 17
27 22 20
0
2
28 21 0
32 30 17
1
30 21 15
0
2
45 39 3
39 32 10
2
34 30 3
52 35 23
1
35 27 2
2
33 25 13
37 28 17
1
31 27 15
0
2
24 17 11
31 24 24
2
35 24 5
38 33 9
0
2
47 32 5
33 24 6
3
39 33 3
39 30 10
36 27 18
5
46 38 8
33 19 15
26 22 17
41 36 19
56 51 22
2
35 20 15
37 34 21
1
38 30 2
2
41 35 6
33 25 22
3
37 30 2
44 37 17
47 34 22
3
54 39 6
48 35 7
39 29 15
1
24 19 18
1
39 24 2
2
29 26 6
38 33 17
1
30 23 2
2
39 28 4
24 21 17
2
36 24 2
32 31 5
1
38 23 17
2
36 28 15
39 30 22
1
33 23 23
2
36 29 10
37 32 22
1
32 24 9
0
1
29 29 21
1
38 31 21
2
29 25 13
36 31 22
0
0
0
1
41 36 13
0
0
2
27 25 15
31 24 22
0
2
50 37 2
35 29 5
1
52 44 19
1
30 23 2
0
2
27 23 0
50 43 8
0
3
45 41 0
46 39 10
44 35 12
3
34 25 2
52 41 6
29 22 7
1
45 32 24
1
56 44 13
1
44 37 7
3
35 28 4
29 22 8
41 29 10
1
47 42 7
2
33 28 0
52 29 11
1
37 25 21
1
47 33 5
0
1
33 26 19
1
39 31 0
1
46 46 14
1
43 34 15
0
1
23 18 0
1
58 53 21
0
2
48 46 3
43 39 5
1
51 42 11
2
42 30 9
52 35 18
1
42 42 5
1
48 42 23
1
46 37 19
0
0
3
58 42 7
54 46 14
53 47 22
0
3
24 20 4
37 31 17
43 42 18
0
1
63 51 15
2
47 35 15
56 40 23
2
66 46 1
59 43 13
0
2
48 36 17
26 20 21
1
44 25 21
0
2
57 40 12
57 48 20
0
1
43 37 22
2
49 31 8
46 39 24
1
52 36 22
0
2
49 43 21
44 37 24
0
1
44 34 13
1
38 36 6
1
43 35 3
2
49 36 2
38 30 20
1
52 51 12
3
52 38 7
49 36 15
46 28 17
1
52 40 0
1
60 47 7
1
33 24 0
1
58 49 8
1
53 36 2
3
56 47 6
65 66 22
50 43 24
0
1
25 19 12
0
3
46 39 19
23 19 21
53 38 23
0
0
0
0
1
69 58 21
0
1
69 64 16
0
3
62 46 0
65 41 15
43 34 24
0
2
37 30 15
44 31 24
0
2
68 57 12
83 84 15
1
49 41 23
0
1
47 35 2
3
61 56 9
57 48 22
68 60 23
0
2
58 44 17
42 32 24
0
2
46 33 6
50 44 12
1
62 63 8
2
58 50 16
84 59 23
2
48 36 8
46 39 22
1
36 30 22
2
51 38 8
56 52 23
2
52 42 0
54 39 21
2
52 44 18
52 31 24
0
2
46 24 8
69 57 11
0
0
0
0
1
31 27 15
1
67 56 10
1
64 59 12
2
62 56 0
75 66 12
2
67 52 0
53 51 21
0
2
46 40 22
59 53 23
1
43 28 21
1
29 20 7
0
0
1
58 52 23
1
75 54 8
0
2
57 60 0
64 47 12
1
43 32 22
2
56 45 8
50 43 13
0
1
60 43 20
0
2
65 54 3
44 37 17
0
0
1
85 60 17
1
44 35 13
2
64 55 21
50 23 23
1
74 61 4
0
1
65 51 9
1
73 58 16
1
58 37 21
1
71 57 9
2
58 35 1
47 39 6
2
64 58 11
87 65 12
1
60 57 17
0
1
36 25 0
2
57 40 15
76 60 24
2
78 62 20
65 50 23
2
61 47 1
60 54 5
1
59 40 22
1
75 46 15
2
54 40 0
72 58 22
4
64 54 5
56 48 13
58 41 15
61 63 23
2
63 57 7
61 44 17
1
55 40 17
0
1
52 50 3
0
1
49 35 14
1
36 32 24
0
2
56 51 8
51 45 21
0
1
42 35 12
0
0
1
70 55 12
0
2
61 46 23
67 60 24
0
2
87 63 17
98 75 19
0
2
61 50 10
36 27 15
1
69 60 23
1
58 51 8
3
55 51 1
59 51 6
53 38 13
1
82 53 21
1
75 68 5
2
80 49 20
29 25 21
1
48 40 5
2
69 67 21
58 42 23
1
66 55 8
3
54 42 3
55 57 9
73 66 12
0
1
36 33 13
1
92 81 22
2
59 55 2
79 74 19
2
61 52 2
65 44 23
1
65 52 19
1
85 72 6
2
50 38 8
63 52 17
0
1
77 64 22
0
1
63 46 21
0
3
74 65 8
66 62 10
71 56 21
1
80 62 0
2
63 59 9
55 49 15
1
68 47 8
4
52 43 2
84 63 12
69 58 15
64 48 23
1
60 40 17
0
0
1
50 52 0
0
2
90 83 2
74 59 21
2
62 54 20
67 56 24
1
53 37 0
0
0
3
66 40 2
76 57 21
62 51 24
2
71 46 16
88 77 24
0
0
1
71 62 20
1
79 72 1
1
59 53 20
2
69 56 8
108 85 24
1
86 74 6
0
0
0
0
0
0
0
0
0
1
61 52 6
0
1
56 38 6
0
0
1
55 48 20
2
75 63 9
63 43 22
2
90 69 0
84 48 17
0
2
73 47 10
86 84 22
1
93 71 23
0
0
2
95 67 15
103 67 23
4
73 49 5
68 53 12
82 56 18
50 49 19
1
55 37 9
2
91 74 13
103 94 17
2
72 59 0
65 51 17
2
69 48 3
95 91 24
1
91 81 10
0
1
79 72 23
1
73 53 3
2
78 57 2
80 66 11
1
71 60 8
1
96 81 12
2
68 56 8
104 93 23
0
0
1
77 66 22
0
1
66 48 0
1
85 80 0
0
0
1
79 62 22
3
60 51 8
97 79 13
101 87 18
0
1
75 53 9
0
3
82 60 2
55 38 8
60 41 9
5
60 45 2
99 81 6
80 69 8
66 66 22
75 60 23
0
2
83 64 21
95 77 22
3
86 71 9
87 78 11
65 54 15
1
107 62 3
0
0
0
2
96 66 2
90 68 16
2
90 65 0
94 69 15
1
87 76 1
1
101 67 17
0
0
1
65 61 4
1
75 49 24
3
122 95 6
104 88 7
72 63 10
0
0
3
82 76 8
88 63 17
85 78 23
0
2
86 73 0
87 64 3
1
97 59 12
0
1
78 65 15
0
1
85 71 19
1
90 64 6
3
97 70 0
97 65 2
96 80 5
0
2
108 92 7
105 78 13
1
68 55 8
3
44 41 12
85 65 16
92 93 17
1
75 64 8
1
84 63 23
1
59 52 12
2
70 54 3
99 59 21
0
4
123 110 15
77 65 17
85 72 22
98 76 23
1
79 61 12
0
0
1
87 60 5
1
101 68 4
1
93 82 17
1
69 59 15
0
1
101 76 6
3
103 97 1
77 63 19
118 111 22
0
2
76 56 6
92 68 23
4
117 80 18
83 67 21
84 68 23
123 110 24
2
77 58 12
97 72 19
2
84 63 8
121 91 19
0
2
87 68 2
75 65 23
1
69 44 1
2
74 53 4
52 45 17
1
85 66 8
4
101 59 0
92 57 6
88 82 8
85 64 17
1
75 70 0
2
79 59 0
84 59 22
0
2
72 53 6
79 62 23
4
65 51 5
66 44 8
61 47 17
53 52 22
1
96 82 12
0
3
100 105 12
76 63 19
113 107 23
2
88 82 0
109 91 12
3
69 51 6
122 95 22
112 87 23
0
1
103 76 21
2
86 69 2
93 77 15
5
90 50 0
65 57 13
85 69 21
89 67 22
80 60 23
0
2
78 58 11
107 79 17
0
0
2
99 74 0
109 100 6
3
116 94 8
121 100 22
92 69 23
0
2
82 53 6
121 97 11
1
102 75 24
1
93 65 12
0
0
2
75 57 2
80 68 23
2
100 86 4
100 85 15
1
60 43 5
1
97 59 4
0
1
91 66 22
0
0
0
1
80 70 7
1
99 78 13
2
82 67 8
125 87 11
2
116 100 13
74 60 19
2
110 81 19
56 35 21
2
113 98 7
99 93 15
1
58 42 0
1
113 108 12
1
115 99 6
2
126 111 13
93 70 18
2
106 69 1
108 78 11
5
144 109 0
117 93 5
102 73 8
133 89 10
95 76 21
4
116 89 5
104 75 10
83 73 15
112 66 19
1
71 58 13
1
84 72 21
2
128 121 6
103 90 12
1
75 63 13
0
0
0
0
4
98 81 2
85 69 5
127 90 7
127 119 16
2
112 86 5
104 94 13
3
102 90 1
99 81 13
74 71 23
1
97 91 1
1
78 72 15
2
129 116 8
122 112 20
4
46 30 0
118 86 5
75 62 18
79 75 24
0
1
82 56 21
2
101 80 0
149 91 10
1
109 93 12
0
1
84 65 3
0
0
2
126 96 0
88 79 19
1
92 70 10
0
1
88 57 13
1
101 94 15
0
1
81 53 21
3
105 79 6
118 89 9
120 89 22
2
123 100 9
115 85 18
2
91 79 0
109 92 1
2
120 114 5
111 96 21
1
127 118 1
2
122 79 10
95 65 20
0
2
105 81 3
72 51 17
1
128 112 12
0
1
74 48 10
1
139 123 22
0
2
128 110 5
75 69 17
1
106 82 24
5
159 89 1
137 85 4
130 107 5
98 69 7
127 98 21
2
85 70 2
105 90 22
0
2
104 56 8
117 91 20
0
0
4
116 67 0
104 83 2
84 61 15
93 96 20
2
87 55 10
103 86 22
1
102 70 13
1
99 62 2
2
116 91 9
140 93 14
1
90 73 22
2
132 141 5
113 109 22
3
66 55 9
145 127 21
92 78 22
1
69 54 9
2
80 70 6
105 88 16
0
0
2
79 54 5
105 96 17
0
1
99 78 13
0
1
55 41 21
0
2
99 74 0
103 76 23
2
85 68 7
107 72 17
0
1
115 81 22
4
87 69 3
91 64 17
106 65 23
132 124 24
0
0
0
3
89 65 12
60 43 17
106 97 22
1
91 70 15
1
109 93 12
4
84 74 9
122 85 12
101 90 13
112 86 17
1
113 75 17
1
88 89 7
0
1
103 63 6
0
1
98 78 22
0
2
88 57 1
111 85 17
2
105 90 4
111 101 6
1
114 75 10
0
0
1
93 78 21
0
2
109 91 5
94 73 24
1
122 112 22
1
122 84 7
1
113 74 15
0
3
107 70 8
115 114 15
107 93 20
2
95 77 15
114 100 21
0
0
2
99 85 3
155 116 4
2
130 89 1
100 73 18
0
3
149 108 8
112 88 12
137 105 24
0
1
118 82 15
2
117 88 2
136 96 23
0
2
117 101 15
76 67 16
0
0
2
130 101 0
104 79 23
2
88 84 2
147 115 8
3
92 91 12
106 99 23
107 86 24
1
136 93 23
0
2
111 86 0
134 108 15
2
74 64 0
154 124 5
0
1
119 100 6
0
2
129 110 1
106 85 3
2
102 76 2
111 102 17
3
106 82 3
153 116 19
73 60 22
0
4
82 49 2
76 70 3
113 84 19
119 92 22
0
5
109 102 6
117 64 11
146 99 12
104 80 19
98 79 20
0
3
121 92 4
120 97 10
166 148 23
1
126 92 12
1
92 81 15
0
1
124 122 6
1
89 81 10
2
123 102 1
137 107 22
0
3
67 54 3
107 95 12
98 65 22
2
123 102 13
131 106 15
3
94 81 2
120 106 22
117 91 23
3
139 102 9
143 108 15
146 140 17
1
155 118 13
0
1
143 119 17
1
151 157 1
1
122 107 22
0
2
131 100 19
126 87 22
0
1
84 73 23
3
138 120 12
129 97 15
130 96 17
0
1
112 98 23
1
103 91 17
3
94 74 5
111 86 23
111 96 24
1
112 91 13
1
108 93 9
1
133 113 15
1
96 66 14
1
160 106 13
1
139 106 15
1
82 69 2
0
2
94 71 0
101 82 6
2
84 58 6
136 109 19
2
120 102 11
130 100 22
1
102 84 12
1
109 91 10
1
165 153 9
2
152 115 8
97 84 9
1
158 106 5
1
151 104 13
0
1
127 105 3
5
136 101 5
108 110 15
142 99 19
106 90 21
89 66 22
1
89 60 13
0
2
120 86 0
108 85 6
0
1
82 59 17
1
86 80 6
1
138 132 8
2
122 90 15
77 61 23
2
137 125 8
154 109 19
1
114 92 3
0
2
142 103 11
132 87 19
1
72 61 2
2
112 88 9
137 126 22
2
142 139 6
140 100 13
2
117 100 12
153 110 13
0
1
110 78 6
0
3
169 118 2
120 88 3
114 105 13
0
0
2
115 102 22
71 62 23
0
0
0
2
151 156 17
118 104 22
1
113 89 9
1
127 92 15
0
2
103 92 15
128 106 24
0
2
110 79 0
102 74 24
3
162 148 5
124 107 18
46 37 23
2
150 141 2
96 76 21
1
77 68 15
1
119 88 13
2
124 93 0
154 114 19
0
0
3
122 92 0
144 92 7
161 108 23
0
0
0
0
2
99 72 14
101 83 23
1
156 130 14
3
118 62 8
101 67 17
107 90 23
0
3
184 156 6
100 71 14
84 72 15
2
148 124 4
166 108 24
4
151 124 2
115 111 6
124 72 15
150 122 24
2
138 99 12
128 109 24
2
137 114 12
140 113 22
1
97 90 12
1
171 142 0
2
152 144 12
124 112 22
1
131 111 12
2
130 80 19
94 83 20
3
186 143 6
159 154 21
158 130 23
1
106 99 13
3
122 84 17
129 88 21
162 136 23
0
1
157 135 6
3
158 152 9
102 94 12
137 120 21
2
112 94 18
152 114 19
2
104 97 6
78 58 15
1
91 82 17
1
93 69 22
2
135 108 9
139 89 15
1
76 53 7
1
156 109 3
1
147 111 13
0
4
124 99 1
173 130 15
114 95 20
173 158 22
2
136 108 9
139 113 24
1
174 114 15
0
2
174 135 8
137 102 19
0
0
0
2
180 113 9
105 88 21
1
98 78 2
0
1
112 92 15
1
146 130 8
1
188 141 8
1
144 130 16
0
0
0
1
135 110 17
1
140 121 9
1
145 115 20
1
75 63 21
1
128 113 22
1
112 105 19
1
164 136 21
1
134 105 10
1
101 78 17
0
1
99 76 16
4
158 137 3
154 117 4
114 99 12
116 103 15
1
134 114 19
3
126 87 2
191 150 8
142 110 23
2
117 86 17
119 105 22
2
123 121 2
162 139 11
1
117 93 21
0
0
1
119 91 21
4
176 153 5
136 100 18
170 142 19
167 109 20
0
0
3
161 135 6
184 167 8
138 98 23
2
94 68 2
137 119 22
1
120 93 18
0
2
177 143 1
131 112 2
2
175 121 8
167 117 17
2
198 144 1
136 127 5
0
0
1
170 122 11
1
149 108 16
4
152 103 6
100 73 8
137 126 11
137 125 12
0
3
126 58 6
174 164 10
118 119 17
2
155 135 0
180 159 23
2
183 109 6
107 100 10
1
133 98 1
1
115 83 0
2
156 133 13
169 127 19
2
150 115 9
174 162 13
0
0
0
1
162 139 2
2
114 78 4
163 146 23
3
128 103 14
175 133 17
122 85 24
0
2
169 118 9
122 100 10
2
122 93 21
150 93 22
0
1
143 110 6
1
137 105 22
1
109 93 18
2
132 99 7
121 104 8
2
176 129 9
128 102 15
1
138 110 20
2
152 95 17
106 71 21
2
50 44 21
143 136 23
0
1
171 133 15
1
125 95 13
2
129 93 6
149 144 11
3
143 97 0
147 113 7
145 121 20
1
175 142 17
2
147 138 8
105 79 22
0
2
169 155 1
88 69 2
2
139 125 15
156 111 20
2
116 93 18
159 133 22
1
114 99 21
1
150 108 5
1
178 130 8
3
179 153 11
148 122 14
102 71 19
1
116 93 8
1
166 115 2
0
1
128 100 0
3
172 134 0
109 82 8
137 123 22
1
143 136 9
0
2
141 103 6
105 85 8
2
189 175 6
162 115 13
0
2
137 92 13
166 110 22
0
1
217 160 23
1
140 130 17
0
0
3
157 118 10
224 193 22
157 161 23
2
142 104 23
128 122 24
2
218 150 12
161 114 22
2
136 104 2
128 100 19
1
92 84 2
1
165 131 15
0
4
114 104 0
194 149 5
120 91 22
188 146 23
1
158 156 15
2
165 141 5
144 114 24
2
91 88 5
201 147 11
0
1
157 129 2
0
0
1
100 74 5
0
3
143 136 2
90 73 10
187 143 17
1
97 80 18
1
97 85 2
1
168 121 19
0
3
126 109 6
162 126 8
155 105 19
4
161 132 8
165 110 15
142 107 17
207 126 24
0
2
150 92 2
211 204 22
2
151 119 5
155 147 21
1
133 103 15
0
1
235 189 10
0
2
161 131 8
152 102 12
2
200 154 1
149 117 3
0
0
0
0
2
148 132 10
213 185 23
0
2
146 143 9
174 147 23
1
143 104 0
