2 1 7 6 8 6 1 2 7 7 3 2 1 6 2 8 1 6 8 1 7 5 2 8 3
0
1
7 6 3
1
10 6 3
3
6 5 2
7 4 9
9 6 12
0
2
6 4 8
10 7 23
1
9 6 10
1
7 5 14
2
7 6 17
11 7 18
1
8 7 15
2
10 9 5
8 6 15
3
8 5 14
13 11 19
7 5 23
0
1
7 6 15
0
2
7 7 2
11 9 15
1
7 5 9
1
12 8 8
1
9 8 21
2
11 7 4
8 7 20
0
0
1
12 9 9
1
9 10 0
1
9 8 8
1
11 7 21
1
13 10 11
3
13 10 8
11 8 15
8 6 23
2
12 10 5
14 10 18
2
11 9 0
10 8 13
0
0
2
11 12 8
17 13 18
0
3
15 13 2
13 13 9
5 4 22
1
13 11 23
1
12 8 20
2
13 11 4
15 11 7
4
14 10 13
11 8 15
14 11 22
15 12 23
1
15 10 15
1
13 10 5
1
11 9 11
2
12 11 21
12 8 23
2
13 10 8
16 13 11
2
16 13 19
7 5 24
2
16 10 9
17 13 23
2
18 16 17
18 15 18
1
15 10 8
1
16 15 10
0
1
14 13 24
1
13 11 21
1
17 13 3
1
12 8 9
0
1
16 11 13
0
2
17 10 18
20 16 24
1
22 18 3
1
19 14 20
0
0
0
0
0
0
3
16 15 8
10 8 18
18 15 21
3
23 20 10
24 17 20
9 6 24
0
0
1
16 13 5
1
18 14 4
1
16 14 18
3
22 18 5
17 15 9
14 10 13
2
16 14 2
22 16 18
1
19 17 4
0
2
11 9 2
22 18 7
2
17 15 2
17 16 22
2
18 13 5
14 15 23
1
19 19 18
1
24 20 4
2
20 17 4
20 13 20
1
16 13 8
0
1
17 10 6
1
16 10 9
0
1
17 13 20
0
3
20 18 3
22 18 10
27 23 15
2
17 14 9
19 14 12
0
1
24 21 7
0
2
25 18 2
28 20 15
0
3
20 15 8
18 18 17
23 17 23
0
1
17 15 17
1
20 14 10
1
23 15 0
2
21 17 5
26 19 15
2
27 21 17
14 11 18
2
21 16 10
16 13 23
4
20 15 8
17 13 9
26 18 13
22 19 15
0
1
26 18 5
1
17 16 15
1
23 22 13
2
17 16 9
20 13 18
1
31 25 24
0
2
26 19 15
34 34 21
0
2
18 13 5
22 21 17
1
20 14 15
1
38 25 8
2
37 32 3
18 17 17
2
20 16 3
30 26 5
1
17 16 9
0
1
27 21 8
3
25 19 2
20 16 8
16 13 15
1
35 27 17
2
29 25 15
30 25 17
0
1
29 24 15
3
28 20 7
31 21 8
29 19 18
1
19 13 23
1
21 15 4
1
35 28 4
0
2
25 17 5
27 22 9
0
1
29 25 4
0
2
25 22 2
28 25 17
2
32 23 9
31 27 21
3
26 25 18
34 25 21
31 25 23
1
14 12 3
2
26 22 0
31 22 2
1
35 26 11
1
29 22 7
1
26 20 23
2
37 32 1
33 28 20
1
29 23 18
3
33 27 2
17 16 10
29 21 23
1
36 32 9
1
29 24 21
1
34 27 17
1
34 19 8
1
39 29 8
1
27 22 21
1
25 24 22
1
26 13 10
1
37 34 18
1
36 35 12
1
27 22 5
1
24 23 20
0
1
29 26 15
0
2
29 29 5
30 23 15
2
18 17 2
40 32 9
0
3
30 23 2
28 21 4
33 26 5
1
22 16 18
1
24 17 9
2
29 24 6
47 40 15
0
0
1
22 22 2
1
43 30 2
2
30 25 4
29 29 22
0
3
26 19 0
41 34 4
28 19 17
1
50 39 3
1
23 17 4
3
35 31 3
42 31 8
26 22 20
2
31 28 8
30 22 17
1
25 22 4
2
48 33 8
43 37 15
0
1
21 16 20
3
44 34 2
18 18 19
36 29 20
1
33 27 3
0
0
0
1
36 29 2
1
30 28 9
1
43 32 1
1
20 18 9
1
33 28 17
3
43 37 4
40 33 9
34 24 13
2
29 24 13
23 19 22
0
2
42 39 4
23 20 22
1
31 19 9
2
40 34 17
36 25 18
0
3
40 34 3
43 37 18
46 45 20
1
46 34 6
1
30 22 5
2
22 18 4
37 27 7
2
42 30 8
29 21 17
2
46 33 2
44 34 20
2
38 25 10
38 35 11
1
34 28 15
0
2
43 41 4
42 36 13
1
31 28 8
1
36 24 23
2
49 36 18
37 33 21
0
1
55 44 23
2
34 28 8
43 30 21
1
39 35 13
2
37 25 5
29 22 20
3
28 25 2
39 33 5
29 25 17
0
0
2
35 23 13
34 21 14
1
55 44 18
2
39 28 5
37 36 11
1
41 34 5
0
1
50 34 17
1
39 27 17
0
2
34 29 10
32 33 21
3
35 27 4
44 31 11
48 43 20
2
46 36 9
38 36 15
2
35 25 8
48 34 13
3
40 36 5
35 30 10
43 32 13
0
0
0
2
35 20 17
57 36 23
2
36 30 1
34 28 20
0
1
41 40 13
0
0
4
32 22 5
50 30 11
36 35 17
37 35 24
1
54 54 9
0
1
53 40 23
1
42 35 13
0
3
55 35 12
46 31 18
32 32 20
0
1
53 42 0
1
65 62 4
0
0
1
46 35 5
1
48 37 13
1
39 32 3
2
44 40 13
36 21 16
2
52 42 3
39 42 11
0
1
54 38 20
1
39 37 2
3
35 31 9
42 29 10
49 33 18
1
32 24 18
1
66 52 22
2
36 29 0
70 57 15
0
1
43 30 20
3
33 27 5
54 44 8
42 21 15
6
48 29 2
59 56 4
45 29 7
28 24 9
48 43 15
49 40 23
1
45 33 2
3
48 38 10
38 32 23
42 36 24
2
57 36 5
43 36 8
1
42 35 15
1
50 37 15
3
60 40 2
58 46 4
49 37 6
0
1
27 22 7
1
37 23 2
1
51 38 23
3
32 27 10
30 24 15
54 45 22
1
19 19 4
1
62 50 0
0
1
64 56 1
1
54 47 4
2
59 48 4
38 32 21
0
0
0
1
42 36 21
1
55 42 4
1
41 30 5
0
0
0
0
3
55 44 8
75 54 15
51 38 17
0
0
0
0
3
48 35 0
69 57 2
65 51 21
0
1
55 45 4
0
1
43 41 14
2
53 40 17
48 35 22
1
45 39 7
1
41 29 23
1
58 44 4
2
47 44 5
50 42 13
0
0
0
1
55 48 18
1
52 39 5
1
67 55 13
0
2
55 37 14
68 46 15
1
61 34 13
3
65 53 2
46 32 7
66 56 8
1
57 50 15
1
53 37 9
2
50 48 3
61 59 13
0
1
55 45 9
2
67 48 9
75 66 21
3
65 57 11
61 48 20
54 48 24
1
78 59 17
1
71 61 4
0
1
53 36 13
2
60 51 3
39 38 5
2
68 53 3
68 67 22
0
0
0
0
0
1
65 54 13
1
76 66 9
2
64 54 9
49 40 23
2
59 48 2
78 64 13
1
80 60 2
3
52 37 8
48 36 18
42 34 23
2
27 22 8
67 54 20
0
0
4
65 67 9
41 36 13
63 59 14
66 58 18
0
0
4
50 41 8
67 62 10
54 49 20
68 54 21
2
66 50 3
48 43 13
4
55 42 8
52 37 15
62 49 18
76 49 21
0
0
1
48 38 15
1
40 27 8
0
1
46 35 23
1
68 50 12
1
49 37 8
2
71 65 3
64 51 5
1
77 64 15
1
47 34 2
0
2
48 32 0
49 39 15
1
64 38 8
1
61 49 23
1
75 62 2
1
48 36 15
1
69 56 13
0
1
50 48 17
0
3
57 36 10
79 69 18
54 41 20
3
60 40 4
65 31 15
52 42 17
2
64 48 4
58 41 13
1
71 50 5
0
3
64 52 8
82 66 13
24 15 23
1
69 40 24
0
1
58 42 18
2
59 46 17
49 39 21
1
60 55 17
2
86 76 2
78 55 23
1
65 45 5
0
1
63 50 7
2
80 74 10
53 44 17
0
0
2
84 81 5
50 38 15
0
0
0
1
77 78 9
2
95 78 4
61 61 5
0
2
68 57 2
71 66 9
0
0
1
82 54 2
3
68 55 4
43 32 18
64 47 21
3
56 49 4
85 59 8
68 55 9
1
74 55 4
1
74 51 7
0
0
0
0
1
49 32 23
1
62 48 10
2
68 53 4
94 71 18
1
64 55 18
0
1
67 62 2
0
1
104 80 9
1
81 51 7
1
61 52 4
0
1
79 60 23
1
54 41 18
1
73 58 9
0
0
1
36 33 9
2
92 75 18
60 39 23
0
2
80 76 4
84 56 21
0
1
73 53 10
0
2
64 51 4
80 58 18
1
76 67 22
2
86 72 13
89 75 22
1
58 42 15
0
3
60 50 8
70 52 12
79 58 15
1
86 82 20
1
58 46 23
2
76 61 8
77 56 10
1
60 52 17
1
82 84 23
3
104 62 2
81 64 3
72 39 13
2
85 77 3
62 53 21
0
1
89 64 8
0
1
40 30 10
1
95 82 20
0
0
1
60 51 9
3
71 66 3
63 51 21
87 73 23
2
92 78 4
62 53 8
0
1
84 71 4
2
71 58 11
87 68 14
0
1
67 54 9
3
72 57 2
79 62 14
88 70 15
2
108 77 3
76 55 4
1
66 54 14
2
82 76 10
83 74 20
0
0
0
0
2
76 63 2
95 85 4
1
80 60 16
0
1
71 54 8
1
98 71 3
1
80 77 24
0
3
81 60 4
66 46 5
69 69 15
3
64 63 21
77 64 22
87 81 23
1
73 64 5
2
67 61 3
74 61 11
3
106 96 0
129 98 3
87 52 21
0
1
62 47 18
4
81 73 9
73 50 14
94 68 17
83 72 18
0
1
63 52 14
0
0
1
77 69 5
4
84 78 5
85 72 13
78 63 15
75 53 19
2
88 68 3
71 56 7
0
1
61 58 4
0
2
88 60 12
86 66 19
1
84 70 15
1
84 59 23
1
88 71 4
1
80 51 8
0
3
115 95 13
135 96 17
79 76 20
1
100 70 10
0
1
89 58 23
2
70 54 8
135 99 15
1
75 51 14
1
97 62 23
2
61 54 3
65 51 10
1
84 67 15
2
94 85 17
106 78 18
2
94 68 13
85 63 18
0
4
90 70 5
96 60 13
96 63 17
68 50 23
2
102 78 8
110 107 23
2
85 76 15
82 62 19
1
91 52 21
1
76 61 24
0
1
88 68 12
2
86 72 5
76 48 18
3
90 68 11
84 71 22
94 78 23
0
2
93 68 18
60 49 20
0
2
91 66 2
113 96 17
0
2
111 108 5
73 63 17
1
74 45 3
1
98 77 3
1
89 77 13
2
90 66 18
99 70 20
1
98 82 5
1
90 82 18
3
79 57 5
111 88 18
96 73 23
0
2
86 66 2
55 48 10
0
1
105 92 23
4
94 82 0
88 43 10
84 71 17
85 74 24
2
30 34 5
101 86 20
1
74 57 21
0
0
3
68 52 10
116 85 15
70 39 24
1
111 92 3
2
50 41 3
100 77 15
2
100 89 13
89 84 20
0
2
82 79 2
103 85 20
0
1
109 85 9
0
2
103 95 9
89 73 15
1
99 81 13
2
102 69 15
81 69 24
0
1
101 72 17
0
2
82 54 5
94 77 13
0
0
0
1
99 77 3
1
89 81 23
0
1
83 73 13
1
87 65 13
2
63 56 4
117 103 18
2
126 83 3
108 67 18
1
96 73 14
0
3
107 94 3
78 74 4
81 71 8
3
91 62 4
63 46 15
72 66 23
0
3
89 71 4
101 81 15
94 81 17
1
102 92 9
2
108 89 7
115 90 17
0
2
116 95 2
54 43 4
0
1
101 86 21
1
82 71 9
0
1
84 65 17
0
0
1
109 98 18
0
2
79 58 17
79 74 20
1
110 97 4
0
1
102 76 16
1
111 85 7
0
1
94 83 0
1
136 105 10
0
0
2
132 108 3
80 72 5
2
102 75 2
117 86 9
0
2
95 86 17
137 131 22
2
98 73 2
102 81 5
0
0
0
1
71 48 9
0
1
74 61 5
0
1
86 65 5
0
1
134 88 15
0
0
1
105 85 5
3
88 66 5
117 68 15
88 70 17
1
66 44 23
1
99 82 20
1
125 105 15
0
0
1
67 59 20
4
127 109 3
103 75 4
87 71 15
86 77 24
1
90 77 23
0
3
117 90 10
92 70 13
90 59 15
1
95 67 5
0
2
99 90 22
94 80 23
0
1
105 83 3
1
78 56 5
1
133 100 22
1
151 133 1
1
86 67 11
2
93 80 9
107 93 15
4
104 73 3
106 78 13
111 107 15
132 121 20
1
107 80 24
0
2
100 59 2
86 60 20
2
130 89 0
103 72 8
0
2
111 75 14
101 90 18
1
118 96 2
0
2
88 65 11
64 44 22
2
126 115 4
118 80 17
0
1
118 101 23
2
90 83 3
84 65 18
1
147 103 13
4
53 41 2
89 70 8
108 62 14
69 48 23
0
1
109 69 4
1
128 102 17
1
105 85 4
0
2
114 89 2
125 116 15
3
154 142 9
129 97 15
77 55 23
3
104 71 5
112 96 13
119 107 22
0
0
0
0
1
91 82 10
1
130 97 8
1
134 100 15
2
114 91 18
153 110 21
0
1
93 75 9
3
100 85 2
133 93 18
109 74 23
2
134 106 13
65 58 20
1
123 106 18
0
1
90 66 5
0
0
2
94 86 18
144 96 23
1
126 95 9
3
147 112 3
118 103 9
117 112 19
1
101 60 22
1
112 103 23
0
2
125 105 5
165 140 10
1
97 87 4
1
80 64 9
2
98 76 5
96 75 21
1
114 77 8
2
107 90 16
97 69 23
1
97 81 21
2
94 67 11
106 87 15
2
99 82 11
105 74 15
1
125 95 17
0
1
93 67 9
1
119 107 17
2
144 113 3
114 74 4
0
0
1
114 102 23
0
2
97 82 2
139 122 13
1
117 95 13
3
88 80 15
108 80 20
93 69 24
3
83 48 1
72 69 13
76 40 18
1
119 70 10
0
2
124 102 1
51 41 18
1
137 123 4
1
124 98 15
2
75 69 20
82 73 23
4
110 86 0
121 97 3
64 56 15
105 48 20
1
125 110 19
0
0
2
170 159 2
90 69 10
0
1
93 81 15
0
0
2
93 70 4
131 91 5
0
1
102 74 11
1
86 39 3
0
2
155 123 8
110 86 15
2
147 116 7
170 160 15
0
4
124 100 11
108 80 12
75 69 18
128 119 20
3
131 121 1
147 118 9
167 130 17
0
3
142 121 12
86 77 14
133 98 23
1
121 106 23
1
184 161 3
1
121 90 0
0
3
109 93 15
153 135 17
118 85 23
0
0
1
103 81 23
1
136 104 14
3
119 76 2
94 65 3
103 80 23
0
0
1
122 83 18
1
136 113 7
2
171 148 8
116 88 18
0
1
135 92 19
3
104 74 3
96 67 5
108 100 8
2
122 108 18
89 87 21
2
129 105 8
85 87 15
0
2
132 101 5
112 78 17
0
2
122 89 9
75 62 12
0
1
103 76 5
4
133 124 4
163 167 13
91 61 20
120 94 23
0
0
2
94 91 9
86 58 17
2
117 83 15
117 63 18
0
0
3
104 98 1
121 102 9
98 80 22
3
147 101 5
123 98 8
137 112 15
2
131 117 5
109 94 21
1
118 114 11
2
134 108 13
146 106 23
0
1
139 87 15
4
172 123 4
89 86 7
129 96 15
106 96 21
3
158 134 2
89 69 4
105 82 17
2
155 122 3
142 136 20
0
3
124 106 2
82 68 11
147 109 21
1
106 74 21
3
105 89 3
123 110 13
131 110 17
1
90 87 17
2
87 81 2
123 97 7
1
145 111 20
2
106 93 5
103 90 21
1
75 63 9
1
141 95 8
1
147 120 1
2
132 96 9
161 116 24
1
112 87 21
3
99 89 3
91 62 4
126 90 21
0
0
3
100 83 1
116 115 20
119 109 23
0
1
90 72 23
2
123 130 20
113 107 22
0
3
151 129 13
133 85 15
139 117 20
1
123 100 21
0
2
94 79 9
143 115 17
2
119 107 2
126 101 8
0
0
2
121 96 5
142 115 10
2
125 102 13
185 182 18
2
141 112 2
66 65 12
0
0
0
0
0
3
120 109 3
86 78 20
156 122 23
1
103 84 15
0
1
131 115 0
1
148 111 11
1
141 129 18
0
3
134 113 2
166 123 9
115 111 23
0
1
126 114 20
1
126 127 8
0
1
134 114 21
0
2
176 145 4
121 91 13
0
0
0
0
1
141 111 7
2
151 128 4
97 62 17
1
128 93 1
0
4
120 104 9
126 104 11
134 113 13
158 112 23
2
151 97 18
96 80 20
0
0
2
109 82 9
165 107 18
1
115 81 9
3
159 128 2
145 120 3
134 117 15
1
127 68 13
2
154 147 5
104 67 20
0
0
1
132 112 8
3
162 130 9
113 102 13
165 131 21
1
134 107 9
1
135 78 15
1
122 109 13
2
124 115 9
137 131 12
3
136 96 0
148 120 3
166 131 8
1
108 78 9
1
147 101 3
2
82 55 8
133 88 15
1
138 115 8
1
137 111 3
2
116 110 8
117 94 23
0
0
0
0
3
121 93 3
122 104 9
123 125 22
1
106 98 5
0
0
1
157 108 13
0
1
118 113 23
1
158 138 9
0
2
140 116 9
129 103 15
1
136 93 13
2
126 97 23
114 74 24
0
3
173 122 2
143 109 20
106 86 24
1
194 138 9
2
161 118 1
101 90 4
2
179 163 5
157 144 17
2
93 54 9
114 76 23
1
118 90 4
3
107 77 2
145 108 5
105 69 23
2
95 72 2
136 117 11
2
130 90 9
156 106 20
0
1
169 149 2
0
1
103 94 2
1
132 113 11
0
1
194 154 1
0
0
1
195 149 20
1
134 121 8
1
156 94 22
1
144 119 23
0
2
107 85 15
131 92 17
1
157 119 5
2
116 83 2
98 73 16
1
113 71 11
0
2
125 95 9
99 83 20
1
192 168 9
0
2
81 51 8
179 165 12
2
57 49 20
180 137 24
2
138 112 0
166 102 17
0
2
163 142 5
189 116 23
2
145 96 8
152 125 15
0
0
1
170 123 5
1
151 111 2
0
0
4
113 78 1
135 111 3
142 85 16
137 123 23
0
1
175 138 2
0
1
207 191 15
1
152 138 24
0
2
151 135 2
178 177 9
1
138 97 8
1
104 90 5
2
149 115 4
196 136 15
1
158 141 13
1
120 87 23
0
0
0
0
1
168 132 0
2
197 163 5
134 99 18
1
175 128 18
2
160 118 5
155 118 7
1
106 93 15
0
0
1
184 181 14
1
169 158 5
1
159 113 4
0
1
188 109 8
2
179 171 17
176 137 20
3
136 118 2
151 131 15
214 183 18
0
2
163 143 20
81 63 23
1
134 120 13
0
0
1
165 150 23
1
104 86 3
1
206 167 10
1
156 105 23
2
125 73 0
115 92 5
2
132 115 2
186 203 21
2
132 109 9
162 97 17
2
125 102 2
138 122 5
0
1
127 102 9
1
169 142 21
1
137 83 15
1
168 106 13
2
185 129 8
190 153 9
1
162 143 23
0
2
165 151 4
147 102 8
3
147 122 7
124 94 8
149 134 21
0
0
2
143 112 3
152 110 11
3
98 81 8
98 96 17
138 102 24
1
157 125 8
1
194 192 20
1
163 135 17
2
139 108 8
165 118 18
1
155 157 13
3
144 118 3
151 105 5
186 145 21
0
2
161 140 7
159 112 18
1
109 78 5
3
110 88 9
116 92 15
171 165 18
1
180 151 2
0
1
162 160 20
2
193 160 4
96 86 13
0
1
223 150 10
1
141 102 15
