1 6 2 2 2 3 1 5 3 3 2 8 3 4 5 8 3 8 1 8 4 6 2 5 2
0
0
1
8 6 8
0
0
1
7 6 15
1
8 5 17
0
0
0
2
7 5 11
7 4 19
1
9 7 19
0
1
9 7 24
1
9 6 10
0
0
2
10 8 7
8 7 17
2
6 5 14
11 8 21
1
13 10 20
1
8 5 21
2
11 7 11
11 8 21
1
10 6 5
0
0
0
0
0
1
12 10 16
1
13 11 1
3
14 7 7
11 11 14
12 10 16
0
1
11 9 13
2
19 16 21
10 8 23
1
14 12 11
4
11 7 2
13 12 14
10 8 16
15 10 23
1
12 11 3
1
13 11 19
0
0
2
16 14 7
15 10 14
1
6 5 15
0
1
11 9 13
0
0
5
15 11 2
15 12 7
14 10 14
16 12 19
16 12 20
0
2
16 14 7
19 16 23
2
13 10 14
12 11 19
0
0
0
1
14 8 5
2
17 14 3
11 9 21
1
16 13 7
0
1
29 24 13
2
9 7 1
14 11 12
0
1
19 14 21
1
13 12 9
1
19 15 21
1
16 9 15
2
14 13 16
11 8 23
0
1
19 17 9
0
1
16 13 11
2
15 13 3
18 15 11
0
0
2
18 9 11
15 12 24
1
15 11 19
1
19 18 21
1
23 26 11
3
21 22 3
19 14 8
20 17 24
2
7 7 3
20 17 20
0
0
2
21 18 14
20 16 23
1
17 14 11
1
25 18 19
3
17 14 11
16 12 16
17 12 18
1
19 16 19
3
22 14 11
24 14 12
15 13 20
2
18 13 10
23 18 15
3
24 14 9
19 17 14
21 19 19
0
1
22 18 7
2
19 16 15
21 19 21
0
1
23 19 6
2
14 9 14
20 17 21
0
1
16 10 7
2
15 10 3
25 17 19
2
25 18 13
26 27 19
0
1
24 15 8
1
23 12 20
0
2
18 13 7
24 14 17
0
1
31 24 14
0
0
3
24 21 5
19 15 12
25 25 20
0
1
20 14 16
1
33 24 23
0
2
17 15 9
22 22 20
2
24 20 14
26 18 17
1
25 17 15
0
2
20 14 9
18 13 12
0
0
3
19 18 11
15 13 21
30 25 23
0
0
1
24 18 14
0
0
2
30 23 9
26 18 19
0
2
29 19 13
31 31 21
1
26 21 3
1
22 21 15
0
2
29 21 9
28 24 15
1
25 23 17
1
20 17 21
1
17 10 23
2
27 19 5
31 24 19
1
34 27 3
2
40 33 16
31 25 23
0
1
35 26 12
0
2
25 23 15
24 17 20
1
22 17 6
1
24 19 11
1
33 26 13
1
29 29 4
0
0
0
3
32 22 10
32 22 13
24 19 19
0
1
33 21 5
0
2
24 18 23
28 24 24
1
32 27 11
3
29 22 1
26 16 11
35 25 20
0
1
39 34 14
2
32 28 9
47 34 11
0
1
28 19 13
0
1
36 26 24
0
2
23 20 14
31 25 22
0
0
1
24 22 19
1
31 24 21
1
29 20 14
0
2
42 32 20
44 33 23
0
0
0
0
0
2
42 38 11
18 15 24
0
2
31 33 5
40 30 19
1
37 31 5
1
41 38 1
1
26 17 11
0
2
34 25 10
32 32 11
2
33 25 1
39 29 24
1
61 46 20
0
1
31 30 11
2
41 37 18
45 32 19
1
29 22 21
0
1
36 34 10
3
42 39 15
37 24 19
37 27 22
0
0
1
25 19 17
0
0
3
31 18 3
34 26 5
43 36 14
0
0
1
61 26 13
0
0
2
33 27 14
36 28 15
0
0
1
43 39 19
1
47 40 12
2
43 30 6
33 23 11
0
0
0
0
0
2
44 33 14
30 22 24
1
40 31 15
0
0
0
1
29 22 10
0
0
1
31 27 15
2
28 21 7
54 49 20
1
39 34 11
1
26 23 15
1
36 26 19
2
50 47 13
32 32 18
1
47 36 2
0
2
47 45 14
36 26 23
2
58 52 19
24 22 20
1
37 29 21
2
56 42 11
35 34 20
1
46 32 19
1
42 40 19
2
25 18 9
41 32 23
2
46 32 12
59 44 22
0
1
57 50 6
0
1
35 26 19
1
41 32 17
1
35 33 22
1
34 23 23
0
0
1
33 23 19
4
55 44 16
51 38 17
48 33 21
33 24 24
2
54 33 15
31 28 20
0
1
53 44 24
2
45 39 9
45 30 17
0
2
57 45 11
43 38 15
0
2
44 43 10
50 40 11
0
3
45 37 14
41 29 19
42 35 21
1
55 42 10
1
40 41 14
1
50 44 13
3
47 39 2
47 31 7
45 34 21
0
1
42 33 11
0
1
33 26 16
1
36 27 12
2
49 34 2
54 39 16
0
1
42 34 9
0
0
0
0
2
43 33 13
55 35 23
1
55 44 3
2
53 40 1
63 53 19
0
1
53 36 7
1
51 45 15
0
0
2
38 29 10
52 36 19
0
1
54 44 17
0
2
53 45 5
37 31 17
2
57 45 11
68 54 24
1
55 44 17
0
3
38 30 1
57 55 3
45 32 15
2
56 47 15
64 49 17
1
29 22 21
2
47 44 14
53 50 15
1
45 35 1
1
47 37 21
2
73 59 14
47 40 19
2
50 33 12
38 26 18
1
40 33 11
1
54 36 11
1
57 56 8
0
1
50 40 19
0
3
54 47 10
45 43 15
42 30 21
0
1
57 35 11
1
37 30 15
1
67 54 13
1
60 57 15
0
1
48 39 17
2
61 48 11
34 25 21
0
1
69 58 11
0
2
51 40 11
47 32 21
2
78 64 7
52 31 23
3
61 52 5
48 36 8
56 46 21
0
1
65 59 1
1
60 48 12
1
60 49 19
2
61 51 6
65 65 9
2
53 36 13
60 55 17
0
2
49 47 11
50 42 17
1
62 59 9
1
50 40 17
0
1
47 40 14
0
1
55 46 23
2
73 54 9
55 56 14
2
61 54 7
69 49 14
2
45 42 7
37 26 16
0
0
0
1
51 44 15
4
53 40 1
71 57 7
49 33 11
47 42 19
0
0
0
1
57 43 15
0
1
74 67 19
0
1
84 77 14
0
1
54 38 7
1
82 54 7
1
65 44 11
0
1
59 47 10
1
69 53 21
2
58 48 17
51 42 23
1
65 57 14
1
68 69 17
0
1
59 52 4
1
43 35 21
1
59 48 1
3
67 62 1
63 54 11
54 32 19
1
60 59 19
1
61 50 15
0
2
51 42 6
57 51 17
2
76 71 18
70 59 19
1
46 38 16
1
62 54 24
0
2
57 39 1
69 64 19
2
82 65 15
48 52 19
1
62 52 17
1
79 72 19
2
61 47 4
49 37 7
1
75 67 17
0
0
2
82 67 1
53 36 16
2
26 24 11
64 46 19
1
53 50 18
1
71 60 7
1
49 42 19
1
77 55 20
0
0
0
4
86 69 0
75 58 15
53 36 20
66 39 22
1
63 58 16
0
1
78 55 19
0
1
60 50 19
0
1
80 76 11
2
83 66 16
65 57 23
0
1
71 49 17
4
46 39 1
63 46 5
50 44 7
76 51 11
1
68 49 13
0
0
1
78 64 17
0
1
56 50 3
0
0
2
59 43 10
56 47 11
1
75 62 0
1
85 67 17
3
59 43 8
67 47 14
58 39 19
1
33 24 8
0
0
1
75 62 24
0
2
49 41 13
67 52 23
0
0
0
0
1
67 51 8
2
64 45 19
72 53 22
2
85 75 19
78 70 22
3
72 53 8
66 50 13
76 52 23
1
76 66 15
1
73 65 1
0
1
80 64 15
1
46 44 11
3
53 49 6
84 82 15
83 62 19
1
56 51 20
0
2
80 69 15
70 54 17
0
2
90 69 8
78 57 23
1
75 58 15
0
2
80 59 11
84 52 15
1
46 41 15
1
83 69 15
0
1
66 54 14
2
80 65 5
52 45 16
0
1
85 67 11
2
69 52 9
110 80 21
0
1
66 48 15
0
0
2
75 61 18
61 48 23
1
99 79 23
0
3
54 52 7
72 55 13
74 51 14
1
41 32 17
0
1
76 54 24
2
88 75 11
81 56 24
1
65 48 19
0
2
42 34 11
105 79 19
1
78 59 12
1
64 54 21
0
0
1
72 56 2
1
100 70 20
1
64 43 16
2
71 50 1
103 85 17
1
86 90 8
0
1
76 64 1
0
1
80 62 1
0
1
77 66 4
0
1
63 42 19
0
2
77 57 11
75 78 23
0
2
72 67 13
74 57 14
2
80 52 1
56 50 2
1
61 49 15
0
3
80 68 2
86 63 15
85 75 20
1
79 61 11
2
93 78 20
97 66 23
1
73 70 0
1
66 50 11
0
1
108 77 7
2
76 43 21
102 75 24
1
94 56 10
0
0
2
60 47 1
75 63 24
0
1
114 95 19
0
0
0
0
1
80 63 17
1
83 56 17
0
0
0
3
106 75 14
71 62 16
130 103 21
1
71 51 1
2
51 45 13
96 80 20
0
2
110 75 5
35 25 10
2
101 95 4
82 52 20
1
92 70 11
1
94 70 24
1
109 84 23
1
82 72 21
3
101 80 12
81 60 19
73 60 20
1
81 54 16
1
122 116 12
0
1
76 72 6
0
2
100 75 3
61 49 7
2
91 75 5
58 42 13
0
0
0
0
0
2
107 91 7
97 68 8
1
91 77 21
1
115 102 12
0
1
109 99 20
0
2
59 52 7
76 64 11
1
95 67 17
2
55 45 17
95 83 20
0
1
116 79 16
2
82 57 11
104 90 14
1
84 76 18
1
98 87 19
1
83 55 3
1
113 85 19
1
116 114 5
2
83 77 19
116 100 21
0
0
1
113 89 23
0
1
76 54 1
3
53 48 9
86 79 15
79 71 23
0
2
67 50 17
103 80 19
2
84 62 7
85 58 16
2
79 67 7
119 91 11
2
86 62 11
78 69 14
0
1
84 59 1
0
1
118 122 19
1
87 72 7
3
75 50 5
73 73 10
121 108 16
0
1
92 85 11
0
0
1
72 64 17
2
98 81 2
113 82 23
0
1
86 63 11
1
105 104 11
1
89 73 17
0
1
116 109 21
2
93 81 13
59 37 23
0
1
104 79 17
0
0
0
3
92 81 15
94 70 19
85 77 20
1
88 68 21
0
0
1
85 78 23
1
112 87 23
2
93 71 6
100 76 7
0
0
1
117 85 14
0
1
97 83 7
3
57 44 19
97 69 22
110 98 23
2
95 74 11
96 98 12
1
96 78 23
1
109 79 13
1
80 64 14
0
2
90 64 17
93 83 22
2
91 64 21
127 101 23
1
110 101 13
0
0
1
110 92 17
0
1
75 54 21
2
99 73 12
86 66 17
0
0
2
95 84 15
100 90 19
0
0
0
0
2
107 86 12
97 63 17
1
117 86 23
1
65 49 16
0
3
73 59 5
108 75 10
143 107 18
0
0
1
70 68 19
2
121 79 10
95 71 13
1
88 80 3
1
117 110 11
0
1
70 63 15
0
2
109 75 21
111 97 24
1
159 156 20
0
1
88 64 24
2
133 105 16
69 57 19
1
95 72 8
2
94 89 11
101 85 20
1
121 85 17
1
122 105 7
2
79 58 14
112 87 23
0
0
1
89 89 24
1
142 116 19
1
110 77 19
0
2
115 98 6
147 122 17
1
116 89 11
0
0
2
107 85 11
83 70 12
0
2
87 80 9
108 87 21
0
1
147 148 1
0
0
2
117 94 15
117 111 22
0
1
147 99 23
1
91 84 1
1
73 55 0
2
81 80 9
69 55 14
3
101 79 15
103 106 21
107 77 23
3
125 102 12
105 108 15
102 78 21
2
78 72 8
125 97 20
0
0
0
2
56 48 11
121 77 14
1
116 108 20
1
123 106 14
1
117 92 19
2
95 82 10
111 89 15
3
109 86 14
94 63 15
134 90 24
1
103 75 3
2
104 83 15
141 131 19
1
100 79 5
0
0
1
100 80 19
1
102 80 16
1
132 102 8
0
1
106 81 18
1
49 39 8
0
0
1
95 81 2
0
0
2
112 96 5
133 131 11
1
85 92 14
1
159 131 21
0
1
153 134 16
2
117 101 11
83 57 13
0
1
116 94 21
0
0
3
133 131 7
105 81 13
109 86 20
1
104 81 14
0
1
113 90 10
2
137 108 3
120 100 17
2
73 58 11
133 113 18
0
0
1
129 128 7
2
108 96 15
115 101 21
1
125 108 1
1
110 101 13
1
114 101 7
0
1
105 106 21
0
2
140 139 17
118 110 20
2
93 78 5
82 69 11
0
1
129 93 5
0
3
132 88 11
117 76 18
102 83 19
2
124 92 6
112 80 23
1
105 84 14
1
129 101 15
3
85 69 1
95 88 12
139 131 21
0
0
3
162 105 11
139 120 15
45 28 21
0
0
1
109 92 17
1
104 96 14
0
3
127 104 15
118 109 16
71 76 23
2
149 88 1
84 60 16
1
128 100 19
0
0
1
131 97 17
1
115 85 19
2
127 125 8
100 69 14
1
88 92 7
0
2
108 94 13
104 89 15
0
2
138 110 2
85 73 7
1
108 92 17
0
2
110 89 19
95 66 20
0
0
0
1
123 84 14
1
114 86 20
0
0
2
87 93 9
114 91 11
1
153 126 7
2
141 111 5
106 67 6
0
0
0
0
1
176 107 20
1
113 84 11
3
130 109 7
143 103 16
119 69 19
0
1
146 124 19
1
117 78 10
1
144 111 1
2
167 155 15
134 120 23
0
0
2
133 107 17
126 99 19
1
101 69 19
0
1
134 83 22
2
104 88 15
109 82 24
0
2
100 73 1
108 91 18
2
146 104 17
113 99 22
2
168 127 23
82 65 24
2
99 75 7
136 102 22
1
90 72 11
2
126 100 13
124 84 18
1
140 136 11
0
1
146 122 12
2
162 104 4
115 81 11
2
109 94 13
116 99 16
1
155 93 13
4
105 99 11
115 72 15
68 47 17
132 90 19
0
0
0
3
130 97 8
156 127 17
114 83 24
3
151 108 14
137 126 19
102 86 21
1
161 114 16
0
0
0
0
0
1
105 83 11
0
0
1
115 111 17
2
147 104 1
156 132 13
1
124 101 19
1
119 76 19
2
157 125 8
153 116 15
0
0
1
178 142 23
1
156 137 16
2
124 108 1
119 99 11
1
101 88 14
1
100 88 19
0
2
112 102 15
98 80 17
2
119 106 1
152 141 23
0
0
1
130 97 15
1
54 51 15
1
120 107 11
0
0
0
2
125 110 5
136 106 24
1
100 75 19
0
0
1
107 98 8
2
125 105 1
96 58 8
0
0
2
93 53 9
174 157 13
2
133 111 15
129 90 19
0
2
141 116 9
94 78 11
1
147 107 19
2
128 117 13
134 95 23
2
130 109 21
102 76 23
0
1
132 90 6
2
111 101 9
96 87 13
3
139 118 4
161 122 19
121 96 22
1
166 113 17
1
130 107 11
0
0
2
140 108 15
121 89 21
1
127 97 8
0
1
98 55 17
2
144 125 14
141 99 20
0
1
104 81 15
2
190 131 16
149 111 18
2
121 90 6
124 105 7
1
128 107 15
1
155 120 17
3
121 90 11
81 56 14
96 74 23
1
116 114 1
2
101 89 17
128 104 19
0
1
137 92 8
1
138 115 23
0
2
155 137 9
155 112 13
2
136 108 7
135 89 21
3
148 133 6
165 167 11
204 157 19
0
0
1
146 114 20
0
1
123 91 21
0
0
1
140 108 2
0
0
0
0
0
0
1
114 83 17
0
0
4
196 141 9
189 114 11
157 103 17
131 91 21
0
3
192 165 13
144 110 15
120 104 21
0
1
145 117 7
0
5
128 124 13
172 170 14
146 126 17
147 118 20
112 92 23
3
144 106 2
140 125 10
127 111 16
2
184 146 11
139 107 15
1
155 132 14
1
139 112 16
0
0
2
152 132 1
194 168 13
0
0
0
1
93 66 1
0
0
0
0
1
140 120 3
1
159 105 20
0
0
2
117 101 8
148 111 21
2
164 117 19
144 115 20
1
97 68 16
1
104 83 1
1
183 128 21
0
0
1
89 81 15
2
158 144 3
104 95 20
0
1
192 185 17
3
169 139 14
122 98 20
123 110 21
0
1
130 108 17
2
156 159 11
191 154 21
0
1
144 113 21
2
109 91 17
198 138 20
2
117 115 2
184 127 16
2
107 56 15
97 77 21
3
154 104 11
105 80 15
169 122 23
1
127 93 15
1
134 103 16
1
90 55 4
1
145 113 7
2
128 99 5
175 152 13
0
0
1
148 112 17
1
143 111 11
0
2
152 126 11
97 81 14
2
156 145 14
139 104 17
1
160 138 19
1
164 139 1
1
138 92 9
2
187 121 15
109 87 23
2
191 177 5
144 115 8
1
152 116 20
2
79 51 1
138 121 15
1
126 75 21
3
203 149 7
152 130 21
142 142 24
0
0
2
201 143 2
124 80 23
3
163 130 3
190 138 17
124 123 21
1
122 97 8
0
0
2
140 108 7
181 171 20
1
150 128 8
0
0
1
187 168 7
1
168 119 15
1
126 100 1
4
142 129 3
150 123 9
164 134 20
134 100 22
3
121 121 5
203 189 11
204 143 13
1
96 67 2
2
160 98 4
163 152 13
1
164 94 17
0
1
152 142 8
0
3
151 132 8
109 64 15
146 93 17
0
0
0
2
205 139 2
98 66 12
0
0
1
193 176 15
0
0
