1 6 3 5 5 6 2 3 4 8 8 5 3 7 3 3 4 2 4 2 6 5 4 6 7
0
1
4 3 3
0
0
1
9 6 13
0
2
8 7 8
8 7 10
1
8 6 10
3
8 7 4
12 8 7
11 10 24
0
1
11 9 24
0
1
10 8 3
0
2
12 8 9
7 4 22
1
11 7 8
1
10 7 18
5
8 8 1
12 11 3
9 7 5
11 9 23
11 8 24
1
12 9 10
2
9 7 11
12 11 13
0
2
9 7 9
12 11 11
1
10 9 24
1
11 9 12
1
10 9 15
3
11 10 7
11 7 19
10 9 21
0
2
8 8 8
8 7 9
1
14 12 1
2
13 9 9
16 15 10
1
16 13 9
0
2
10 7 8
9 9 18
1
13 13 13
1
14 6 23
1
13 8 3
0
0
0
1
14 11 12
0
1
19 18 1
0
1
14 13 20
2
16 15 7
14 10 16
3
12 10 6
16 12 11
10 8 20
1
20 20 16
1
20 16 15
3
14 10 2
17 10 9
14 10 24
0
4
16 11 3
15 10 10
20 17 18
15 11 24
1
21 16 10
1
20 17 20
1
20 13 15
0
1
14 10 23
0
3
16 11 8
15 11 13
24 19 15
0
2
10 7 12
15 13 18
0
1
22 16 10
2
20 20 10
16 10 20
0
2
19 13 1
17 16 7
1
16 12 15
1
10 9 13
2
10 9 2
22 17 23
0
3
15 15 2
16 14 5
22 20 16
1
17 13 11
0
2
6 3 8
19 15 13
0
0
1
15 12 4
3
15 11 16
14 12 17
21 18 24
1
18 14 17
1
18 16 21
1
24 18 10
4
20 15 3
22 19 5
22 18 7
12 7 24
2
21 16 13
21 14 23
0
0
1
28 20 3
0
1
20 17 18
1
23 19 15
2
25 19 13
21 14 24
4
25 22 1
22 17 10
21 14 21
24 15 24
1
18 12 1
1
12 10 14
2
16 13 5
15 13 18
2
23 15 8
16 11 21
0
2
20 15 13
22 20 21
1
24 19 5
1
19 13 19
1
17 12 21
1
18 16 9
2
21 15 3
25 17 6
3
25 18 9
28 19 16
22 15 22
1
25 24 24
2
23 20 3
25 26 9
3
23 14 3
28 19 7
23 20 23
1
26 20 10
0
1
35 29 8
1
27 20 8
0
0
1
18 13 9
1
30 30 14
3
20 17 9
27 19 16
28 18 18
0
3
28 19 10
28 25 13
30 22 21
1
16 14 19
2
9 7 20
27 24 22
3
28 23 1
26 24 11
27 23 12
1
25 18 3
0
3
29 16 10
27 25 16
31 17 24
0
2
23 17 10
36 27 18
1
13 12 5
2
31 24 1
25 18 9
1
32 28 11
2
26 22 1
29 26 18
4
29 25 3
37 25 13
19 13 18
32 27 23
2
26 26 13
29 23 20
2
22 18 12
29 24 13
0
0
1
18 14 11
0
1
28 23 8
2
23 19 4
18 12 24
1
26 19 1
2
22 13 3
20 16 10
2
16 14 20
35 31 21
2
27 26 1
30 26 5
0
0
0
4
35 27 4
37 26 5
32 25 10
30 29 12
1
26 24 9
2
29 23 3
20 17 5
2
38 36 5
28 21 10
2
25 21 6
26 21 18
2
35 27 13
37 29 24
2
27 21 10
38 24 24
1
34 29 22
1
25 23 7
2
36 23 9
26 16 17
1
22 18 9
0
0
1
41 38 21
3
30 32 0
30 30 5
33 26 9
1
28 21 22
2
41 37 8
44 35 21
0
1
33 27 21
1
32 29 22
1
28 21 13
1
27 23 21
0
1
21 18 9
1
43 32 23
1
27 17 17
0
2
32 26 1
39 35 11
2
41 40 3
28 26 13
0
1
47 35 9
3
43 36 0
42 30 9
43 36 16
1
32 27 1
1
41 26 8
2
32 26 1
20 17 20
2
31 30 10
45 47 18
1
41 41 12
0
1
32 31 13
1
25 21 11
2
42 34 11
36 27 16
1
31 26 23
2
33 21 1
34 25 21
2
32 20 0
32 26 9
1
39 27 2
1
36 30 10
0
2
42 28 9
35 32 16
0
0
0
1
29 18 22
0
1
34 31 22
0
2
35 22 18
40 31 24
2
30 25 21
44 39 22
0
0
2
25 19 4
33 27 17
0
1
47 35 12
1
36 31 3
0
0
1
54 36 6
1
25 21 23
2
49 38 4
49 43 19
1
37 34 18
1
37 27 12
2
41 32 1
32 26 24
4
24 20 2
40 36 13
24 21 15
45 31 19
1
32 24 5
1
34 26 9
1
39 33 17
2
33 19 1
30 28 24
2
42 36 10
42 36 14
1
46 33 4
2
45 38 10
61 45 11
1
33 21 11
0
0
1
38 32 7
3
43 39 2
63 54 4
34 25 24
0
1
28 19 9
2
50 36 6
37 31 24
1
49 37 22
0
0
2
41 29 10
23 17 19
4
46 24 9
46 30 10
42 28 12
40 30 15
0
2
50 48 9
52 39 10
1
26 25 11
0
1
18 13 20
0
0
1
47 40 20
2
55 43 7
38 26 13
0
2
45 39 6
35 30 9
1
43 38 24
0
2
37 35 18
38 35 23
1
33 28 9
3
33 21 20
41 29 21
67 52 23
1
40 28 9
1
43 37 3
1
45 40 1
1
59 35 20
0
1
22 15 21
2
44 37 1
36 29 18
1
43 33 1
2
46 31 10
50 40 23
0
0
0
0
1
57 41 9
0
0
2
49 37 8
47 36 13
3
41 30 5
45 30 9
49 39 23
1
36 24 22
1
66 50 8
3
50 38 16
42 34 20
51 34 21
0
0
2
40 25 7
53 38 24
0
0
3
57 48 10
40 31 16
50 50 23
0
0
0
1
49 40 23
0
2
57 51 14
52 43 24
1
53 45 11
1
51 35 13
1
57 50 19
2
56 58 4
58 44 16
3
52 38 7
48 34 11
48 33 18
0
1
42 32 8
2
61 53 21
54 40 23
2
58 54 12
63 46 13
0
3
54 47 11
36 30 13
52 42 18
0
1
66 48 2
1
39 28 19
0
0
1
52 36 23
0
2
56 48 9
38 29 24
2
42 35 8
77 53 21
0
1
41 32 7
1
61 51 4
5
59 48 0
65 49 4
65 45 12
35 24 14
52 34 15
2
41 30 4
35 31 20
5
31 23 1
51 38 4
49 32 13
48 39 16
60 56 22
2
59 50 2
61 43 10
1
61 47 10
5
49 29 6
38 30 10
63 47 11
41 33 14
62 51 20
1
60 57 8
1
52 40 24
1
54 41 15
1
47 40 14
3
62 49 13
63 58 16
66 68 22
2
43 27 9
56 47 17
0
1
37 26 10
1
55 46 24
2
73 51 3
66 47 11
1
78 60 17
1
45 30 16
0
0
1
69 62 5
1
64 45 21
1
52 54 4
0
2
47 36 2
65 59 8
3
73 54 22
50 44 23
36 34 24
0
1
42 35 8
1
48 33 22
1
61 47 5
0
2
61 47 1
40 29 8
0
2
63 50 12
58 48 21
0
0
0
0
1
72 54 21
2
43 30 16
62 48 20
1
62 44 5
1
57 47 3
0
1
59 37 3
2
58 38 9
55 49 24
0
0
5
58 60 1
76 63 10
65 36 19
55 44 23
87 76 24
1
57 44 4
2
74 61 1
56 44 19
1
68 54 20
1
52 41 4
1
50 39 21
0
0
0
0
0
2
87 76 9
83 70 14
0
2
65 42 9
59 52 13
0
3
53 46 13
43 26 14
57 51 24
0
1
71 62 20
3
76 57 5
67 51 8
72 62 21
0
1
46 34 24
0
1
85 67 24
1
52 41 10
1
68 53 20
0
0
2
65 59 1
49 29 19
1
45 33 18
2
62 50 1
32 25 5
0
2
63 51 5
71 55 24
0
0
0
1
94 73 14
0
4
45 39 3
59 47 11
71 48 13
74 59 20
0
2
53 43 14
58 44 21
1
72 58 20
0
0
1
78 67 13
1
63 40 12
0
2
47 46 1
38 32 21
1
70 55 13
1
60 52 9
1
87 67 22
2
89 80 3
60 40 10
2
57 45 12
56 45 13
1
77 62 24
3
59 46 7
68 53 9
47 36 20
0
1
74 64 24
3
71 63 7
57 56 13
64 48 14
0
1
55 44 21
1
73 58 9
0
3
64 52 1
73 53 13
61 57 20
2
61 45 3
65 38 18
0
2
65 37 11
68 51 12
1
81 72 11
0
1
66 47 18
0
1
62 45 5
0
1
54 52 7
1
75 58 13
0
2
81 56 5
78 72 23
0
0
3
67 50 9
67 62 17
86 62 22
0
2
66 41 3
62 42 11
3
75 59 3
91 70 9
62 53 10
2
65 53 13
53 43 18
1
102 61 10
1
52 47 19
1
78 71 2
2
60 51 1
55 46 23
0
2
74 57 13
64 57 24
0
0
2
70 48 18
68 55 20
1
72 62 20
0
0
0
0
1
67 62 13
0
1
55 48 5
0
0
2
77 54 11
64 54 13
0
1
92 70 24
2
77 55 13
87 61 15
0
0
0
3
92 68 4
80 64 5
62 48 12
0
1
69 49 13
0
0
2
86 71 4
66 52 18
5
61 41 7
66 51 12
48 42 16
106 65 21
63 50 24
2
77 58 4
72 56 13
2
53 41 5
65 47 20
0
1
86 75 9
0
2
91 85 15
54 47 18
0
0
1
95 75 13
0
5
74 60 1
81 76 2
91 66 17
74 63 18
52 37 22
3
92 62 5
71 55 10
86 66 15
1
58 39 24
0
0
1
125 109 24
1
87 61 10
0
1
83 66 11
2
65 48 4
90 62 8
1
99 85 13
0
2
83 70 23
79 67 24
1
64 55 22
0
1
70 60 21
1
76 54 13
2
83 75 8
67 61 19
1
124 107 16
0
1
73 79 23
0
1
26 22 13
2
74 66 5
74 54 10
1
121 102 10
0
0
1
80 61 21
1
66 62 15
2
107 87 2
90 75 21
1
89 67 24
3
104 95 1
102 86 3
110 90 7
1
59 35 13
1
88 71 23
1
69 45 23
2
77 62 1
79 45 8
1
89 85 10
0
0
2
59 44 2
107 91 5
0
2
82 71 1
81 63 24
0
0
2
80 55 13
95 77 22
0
0
1
73 53 8
1
92 90 10
3
96 77 1
72 50 18
105 96 23
2
92 76 3
92 72 9
0
2
101 84 10
92 80 14
1
101 68 1
1
99 75 8
4
113 70 3
80 63 10
102 77 16
89 63 21
1
94 83 13
1
66 49 19
1
93 73 23
0
2
101 83 4
76 52 8
0
0
1
112 61 9
3
94 61 10
56 45 12
88 80 15
1
76 62 14
2
67 57 1
105 78 5
1
84 69 5
4
100 80 3
105 86 4
65 55 6
104 88 23
0
0
0
1
88 76 1
0
1
117 95 1
1
81 76 12
1
133 115 16
0
1
111 79 24
0
0
0
0
0
0
2
91 68 20
100 74 23
0
0
2
104 85 1
106 72 5
0
0
1
103 94 9
1
82 66 23
0
1
100 73 1
2
92 76 4
72 50 10
2
105 88 4
78 67 13
1
88 57 20
2
107 95 0
96 72 24
0
2
115 84 3
126 108 9
0
1
68 55 21
3
79 66 4
109 80 17
76 64 22
2
78 61 9
98 94 13
2
95 74 12
95 73 22
1
92 75 22
2
56 46 10
92 80 22
0
0
1
104 81 23
0
1
116 86 9
1
61 41 22
0
0
0
2
103 82 18
116 109 22
1
93 74 4
0
2
106 77 9
88 59 13
1
58 45 5
2
104 80 9
115 106 21
1
110 95 24
1
107 99 17
3
93 89 3
92 71 13
137 96 20
2
113 79 1
110 98 9
2
61 49 12
84 60 23
0
1
60 57 11
2
67 46 1
111 81 8
1
121 100 15
0
0
0
0
1
80 64 13
1
69 61 9
0
2
100 78 10
114 98 21
0
0
1
148 97 12
1
99 70 18
1
116 90 10
2
122 102 4
114 73 24
1
109 86 9
1
135 129 20
2
101 86 9
149 128 24
2
101 85 16
81 65 21
2
122 107 7
95 71 24
1
94 82 8
3
84 77 3
118 85 11
76 61 13
2
112 93 13
82 69 17
0
1
59 47 7
2
123 81 1
75 55 5
1
84 60 23
4
88 79 4
118 103 7
155 109 9
99 80 24
2
86 63 9
81 56 12
2
112 77 9
78 62 18
1
119 84 7
2
103 76 1
82 67 10
2
93 95 19
123 88 21
1
100 69 7
1
118 105 4
1
85 66 7
0
0
2
101 100 1
109 87 19
1
130 108 11
1
130 108 10
0
0
1
100 78 4
2
125 102 10
123 113 13
0
1
111 79 3
3
105 78 8
147 127 12
136 102 14
3
91 83 10
95 69 11
91 70 15
0
2
110 82 17
108 89 20
2
107 104 16
108 90 23
1
91 65 8
0
1
141 118 5
0
2
77 59 3
99 86 15
1
135 88 9
2
118 84 7
128 85 21
1
102 90 10
1
104 90 23
1
104 90 23
1
116 90 21
0
2
108 64 8
101 103 11
5
97 77 5
103 90 9
121 105 13
115 88 15
69 59 24
0
0
0
3
89 75 4
120 96 9
66 43 23
2
149 120 3
142 103 24
0
1
120 98 3
2
110 78 23
151 105 24
4
138 119 2
102 88 7
91 68 8
119 105 14
0
0
0
1
132 91 13
1
88 52 9
1
76 56 20
5
124 93 4
66 52 5
134 117 6
110 84 19
156 123 22
0
1
122 91 5
0
0
1
95 68 2
1
92 73 4
2
72 64 4
69 70 19
1
85 59 21
1
112 84 9
1
93 76 9
2
93 58 15
108 81 21
0
0
2
79 65 1
71 59 24
0
1
93 93 13
1
74 59 7
1
109 101 14
1
123 110 13
0
2
157 127 7
109 87 13
2
128 89 8
85 64 16
1
103 76 10
1
105 84 6
0
1
136 135 4
4
126 106 2
128 94 3
76 61 15
97 90 16
1
131 97 5
0
2
86 75 14
91 78 19
0
0
1
115 112 4
0
1
124 110 8
0
1
121 105 5
1
83 66 11
0
0
2
113 87 1
103 88 10
1
99 73 14
0
4
82 65 10
118 85 12
131 91 15
77 66 16
3
88 76 5
155 148 7
93 76 21
0
1
128 99 24
0
1
85 76 13
1
113 81 7
0
1
114 89 15
1
123 111 16
0
1
123 74 24
1
114 71 3
2
87 77 4
106 90 18
1
131 90 5
1
121 86 24
1
140 125 7
0
0
2
124 78 16
122 97 21
0
1
133 108 19
3
146 106 8
150 110 18
97 67 22
0
2
105 89 6
99 83 13
3
91 88 1
110 102 3
109 94 16
1
145 107 11
0
0
2
140 105 10
100 65 20
0
2
147 125 0
123 120 23
4
119 115 2
137 115 9
106 80 15
152 103 24
2
130 117 16
216 177 24
1
185 131 9
1
110 83 14
2
124 114 0
136 100 3
3
116 105 3
89 77 9
143 122 22
2
176 141 12
132 96 21
3
91 69 5
137 89 8
134 127 10
1
79 69 1
2
142 130 3
96 71 17
1
99 77 19
1
132 108 9
0
2
141 132 9
151 116 13
2
171 115 12
107 82 15
0
1
135 103 8
1
102 83 3
3
124 78 1
145 120 18
201 144 23
2
140 87 10
150 121 13
1
98 55 21
1
115 92 23
3
139 111 4
103 68 14
108 96 24
1
154 91 21
1
116 100 21
3
161 150 10
125 74 13
122 99 23
3
118 81 10
138 104 19
136 121 24
1
124 90 24
3
141 119 1
93 85 5
154 121 24
2
117 101 5
144 132 22
0
1
137 121 1
1
130 108 21
1
135 97 10
1
125 109 9
0
2
132 113 1
113 67 21
0
2
125 86 10
128 87 13
2
126 134 10
103 98 18
2
109 72 5
121 80 20
0
2
172 142 5
133 110 12
0
1
109 83 13
1
123 80 7
1
123 94 9
1
157 135 10
2
117 97 22
120 111 23
0
2
145 125 7
106 79 23
2
129 127 1
85 62 18
0
0
2
142 101 2
90 80 15
1
151 127 20
0
3
152 133 3
193 146 7
211 140 18
1
122 84 5
4
111 93 5
123 111 11
116 97 16
166 148 23
0
1
168 136 1
0
0
0
1
96 72 3
1
137 117 3
4
127 87 2
146 114 4
135 103 8
137 129 10
1
148 126 8
2
108 93 8
133 106 9
1
134 111 13
1
143 106 23
2
151 120 13
124 96 19
0
1
101 67 12
1
183 158 4
0
2
147 125 1
111 86 10
0
0
2
109 82 4
117 113 22
1
181 148 21
3
137 99 2
100 83 4
179 167 6
2
144 121 1
155 130 18
0
1
142 115 13
1
105 78 20
1
150 98 14
1
141 107 9
0
2
135 95 2
146 118 10
0
1
180 132 1
1
156 120 8
3
147 98 15
140 106 22
159 145 24
1
120 74 6
0
1
159 145 17
1
111 107 10
0
0
1
185 159 4
1
93 90 4
0
1
109 87 9
1
139 109 5
2
139 126 1
191 171 4
0
0
0
1
115 85 9
1
145 109 12
1
118 97 17
2
135 102 9
160 139 24
0
1
153 111 1
1
183 131 9
0
2
192 154 23
166 125 24
0
0
1
141 103 18
1
130 98 19
1
182 158 10
1
166 119 4
0
1
158 133 15
2
124 111 13
146 149 21
1
106 88 3
1
126 96 9
2
151 96 22
163 162 24
1
168 140 5
3
156 123 0
104 72 11
120 111 20
3
147 102 11
150 106 20
164 90 21
0
1
205 194 8
1
139 120 20
0
1
150 104 18
1
165 146 7
0
0
3
137 121 2
125 84 5
108 79 23
0
1
169 137 11
0
0
1
108 71 9
1
94 79 9
1
151 109 20
1
138 102 23
1
119 89 13
0
1
130 116 20
1
147 127 2
1
114 77 20
0
2
149 131 3
164 139 13
2
126 105 1
175 147 8
0
2
159 112 8
177 140 9
1
151 102 1
1
132 114 4
1
130 109 9
2
165 142 7
147 96 22
2
111 96 3
143 114 11
0
2
145 109 10
97 79 22
1
141 131 1
2
140 108 5
180 110 22
0
1
170 146 12
1
155 139 16
1
140 128 11
1
102 70 19
1
170 130 8
2
126 115 5
181 161 11
4
152 119 5
148 131 8
161 147 10
151 117 19
2
128 116 18
99 98 23
1
140 120 10
0
1
132 107 24
1
143 121 9
1
197 139 16
0
2
175 177 9
162 133 11
2
166 143 8
188 139 24
1
105 86 20
1
133 110 22
1
172 141 18
0
1
171 118 22
0
0
0
1
159 124 24
5
161 137 0
119 81 2
129 112 9
105 81 23
137 122 24
2
157 137 11
163 142 21
1
128 106 13
0
1
173 134 15
0
2
157 143 5
123 99 20
1
155 123 24
0
0
2
144 108 9
132 125 10
4
110 74 9
169 184 10
135 107 14
123 104 15
1
157 112 21
1
190 149 9
2
198 115 7
143 122 15
1
153 104 23
2
199 171 13
141 90 24
0
3
184 153 9
159 119 18
118 106 20
3
147 118 4
159 132 13
161 134 24
0
1
162 138 11
0
0
2
202 166 10
201 177 12
0
0
2
101 82 1
129 119 9
0
1
191 166 10
2
110 99 16
172 143 24
2
113 86 10
163 118 13
0
2
131 118 3
163 132 20
1
150 115 1
0
