6 3 4 6 4 3 1 7 3 6 3 4 6 7 6 3 4 4 8 3 4 7 5 5 6
2
6 5 0
9 7 9
2
7 7 13
8 5 14
0
0
0
2
10 9 13
10 8 24
1
9 7 13
2
7 7 21
8 6 22
0
1
7 6 13
1
8 6 7
1
13 10 8
1
9 5 10
1
9 8 7
0
1
8 6 8
0
3
12 10 12
8 7 17
9 8 24
1
11 9 3
0
2
12 8 13
13 9 17
0
1
9 7 14
0
1
8 6 15
2
11 9 3
14 12 23
1
11 8 13
0
1
12 9 22
1
10 8 7
1
13 11 10
0
1
13 11 20
0
0
1
9 7 9
2
10 9 0
16 11 14
2
16 13 8
14 12 18
1
8 8 2
1
14 11 20
2
14 12 9
12 10 16
0
0
0
1
13 11 20
2
8 7 0
12 10 12
2
17 14 12
8 6 17
2
12 11 11
14 9 22
1
15 13 13
1
18 16 18
0
1
15 13 5
1
12 8 22
0
0
2
14 11 21
19 15 23
1
5 4 12
1
16 15 21
2
21 16 11
14 9 22
1
13 11 21
1
22 18 11
0
2
15 11 7
10 9 16
2
13 10 10
17 16 15
1
14 10 14
0
0
4
18 15 7
14 12 9
20 17 10
14 10 13
3
9 7 4
13 13 13
19 12 14
1
19 18 2
1
17 10 10
4
20 16 9
18 15 12
17 14 18
23 17 24
3
18 12 9
16 13 11
25 28 23
0
0
3
19 13 7
21 15 14
19 16 17
0
2
19 14 18
21 19 23
0
3
15 13 12
23 22 15
23 21 18
2
21 18 21
20 18 24
1
16 11 20
1
16 15 7
0
1
22 21 13
1
20 16 1
1
19 18 14
0
1
15 11 14
1
22 20 13
0
1
15 11 7
3
22 20 3
25 23 4
24 22 21
2
19 15 7
20 13 15
0
0
1
21 18 14
1
20 14 18
0
0
0
1
28 25 0
0
1
19 17 3
1
14 10 18
0
1
18 15 8
1
32 20 8
2
21 15 4
21 17 5
2
21 16 16
18 12 23
2
27 26 3
35 27 13
0
0
1
17 13 0
2
24 21 7
27 18 23
2
28 25 9
27 23 17
3
25 16 8
22 17 14
19 16 15
2
19 15 5
29 27 16
1
28 28 24
0
1
18 15 18
1
30 25 11
0
0
1
24 24 12
1
33 28 18
1
19 14 13
0
0
1
25 23 22
1
33 32 8
1
32 24 24
0
0
3
27 19 8
33 29 18
29 28 21
2
28 23 4
23 19 22
0
1
24 19 17
2
31 26 2
24 20 7
1
33 26 16
0
1
26 18 2
2
32 31 3
31 23 14
0
1
22 17 7
0
1
24 18 24
0
1
43 39 8
2
30 18 2
36 30 18
1
36 30 4
0
3
45 35 2
28 21 15
19 12 21
1
42 30 15
4
23 17 1
15 13 3
25 22 12
28 20 17
2
25 18 11
33 26 24
1
19 15 21
0
2
19 16 2
36 27 22
2
27 18 13
34 27 22
2
27 20 0
38 31 14
2
34 29 16
33 25 21
0
1
34 30 3
4
25 23 1
39 31 2
44 30 11
23 19 15
1
26 19 22
0
3
30 24 13
37 30 21
21 13 23
0
1
39 29 16
1
37 25 23
0
3
40 22 17
29 26 18
35 32 20
0
1
41 30 24
3
23 19 7
25 20 13
18 15 23
1
31 31 20
0
0
3
29 18 12
32 31 14
34 28 19
1
35 28 20
0
1
26 24 21
0
1
35 30 4
1
43 34 14
2
37 31 13
44 39 14
0
0
1
14 9 22
3
51 42 16
25 19 18
23 18 20
0
1
42 32 13
3
36 25 2
29 20 7
33 22 24
4
47 36 4
37 29 8
39 34 14
32 30 18
1
38 31 12
0
2
32 21 13
35 28 22
2
35 25 5
42 37 14
1
47 36 16
2
35 23 13
37 34 15
0
1
50 26 22
0
0
1
37 33 19
1
55 40 10
1
35 30 19
1
34 31 3
0
1
47 35 16
1
30 21 7
2
44 33 9
37 29 24
1
41 33 2
3
56 59 11
41 35 12
47 34 16
0
2
46 41 17
37 29 21
0
1
39 26 4
0
0
0
0
2
47 37 13
44 31 18
2
62 55 3
42 36 20
0
0
0
0
0
1
41 42 18
2
42 34 0
52 35 15
1
46 35 18
1
46 39 12
2
33 29 12
34 32 16
2
41 33 19
45 29 22
1
39 32 22
1
53 60 24
0
0
2
50 38 11
41 33 16
1
53 44 9
1
53 40 12
2
65 44 12
14 13 20
1
36 29 13
1
51 44 12
2
46 39 12
51 43 22
1
38 26 16
1
27 23 11
1
54 41 23
0
2
46 30 0
48 43 22
2
53 46 8
29 23 21
0
0
0
3
50 46 9
41 24 20
45 37 23
2
43 40 18
40 36 24
2
45 33 15
45 32 22
0
3
60 58 5
42 39 8
49 39 9
1
30 23 3
1
50 45 5
2
43 39 12
33 36 21
0
1
51 45 9
0
1
44 28 18
3
25 19 3
52 33 15
56 44 18
1
55 37 0
2
37 28 0
62 48 17
4
45 42 2
57 44 12
32 29 13
35 26 20
1
51 44 4
2
42 24 13
41 32 14
2
43 31 3
24 14 13
0
1
39 36 24
2
54 46 2
35 29 22
0
1
60 57 9
2
58 39 18
46 37 23
0
0
2
64 60 0
45 32 7
0
0
0
0
0
0
0
0
1
63 43 5
0
1
52 49 20
0
2
57 47 14
53 39 21
2
44 46 5
75 65 18
1
51 35 22
1
59 45 0
1
39 25 7
1
52 56 18
0
0
1
76 54 7
0
0
3
52 45 8
49 46 18
51 48 22
1
47 35 20
1
45 37 12
2
60 41 0
58 49 11
1
60 46 7
4
40 34 0
54 46 16
76 66 21
44 44 24
3
52 44 8
63 40 9
49 36 12
3
58 40 16
57 54 22
55 40 24
0
0
0
1
52 40 8
1
51 37 18
2
64 48 19
23 15 23
0
3
55 41 2
63 55 21
67 47 22
0
5
64 51 11
54 48 14
61 49 19
56 55 20
29 21 24
1
59 35 12
0
0
2
65 48 0
39 27 12
0
5
56 42 12
73 54 14
56 42 15
65 62 18
56 50 24
0
0
0
1
57 42 23
0
0
1
52 36 11
3
76 73 10
52 46 21
66 57 22
2
39 40 2
51 35 7
1
52 33 7
1
72 56 0
1
61 50 12
0
0
1
56 50 7
0
1
69 52 3
2
75 56 14
62 51 17
0
1
43 36 15
1
64 59 19
0
2
64 49 1
63 48 3
1
56 46 21
1
50 42 12
1
73 72 12
1
48 38 7
0
1
49 31 10
0
4
75 54 1
68 73 3
54 42 20
63 50 21
0
2
70 49 17
94 65 18
1
41 28 21
0
2
64 54 5
73 61 22
2
56 38 10
55 55 19
3
65 46 14
67 64 20
62 51 21
0
2
61 54 17
62 49 24
2
53 46 5
75 60 12
3
69 55 3
71 62 7
69 58 9
0
3
63 47 5
71 47 14
79 55 16
0
1
78 56 11
1
51 40 7
2
68 52 0
49 40 22
2
61 53 2
53 51 7
2
71 69 7
51 36 8
4
54 41 3
71 55 9
45 41 14
71 44 21
0
0
2
70 60 15
63 50 17
0
3
47 32 4
67 59 5
74 71 9
1
73 46 16
2
54 40 15
73 52 24
1
46 44 2
1
91 66 21
4
89 74 9
47 39 11
78 55 13
74 53 17
0
2
59 36 4
52 36 5
0
1
53 53 1
0
1
80 65 18
0
0
2
50 35 3
65 51 4
0
0
2
86 58 12
59 60 18
0
1
59 51 24
2
63 62 8
94 88 24
0
2
87 69 7
68 54 17
0
2
83 53 22
67 47 24
0
1
60 50 0
0
2
68 61 7
47 34 24
0
2
105 93 5
78 55 21
0
1
73 56 7
1
64 46 14
1
38 29 24
1
61 47 20
2
81 58 1
59 42 9
2
54 41 12
83 71 18
3
54 37 7
84 55 12
68 60 16
2
82 71 3
40 31 12
3
76 56 12
58 49 14
71 59 19
2
88 82 7
69 52 12
2
84 76 11
87 72 20
1
64 54 23
2
77 62 0
85 77 15
2
82 73 16
75 68 21
3
59 47 7
64 41 13
95 73 14
2
99 85 17
81 66 22
1
83 70 21
1
51 44 18
2
82 76 3
52 49 18
1
35 28 23
3
81 64 5
74 71 14
88 89 20
0
0
0
0
2
61 53 9
81 67 24
2
71 60 21
92 83 23
0
3
78 75 0
54 41 7
56 54 14
1
72 43 18
3
43 38 2
71 59 8
55 57 13
2
90 71 4
84 68 24
2
61 39 18
92 76 22
2
95 50 23
87 63 24
1
56 43 21
0
1
84 73 9
0
3
84 51 4
66 55 9
85 62 21
1
65 67 5
1
80 53 0
0
1
82 63 9
1
62 66 20
2
67 65 1
61 54 18
2
49 45 20
84 73 21
1
104 71 0
3
74 56 10
63 51 13
91 71 21
0
0
0
3
72 56 5
90 82 18
60 49 23
3
91 72 8
105 85 20
81 78 24
2
82 56 5
90 60 18
0
2
108 84 2
66 49 9
2
72 58 20
88 85 21
1
87 77 23
2
92 65 0
78 65 3
1
62 44 2
2
78 48 7
77 64 12
0
2
83 63 0
75 50 14
2
72 45 4
84 46 16
2
70 56 3
116 100 18
0
1
57 48 9
2
77 55 4
65 61 24
2
65 47 11
61 42 12
2
93 64 8
67 56 10
1
77 64 21
2
75 70 7
92 66 13
0
1
63 59 5
1
67 42 9
0
1
75 66 12
2
109 89 8
80 77 14
1
78 59 5
4
99 91 4
74 66 8
76 64 18
69 64 22
0
0
2
54 39 1
75 74 17
0
1
71 42 3
2
102 76 1
72 60 24
2
68 64 7
87 85 18
1
92 65 14
1
101 89 12
3
76 67 8
65 64 11
95 65 18
2
93 63 18
64 39 21
1
88 76 10
1
116 113 13
0
1
110 74 12
2
94 82 2
73 61 9
0
0
2
101 69 2
78 66 24
2
80 67 20
88 68 24
3
99 65 12
75 58 17
62 49 18
1
83 72 21
2
117 89 13
85 64 18
1
123 83 9
1
81 73 21
2
107 100 15
95 71 24
1
57 42 2
0
2
92 85 9
106 76 13
1
117 112 0
4
110 85 17
68 56 18
109 73 22
71 71 23
0
1
96 80 24
1
93 76 23
1
113 88 21
1
73 60 21
0
1
68 52 2
2
72 70 3
68 53 9
1
80 59 7
1
87 67 1
2
128 88 7
102 78 15
3
78 68 0
102 88 14
83 55 23
1
72 51 4
2
86 60 14
89 82 18
1
104 92 20
1
93 73 13
1
104 97 9
0
0
0
1
61 53 10
2
94 70 1
60 47 3
2
76 60 16
84 69 21
0
1
124 87 9
1
90 68 13
1
87 54 11
0
0
2
90 78 0
83 60 21
0
0
3
58 44 7
105 91 12
120 99 22
2
131 97 7
112 72 13
1
95 105 18
2
68 48 18
93 73 24
3
68 46 17
100 59 23
69 65 24
4
70 72 4
80 65 8
90 67 9
143 95 14
1
88 61 24
2
106 92 0
97 87 1
1
107 98 18
1
135 116 20
2
89 87 12
111 109 15
1
81 76 23
4
93 69 4
85 82 7
97 80 18
75 57 20
1
95 77 6
2
67 58 1
99 67 14
1
133 114 18
4
119 90 12
129 117 16
88 92 19
67 73 22
0
1
120 109 21
2
136 85 15
128 115 23
1
107 86 7
0
5
90 70 0
53 35 3
79 60 9
84 72 20
110 88 23
2
119 92 3
96 63 20
2
77 50 1
102 92 20
1
95 73 1
1
105 74 12
2
113 93 18
111 85 22
0
0
0
1
93 55 12
0
1
118 78 21
0
1
109 68 23
3
90 75 3
106 107 7
91 64 8
2
90 83 3
119 114 8
0
0
2
88 77 0
107 80 4
2
100 82 14
116 93 18
5
100 66 0
136 118 8
99 64 9
138 113 20
82 79 23
0
0
2
101 86 14
92 80 22
2
66 57 11
90 68 15
2
105 88 12
90 79 18
0
1
110 94 21
0
0
1
82 63 21
1
126 103 9
0
1
71 64 4
0
0
2
123 120 4
110 96 16
1
120 98 22
0
3
82 62 11
107 81 12
121 102 18
2
97 81 0
87 68 4
2
94 85 11
120 93 16
1
106 82 12
2
92 80 3
70 50 18
2
111 84 7
122 120 21
1
82 76 21
0
3
106 95 0
84 51 16
115 85 18
0
1
117 74 17
0
0
1
107 90 3
2
86 49 10
112 107 24
1
94 62 7
1
94 84 3
2
68 50 1
110 96 21
1
120 83 22
4
91 77 0
123 109 16
115 105 21
111 88 23
0
0
1
104 91 0
1
102 87 14
1
107 86 13
1
76 55 6
1
80 67 18
3
138 118 16
132 114 18
99 69 24
1
105 91 18
2
104 87 5
103 84 24
0
1
119 99 23
1
108 92 23
1
90 72 21
0
1
84 54 24
0
2
91 68 11
102 60 20
1
110 105 21
2
100 92 2
82 75 23
3
107 86 16
127 117 20
106 77 24
1
86 66 23
0
0
1
124 96 18
2
72 67 12
111 98 21
1
89 77 11
0
2
115 103 2
99 76 11
0
0
4
76 62 0
122 103 7
96 66 12
133 105 18
2
122 94 16
113 78 20
0
1
104 78 2
0
2
93 71 20
93 84 22
0
3
133 102 10
133 103 14
141 117 16
1
95 78 18
1
94 88 12
3
119 76 0
94 86 9
121 99 18
3
66 49 3
126 95 12
140 141 17
0
0
2
125 115 7
106 93 18
0
0
1
98 75 15
0
0
2
104 85 9
142 111 13
1
89 61 3
1
107 75 22
1
142 110 11
0
2
116 97 0
114 108 7
2
152 121 13
118 88 16
0
0
0
0
3
140 114 5
124 96 12
76 62 23
0
0
2
121 109 3
137 113 7
0
0
1
144 132 13
1
133 112 10
2
127 121 9
112 92 15
0
3
164 117 0
127 91 7
148 127 13
0
1
92 77 3
1
89 67 8
2
132 129 2
131 104 24
0
4
108 81 11
99 91 13
108 94 15
112 93 21
0
0
0
4
167 129 0
112 78 4
142 115 13
133 93 14
2
107 83 3
111 95 9
2
105 60 13
111 103 24
2
96 63 9
116 92 19
0
1
145 120 13
2
113 104 13
120 106 16
1
111 84 13
2
131 115 7
93 62 23
1
141 104 19
1
88 67 2
1
139 116 24
0
2
123 106 0
101 76 24
1
143 93 3
0
0
2
109 72 8
117 89 9
1
111 94 9
1
126 98 7
1
128 93 3
2
102 87 1
128 113 19
1
133 116 18
5
93 76 3
123 98 7
136 109 14
90 54 17
122 101 23
0
1
132 130 13
0
2
159 141 0
140 94 3
1
137 87 16
1
148 131 14
2
80 66 4
123 104 22
0
1
99 76 3
3
182 127 8
118 98 18
148 138 23
1
96 71 3
1
116 109 12
1
127 109 14
2
100 94 7
96 70 18
3
116 72 5
152 135 7
78 62 24
0
0
1
117 90 5
1
131 77 13
0
2
194 131 21
120 98 22
2
145 134 0
90 75 22
1
182 157 12
1
116 96 14
1
144 126 0
0
0
0
1
152 122 16
0
0
3
112 81 17
113 113 21
137 99 23
1
102 69 20
1
165 143 18
0
0
2
115 96 12
122 114 13
1
108 98 0
2
177 153 2
137 116 11
1
101 78 9
1
131 88 2
0
0
3
108 99 2
94 91 16
120 110 23
0
1
126 94 21
2
120 111 3
136 95 14
0
1
105 78 13
0
0
2
134 106 2
119 99 16
0
3
139 129 0
117 107 9
124 90 19
1
168 123 17
0
1
144 135 9
2
141 103 5
176 119 23
2
159 146 7
140 107 13
0
2
151 150 3
152 137 12
2
177 160 2
188 181 11
1
103 84 22
0
1
157 90 11
3
105 80 7
156 120 12
143 121 21
2
146 148 3
141 121 12
1
119 92 2
0
1
96 85 24
1
158 143 0
1
109 99 8
2
126 111 7
121 111 11
0
1
147 109 14
1
111 96 7
1
161 108 17
1
122 104 16
1
131 101 9
2
63 55 2
133 99 21
2
130 115 5
184 154 12
1
129 120 10
2
129 104 7
170 158 16
1
155 167 22
0
0
3
145 114 1
160 110 2
124 91 11
1
129 105 13
2
136 86 4
79 71 21
1
162 157 10
2
120 101 21
121 111 24
1
141 123 24
0
2
162 141 0
118 96 13
4
150 127 0
126 111 9
131 101 15
124 82 24
1
115 84 7
0
1
143 94 0
2
113 92 11
136 77 22
0
2
71 56 9
115 102 18
1
142 81 14
1
165 146 0
2
156 142 10
124 107 11
1
130 115 5
0
1
104 101 23
1
143 107 17
5
162 96 0
131 133 1
173 137 7
163 115 14
175 142 20
0
0
2
127 96 14
126 97 15
3
145 138 0
79 62 9
113 83 17
0
1
153 100 2
0
0
3
144 107 3
192 180 4
129 93 22
2
155 110 3
185 145 18
2
70 61 13
160 135 20
2
139 100 2
147 115 17
2
140 88 13
113 100 20
1
118 71 21
0
2
131 88 13
119 92 23
1
160 133 18
3
127 99 0
121 129 22
137 121 23
0
2
206 135 8
145 104 21
1
127 115 24
0
2
177 138 13
110 92 14
1
100 92 12
0
2
127 100 12
128 114 14
0
2
187 174 1
121 95 9
2
99 73 9
176 100 21
2
154 114 1
156 130 9
1
140 104 23
1
140 110 16
1
132 104 9
0
1
150 98 11
0
2
132 93 16
192 99 20
1
169 158 1
0
0
0
1
112 78 24
0
1
140 112 13
0
0
1
148 128 15
1
187 151 18
2
143 125 2
171 137 9
1
123 90 0
3
175 118 5
144 109 13
166 158 23
0
1
154 128 24
1
98 81 18
2
169 119 9
121 96 12
1
137 122 4
1
113 114 0
1
171 128 6
1
152 151 12
0
2
115 87 1
77 55 3
1
148 121 16
0
1
166 134 9
2
222 161 1
131 116 2
1
170 155 3
0
3
138 94 0
156 106 21
170 157 22
2
111 68 3
185 117 12
1
167 156 3
1
136 105 13
0
2
163 138 0
149 122 24
2
124 99 3
162 117 16
0
2
133 80 7
145 112 21
1
153 125 24
1
183 172 23
2
161 122 4
144 123 13
1
183 123 16
3
148 115 6
162 145 19
140 120 22
0
1
179 162 8
1
167 131 0
0
1
149 133 16
0
2
136 118 7
158 122 13
2
107 79 14
191 145 20
2
151 144 9
145 141 17
3
153 121 18
121 113 22
150 107 24
0
1
196 134 21
0
0
0
2
136 112 12
122 116 14
1
128 100 2
0
1
100 69 2
0
0
1
148 114 20
0
1
124 86 4
1
100 74 4
3
155 126 2
204 166 3
167 145 23
2
148 125 12
132 98 18
1
165 119 14
0
0
1
137 148 7
2
141 106 3
149 123 9
1
118 100 1
2
178 129 10
175 130 23
0
1
135 124 12
1
125 104 10
0
4
109 89 3
116 64 10
173 140 23
161 94 24
3
181 154 8
93 67 20
116 95 23
1
169 149 8
2
137 125 19
153 109 24
0
0
1
148 129 4
1
117 77 17
1
144 77 11
3
191 152 0
147 143 1
223 139 19
0
3
135 74 5
195 184 7
136 100 10
2
134 114 7
183 140 10
0
0
3
193 110 14
179 151 18
150 121 21
0
1
135 98 9
0
1
168 128 7
1
147 140 24
3
123 126 7
166 159 11
128 83 24
2
203 146 16
123 109 22
0
