2 1 6 4 2 7 7 7 3 3 1 7 3 1 6 4 6 5 1 6 4 7 3 8 3
1
7 5 5
3
7 6 6
8 8 9
7 5 21
0
1
8 6 4
1
6 5 23
0
4
9 8 3
9 8 7
10 11 19
9 8 21
1
6 5 1
1
10 7 1
2
7 5 0
7 5 3
1
7 5 22
1
10 9 14
0
1
7 4 5
1
9 6 6
3
7 4 0
7 6 9
6 4 22
0
2
8 6 6
8 8 21
3
11 9 7
8 7 19
9 6 23
3
13 10 3
10 8 5
11 10 9
1
10 8 19
3
8 6 3
9 6 4
9 6 9
1
9 8 16
1
8 7 6
0
3
11 9 17
11 9 20
10 7 23
3
11 10 5
9 6 11
10 9 14
1
10 8 21
0
3
12 9 3
11 9 5
17 15 16
1
10 8 11
0
3
12 10 1
9 6 8
9 7 14
0
1
13 11 6
3
13 13 6
13 9 9
9 8 16
1
16 15 2
2
14 12 12
12 9 21
1
12 8 6
0
0
1
20 13 6
0
1
15 13 11
1
8 6 14
1
10 8 19
1
18 15 15
4
20 15 2
8 6 7
16 10 12
17 16 24
2
15 11 16
13 10 21
1
14 12 5
1
14 12 19
1
15 12 17
0
2
12 9 2
19 18 23
2
16 11 2
18 15 9
2
20 14 7
14 10 8
1
17 17 14
1
13 10 3
1
18 14 21
2
22 19 5
19 16 20
0
1
20 16 7
1
22 17 2
2
10 10 0
18 15 21
1
17 9 16
1
17 13 17
0
1
20 14 13
2
15 14 22
11 9 23
1
17 15 22
1
14 11 14
1
16 13 8
2
18 15 3
21 16 23
2
18 16 6
17 17 12
1
14 9 21
1
22 19 3
0
1
22 14 5
0
3
21 14 2
28 17 11
13 9 23
1
14 10 16
1
24 19 16
0
3
17 13 14
18 16 21
17 13 24
1
22 21 14
3
16 11 5
15 13 6
24 20 12
0
1
19 14 12
0
1
22 19 22
0
0
0
1
21 17 3
1
19 19 11
0
0
0
2
22 17 0
15 12 16
2
13 10 2
24 18 12
0
0
1
24 21 6
0
2
25 23 2
16 11 19
0
1
24 21 19
0
1
19 15 19
0
1
22 18 2
1
23 16 24
1
25 18 2
1
30 22 17
1
17 13 0
2
23 17 2
23 20 6
1
18 13 23
0
1
19 14 2
1
10 9 23
3
28 23 11
28 20 16
25 16 19
0
0
1
23 19 23
1
15 14 8
2
27 20 3
19 14 5
1
21 18 19
1
24 16 22
0
2
33 29 16
34 24 23
2
26 18 3
23 19 23
1
24 18 17
2
29 18 10
17 12 19
0
1
30 24 5
0
0
2
34 28 12
22 15 19
1
33 24 16
0
0
1
23 18 7
1
28 23 14
0
2
20 21 16
23 15 17
0
0
2
38 32 13
28 20 21
1
28 22 17
1
24 20 19
0
0
2
33 25 6
30 25 7
0
1
16 15 9
0
1
29 24 14
0
0
2
36 33 2
28 22 16
0
0
0
1
24 20 11
2
18 13 11
27 21 14
2
43 27 7
31 31 14
2
37 31 2
50 39 11
2
29 25 0
28 16 21
0
0
1
36 30 14
1
31 19 5
1
42 34 3
0
0
1
40 32 23
1
28 22 7
0
3
24 20 5
38 32 8
38 25 23
0
0
1
42 36 9
1
38 29 15
0
1
30 25 7
0
3
30 19 8
50 31 16
30 20 23
0
2
29 21 21
40 26 23
0
0
2
37 33 14
37 37 19
1
41 30 2
1
42 36 21
0
1
40 33 4
2
26 18 6
29 25 14
1
44 33 16
1
40 28 21
1
39 27 23
0
3
43 35 14
30 19 22
32 23 24
3
44 29 6
34 28 7
30 26 10
3
42 32 9
24 14 20
54 45 23
0
2
44 40 9
45 40 19
0
0
2
40 36 16
47 38 20
2
28 21 11
47 33 16
1
40 25 5
1
49 38 3
2
40 30 21
44 41 24
0
1
45 35 11
4
44 36 5
43 38 7
35 30 20
38 26 23
0
2
40 26 17
25 23 21
1
43 30 21
1
31 25 7
0
1
35 25 0
0
0
0
0
0
0
4
28 22 5
46 37 16
33 29 17
49 34 22
0
0
0
1
45 39 2
2
32 31 19
51 42 20
1
41 36 7
2
49 29 19
57 42 23
0
2
33 30 16
47 45 20
1
50 38 23
1
48 48 11
1
39 25 22
1
39 28 7
0
0
0
0
0
0
1
39 35 20
0
1
43 29 5
1
35 35 3
0
0
0
0
2
32 26 2
48 35 6
1
47 43 17
1
54 31 20
4
59 44 5
38 26 10
36 27 14
43 36 23
1
36 36 14
2
57 33 16
44 37 24
0
0
1
67 52 24
0
4
40 24 1
56 46 14
33 25 21
33 27 23
2
38 32 5
44 37 16
1
40 32 19
3
53 49 2
49 35 9
39 32 22
3
30 25 0
41 31 6
61 45 23
2
40 31 14
43 35 19
0
1
62 59 9
1
46 46 7
0
0
1
41 35 23
1
56 37 9
2
59 54 21
51 40 23
2
40 22 7
51 37 12
2
44 34 7
62 55 14
1
35 29 16
1
56 42 2
1
52 43 5
1
57 44 24
0
1
63 47 24
0
2
49 27 9
59 45 21
2
53 43 11
59 43 19
1
42 37 14
2
52 38 7
36 30 23
0
2
54 45 3
49 33 15
3
43 35 5
49 41 17
51 46 20
2
51 41 3
73 52 5
0
0
1
46 36 9
1
69 71 9
1
58 42 23
1
56 47 15
0
0
1
40 34 19
0
1
54 53 5
1
60 53 4
1
56 33 16
2
66 57 14
46 39 15
1
34 25 6
3
58 37 7
54 35 14
62 58 24
1
51 35 7
1
37 29 24
1
66 58 17
1
48 40 6
0
0
1
59 45 7
0
2
76 56 15
61 53 22
3
61 50 6
43 38 7
63 57 17
4
56 41 0
51 40 6
70 54 16
55 43 19
1
57 45 5
3
45 38 15
52 49 19
61 42 20
1
60 49 17
2
49 34 8
44 33 16
0
2
72 64 4
61 65 14
1
63 57 23
0
3
39 33 6
62 54 21
67 44 24
2
53 38 15
60 50 19
2
80 66 12
48 27 14
0
3
58 48 7
50 38 15
43 39 23
1
52 38 4
0
0
0
0
1
55 53 6
1
78 71 17
0
1
36 28 21
0
1
69 63 14
1
61 38 6
1
64 45 3
2
83 63 5
48 34 7
3
66 53 14
49 36 16
55 43 21
3
69 49 12
31 32 16
74 52 19
1
84 71 5
0
2
60 50 3
74 65 15
2
67 53 12
76 56 22
2
49 29 6
54 46 17
0
0
2
44 40 19
47 45 22
1
65 55 7
0
0
1
68 64 21
1
68 58 20
2
47 31 5
85 70 17
1
45 33 8
1
61 48 8
1
60 55 7
0
1
52 42 14
1
77 64 21
1
83 69 21
0
2
42 31 7
56 44 11
2
64 57 2
49 39 17
0
0
1
77 56 3
0
1
61 46 9
2
72 68 7
53 44 21
2
61 58 7
83 64 24
0
1
83 87 24
2
60 51 3
63 57 8
2
93 83 15
49 23 20
0
2
68 53 7
59 46 23
2
71 67 2
79 61 5
0
1
68 37 11
0
0
1
78 68 23
3
91 69 13
65 49 19
77 63 23
1
69 52 11
1
53 54 3
0
0
0
0
0
1
55 53 16
0
3
60 44 0
84 54 3
48 37 11
1
81 65 11
0
1
89 63 14
0
0
1
61 51 21
1
63 51 7
1
68 45 23
1
71 51 23
2
68 57 3
75 77 6
2
81 71 21
67 44 23
1
57 44 7
2
31 21 9
59 40 11
0
1
56 42 12
2
75 66 2
92 72 23
0
0
3
98 67 7
97 85 16
63 44 19
2
47 34 2
78 60 12
0
1
70 61 7
1
43 31 21
0
0
1
73 44 6
0
0
0
2
80 76 20
83 76 22
0
1
97 56 3
0
0
2
75 56 2
71 62 7
2
87 69 7
83 68 15
2
71 58 14
78 65 15
1
75 61 15
0
2
102 70 9
43 35 23
0
0
1
74 61 23
0
0
1
81 70 23
2
60 42 11
83 62 19
2
77 59 6
101 65 16
2
45 34 11
81 85 21
1
70 65 0
1
90 73 21
1
74 65 21
2
89 83 6
89 85 17
1
72 55 21
2
54 47 3
96 80 15
2
90 77 0
81 66 19
0
0
0
0
3
63 62 3
82 71 19
81 78 23
1
92 74 7
3
44 42 17
59 47 22
72 61 24
2
82 65 15
76 69 16
2
60 45 17
72 60 20
1
51 43 17
0
0
1
69 63 7
1
96 81 7
0
1
105 76 12
3
100 90 9
73 53 17
92 71 21
0
0
2
79 76 6
52 41 17
2
71 38 11
83 57 17
1
81 65 19
0
0
1
94 75 14
0
0
1
73 49 19
1
79 61 2
5
85 65 3
62 47 6
61 49 8
115 90 15
94 63 18
0
0
1
64 57 23
3
77 66 2
103 100 7
53 37 12
1
95 81 22
2
73 62 5
94 78 18
1
65 52 12
1
87 76 16
2
81 77 3
93 60 24
0
1
55 49 14
0
1
67 54 6
1
76 60 9
1
94 70 23
1
84 81 9
3
86 67 5
115 80 7
88 66 11
2
68 54 6
71 62 11
2
90 57 11
90 85 17
1
89 71 19
1
93 83 4
0
0
0
0
0
2
93 74 11
88 70 12
3
97 96 2
82 67 6
102 106 23
1
90 73 5
1
105 91 23
0
1
95 61 7
3
90 67 11
98 85 21
102 76 23
0
0
0
0
0
4
74 64 5
109 74 8
99 79 17
106 87 21
2
68 61 19
76 62 21
0
1
51 42 17
0
0
0
1
38 31 19
2
80 59 6
95 74 7
0
0
1
78 59 16
0
1
124 80 5
2
93 65 2
97 81 21
2
68 64 16
105 97 17
1
61 49 5
1
101 62 0
0
1
95 75 3
2
107 87 11
67 47 21
0
0
3
70 59 11
64 47 21
82 67 23
1
114 93 17
0
2
71 59 14
102 58 21
1
94 73 8
2
99 98 2
87 74 5
0
1
87 78 19
1
117 103 14
2
113 98 9
69 45 17
2
81 63 11
92 62 20
4
83 64 2
86 67 4
88 74 14
79 50 15
0
1
71 59 19
0
0
0
0
1
90 83 17
1
92 78 14
0
1
94 64 21
1
83 73 17
1
97 78 7
1
136 121 8
2
87 61 11
114 86 23
2
108 82 6
116 95 14
1
84 84 23
1
102 80 20
1
94 67 24
0
0
2
106 83 5
127 122 24
1
78 59 23
0
1
102 79 7
0
1
90 61 23
2
125 105 5
106 73 15
0
1
110 82 6
4
125 108 1
82 58 14
81 56 17
59 62 18
1
85 84 16
0
1
81 66 7
0
2
80 63 6
113 88 14
1
110 90 11
0
0
3
123 100 9
117 79 14
102 79 16
1
83 84 2
0
1
72 55 6
3
100 75 6
95 70 16
91 68 17
1
117 88 16
0
2
86 80 6
106 77 14
0
1
111 98 4
3
100 79 6
101 102 15
112 106 23
1
79 40 5
2
101 57 7
109 82 8
1
80 61 17
0
1
93 49 6
0
0
1
101 74 18
1
112 85 7
0
0
1
133 85 22
2
119 94 0
109 99 19
1
118 100 19
1
81 65 21
4
109 84 8
92 74 19
106 93 20
87 58 21
0
1
68 62 0
0
1
99 81 20
1
132 107 7
0
0
0
0
2
114 92 2
108 80 17
1
126 108 24
3
98 81 3
109 103 13
82 73 17
0
0
2
125 91 7
101 64 9
0
0
0
0
1
93 61 2
1
131 93 5
0
1
110 87 5
3
86 60 3
80 72 16
116 75 23
0
0
1
123 120 14
3
71 59 16
129 109 17
98 90 23
3
118 95 16
142 120 19
86 70 23
2
95 74 6
162 116 21
2
90 63 8
113 81 19
0
2
101 79 8
111 94 19
0
0
1
122 98 23
1
100 71 20
0
0
0
1
133 103 5
0
2
95 85 1
137 104 14
1
119 110 19
3
106 97 0
97 81 2
136 101 21
0
0
1
108 79 9
0
2
143 117 14
102 70 23
0
0
1
107 93 6
1
109 87 2
0
0
1
139 99 2
1
134 105 11
1
127 113 20
1
136 111 14
1
145 117 20
2
104 74 5
106 81 23
2
107 84 14
127 82 21
0
1
118 97 23
0
2
92 76 1
146 127 21
1
162 112 16
0
1
128 121 21
0
2
120 86 7
135 121 11
1
131 82 19
1
141 111 23
1
129 103 20
1
148 88 15
0
1
122 88 22
0
1
116 69 23
1
128 98 16
2
64 52 5
116 104 13
0
3
101 63 3
88 64 8
97 83 17
0
2
172 129 20
102 59 22
1
116 85 14
0
1
64 55 11
0
2
75 57 6
121 98 18
1
80 66 24
0
0
1
123 84 7
2
122 104 2
98 67 22
1
118 75 12
1
147 117 12
1
112 86 11
1
133 87 17
0
3
100 84 11
124 116 14
104 80 16
0
1
159 115 10
0
1
135 119 8
1
124 98 17
1
69 60 13
1
111 91 11
1
113 96 20
0
2
118 104 6
123 112 23
1
163 141 7
1
150 130 3
0
1
109 76 2
1
119 87 19
1
111 99 17
0
0
0
1
57 53 11
2
158 162 9
141 113 21
1
135 101 5
1
82 76 21
0
2
149 103 6
151 138 17
1
84 50 21
0
1
151 107 9
0
0
2
114 90 14
132 117 19
1
118 101 3
1
107 91 7
3
121 113 5
130 105 10
138 114 23
2
158 126 11
120 100 16
2
177 131 14
85 72 20
1
149 123 14
0
0
2
101 97 6
117 104 23
1
134 85 6
2
112 67 15
116 84 22
3
111 83 2
103 60 17
134 133 21
1
115 118 2
2
134 97 4
121 113 8
0
0
2
138 113 9
123 122 16
1
114 99 24
0
0
1
96 80 16
0
1
158 131 6
1
94 80 23
0
2
94 59 11
127 106 16
2
207 153 5
168 136 12
2
99 89 8
135 100 13
1
91 68 21
1
100 74 11
2
183 140 14
152 109 15
0
0
1
135 122 19
1
154 138 6
1
145 98 20
0
1
154 148 6
1
105 79 14
0
2
71 53 6
157 115 11
2
142 130 19
170 122 24
2
159 134 11
93 87 21
0
0
0
2
110 92 2
105 90 5
0
1
114 88 12
1
98 78 14
0
0
1
116 101 24
3
129 96 8
95 70 19
130 85 21
2
131 113 15
164 133 23
0
0
4
101 96 7
175 144 12
175 126 17
134 90 20
1
154 113 6
1
117 93 24
1
148 105 24
1
133 137 10
1
146 132 21
0
2
122 100 6
177 129 20
0
1
136 105 22
0
1
117 87 17
2
193 147 6
161 128 23
0
1
94 79 7
0
0
3
106 83 7
164 105 19
118 94 21
2
108 102 7
140 120 23
1
145 125 6
1
112 110 7
3
122 92 5
113 99 14
101 60 24
0
2
102 85 14
83 61 20
1
146 127 4
3
155 136 5
174 108 6
110 86 14
1
121 113 16
2
104 94 5
129 101 11
1
130 98 4
1
176 143 12
1
110 100 20
1
154 115 6
1
71 49 12
1
158 132 14
2
125 104 7
151 118 19
1
128 89 24
1
148 120 6
0
2
141 135 6
177 158 16
2
116 114 16
158 137 20
2
183 146 15
127 101 24
1
148 130 23
2
150 128 8
153 108 16
1
137 102 5
1
154 126 14
1
182 161 17
0
2
151 94 5
154 112 23
0
1
129 117 2
1
154 133 15
1
142 127 23
0
0
1
122 105 4
3
173 138 7
160 131 12
139 129 21
1
96 98 15
0
0
0
1
107 85 6
2
144 102 19
151 120 24
0
1
178 139 5
0
1
170 124 14
2
153 133 14
186 148 21
1
137 109 7
1
182 155 14
1
106 86 21
0
1
127 88 11
1
194 146 23
0
2
193 146 23
187 151 24
1
119 116 24
1
142 100 6
1
95 78 23
0
1
92 70 4
1
162 112 7
1
151 144 7
2
160 127 3
155 118 16
2
143 95 14
102 107 20
4
152 144 3
131 102 7
122 83 17
130 108 23
1
201 134 6
0
0
1
131 100 4
2
115 112 21
176 145 22
0
0
3
163 125 14
153 148 17
147 130 19
1
139 114 10
0
0
2
155 139 0
121 115 6
1
140 96 21
1
96 74 23
1
142 111 21
0
1
170 137 4
1
101 99 8
0
1
135 102 7
0
0
2
113 108 14
137 117 23
1
125 97 20
1
177 118 7
0
1
172 160 11
1
169 150 6
3
146 121 2
121 121 7
216 208 23
3
201 177 7
119 85 16
115 101 23
0
1
86 63 14
0
0
2
174 112 7
199 186 8
2
180 138 2
167 146 3
1
126 112 17
1
177 124 5
1
162 95 19
3
130 73 9
164 104 14
150 129 21
2
187 111 2
139 107 3
2
102 77 14
103 75 17
1
116 102 2
2
152 125 3
149 103 11
3
150 129 7
152 129 11
140 138 19
1
179 153 17
0
6
115 74 4
164 133 6
148 116 10
163 118 12
149 128 14
92 89 15
3
103 86 5
168 137 16
223 219 23
2
180 128 6
130 127 17
1
164 150 23
2
144 133 6
158 125 17
1
165 118 9
0
0
0
1
115 92 22
0
1
130 108 5
2
193 169 6
171 144 20
1
149 131 19
1
205 182 15
3
176 121 17
148 115 18
149 106 23
0
2
134 98 10
146 108 20
1
177 166 19
0
3
150 108 13
143 113 18
193 179 24
1
114 82 1
2
181 133 7
78 73 11
1
148 119 19
1
169 141 12
0
2
154 149 19
125 114 21
0
1
165 106 7
2
171 134 9
138 103 12
1
128 106 4
0
0
1
132 97 21
1
128 102 7
0
3
128 97 5
148 91 14
112 98 16
1
170 128 23
0
0
2
161 131 14
158 128 19
1
181 172 23
1
180 164 11
1
154 154 3
2
131 111 5
137 117 11
0
1
142 112 6
