1 6 6 7 2 1 5 8 2 7 7 2 4 5 5 6 5 5 5 1 7 6 3 4 2
0
0
1
7 8 7
1
8 7 17
1
7 6 12
1
7 5 16
1
10 8 18
0
0
3
9 8 7
8 6 14
9 8 22
1
7 6 3
0
2
6 5 12
12 10 20
0
0
3
11 6 14
5 4 21
8 6 22
1
14 11 6
0
1
12 12 9
0
1
7 5 16
3
12 11 2
8 6 10
4 3 15
2
9 8 16
12 7 22
1
11 8 1
2
6 5 14
9 9 20
0
0
0
0
2
13 13 4
11 8 5
1
11 9 20
0
2
12 8 19
13 11 20
1
8 7 21
0
0
1
14 12 6
1
11 9 13
0
0
4
15 10 1
18 15 6
12 9 8
11 8 13
2
15 12 3
16 11 20
0
1
12 9 7
0
0
0
1
10 10 3
0
1
11 9 7
2
16 8 13
11 10 19
3
18 16 3
19 16 17
13 10 22
1
17 16 7
1
14 13 5
1
15 10 16
0
1
13 6 21
1
18 17 20
3
15 11 9
18 13 16
13 9 17
0
3
14 15 6
17 14 7
16 10 10
0
1
22 18 15
1
16 16 7
3
13 11 1
17 14 3
17 12 6
3
19 17 9
11 9 10
18 13 24
2
18 15 7
18 18 15
0
3
10 8 8
20 18 10
14 12 20
0
1
18 17 18
1
17 13 22
1
18 14 15
1
24 14 16
1
25 19 3
2
18 15 6
15 13 15
2
20 18 14
19 16 20
4
20 15 1
9 8 3
14 11 4
15 11 13
1
21 9 3
0
3
20 16 3
18 15 18
11 9 20
1
21 17 2
2
16 13 7
16 14 14
0
1
26 16 10
1
20 15 10
0
2
20 13 11
21 18 21
1
24 15 1
0
1
21 18 12
0
1
10 7 3
1
18 13 9
0
0
2
12 11 7
24 16 15
0
1
18 13 20
1
20 15 20
2
24 17 16
21 15 23
1
21 19 6
4
25 20 9
23 18 14
19 12 15
23 18 17
2
26 23 7
36 32 9
2
20 16 7
18 12 16
0
1
19 15 15
1
30 23 13
2
18 12 14
19 14 15
2
19 15 2
19 16 17
1
19 14 6
2
23 15 6
28 27 16
2
23 20 9
24 22 16
0
2
25 17 3
23 15 13
0
1
29 25 3
2
26 23 3
17 11 10
2
27 20 1
25 20 15
0
1
27 19 23
3
32 30 2
19 13 6
23 18 13
0
2
22 17 1
28 26 10
2
29 22 17
15 14 20
0
2
36 34 9
20 16 14
2
32 20 12
29 22 23
1
23 20 3
2
17 13 15
22 15 18
1
23 22 10
0
0
0
2
23 19 2
36 34 22
1
28 20 20
1
32 30 19
0
0
4
32 28 2
31 24 7
39 29 16
24 20 21
2
21 18 9
29 23 10
0
2
24 15 4
15 9 16
2
23 18 15
18 14 18
2
28 22 2
29 26 7
2
22 18 12
30 28 16
1
22 16 16
1
25 17 23
0
0
1
27 20 14
0
2
30 20 10
36 27 20
2
34 28 4
40 27 6
0
1
37 35 1
2
37 27 2
31 24 16
2
37 31 2
40 30 24
1
27 20 16
2
32 27 15
24 17 17
0
1
25 22 1
1
29 21 10
2
36 26 1
26 22 20
2
27 27 9
35 24 15
0
1
20 17 2
0
1
18 22 16
1
27 20 1
1
34 27 15
0
2
26 19 9
28 24 11
2
31 24 6
28 23 14
2
43 26 13
31 22 18
1
32 30 20
1
48 43 23
2
31 21 2
47 36 21
2
34 31 14
33 29 21
3
39 29 2
36 30 16
45 33 18
2
36 32 15
45 36 20
1
31 16 24
2
21 15 1
37 31 10
1
24 20 5
1
44 35 13
1
30 19 13
0
1
42 34 14
1
42 30 15
2
48 33 3
38 28 18
3
37 34 3
35 32 7
30 21 9
0
1
31 18 10
0
1
41 28 1
0
2
35 25 3
38 37 18
2
38 33 16
18 13 23
0
2
33 29 22
41 31 23
1
31 26 10
2
28 20 3
51 42 7
0
3
39 31 9
34 28 17
37 22 22
0
3
51 39 7
32 30 13
31 28 15
0
3
37 29 1
35 30 7
40 36 8
2
37 32 2
45 41 23
0
1
36 28 17
0
1
43 23 16
2
43 30 3
27 21 23
3
37 27 3
37 31 7
42 34 9
0
2
36 24 10
25 26 11
1
38 28 9
3
16 15 9
36 35 10
53 37 18
3
38 29 7
39 32 9
42 26 21
1
38 33 11
1
38 30 20
0
0
1
32 31 21
1
52 41 9
0
0
3
34 26 0
49 45 8
33 29 18
0
4
30 20 6
45 33 12
47 36 13
28 15 16
0
2
34 28 1
41 38 10
1
54 44 2
2
42 42 6
39 21 13
2
32 24 6
37 23 14
0
1
56 42 1
1
34 30 23
1
51 44 15
2
43 26 13
25 20 21
0
2
43 32 6
39 36 20
2
48 35 17
38 36 20
0
1
32 27 13
1
29 24 7
0
0
2
21 15 4
37 22 20
1
58 43 11
1
34 35 2
4
48 40 9
53 43 11
35 29 16
52 45 23
0
1
46 34 20
0
0
1
49 40 2
3
48 38 3
42 31 12
61 42 16
1
48 42 3
1
50 45 16
2
43 32 7
48 41 17
1
56 50 4
2
45 25 7
46 39 14
1
45 23 7
2
40 36 16
34 25 21
0
1
36 35 14
0
2
67 40 16
36 25 20
1
35 26 6
2
44 32 10
47 47 20
1
37 34 0
0
2
47 40 3
51 38 9
0
2
50 39 6
46 41 14
2
36 24 1
48 38 5
1
58 45 15
2
59 42 10
57 53 21
0
2
50 37 9
67 47 15
4
63 55 13
48 41 16
37 34 21
39 28 23
1
25 19 17
0
2
32 28 2
45 41 16
1
60 53 12
2
49 41 9
56 51 17
0
3
43 32 9
62 48 13
43 26 20
2
49 37 2
62 55 7
1
56 51 9
1
59 48 10
2
72 65 7
51 44 10
0
2
65 61 10
48 42 18
1
50 31 20
0
2
55 43 2
39 28 5
0
1
33 29 2
0
1
59 54 9
2
46 31 6
46 34 17
3
72 69 1
62 51 2
44 40 20
1
57 42 1
1
55 47 7
2
51 49 7
53 46 20
1
55 36 7
1
49 32 10
1
56 44 16
3
50 43 10
47 32 21
44 36 24
0
0
1
52 46 11
0
1
57 47 16
2
53 42 9
42 41 20
2
63 50 16
65 47 21
2
55 42 9
50 43 20
1
66 58 3
2
64 49 13
56 49 17
1
65 44 9
1
63 47 18
2
56 42 3
56 47 6
0
0
1
46 37 14
2
60 48 10
68 58 21
1
50 39 11
1
84 66 3
1
50 42 12
0
0
0
1
44 36 20
0
0
1
71 62 9
0
5
38 30 3
64 61 4
56 49 8
49 29 14
51 46 17
2
68 59 16
68 49 22
1
46 35 18
1
49 39 20
1
54 39 1
1
65 48 3
3
60 45 1
60 48 2
54 44 10
2
69 59 15
54 44 21
1
40 32 17
1
63 55 17
0
1
45 32 2
0
3
58 47 2
63 51 13
70 54 15
1
58 57 20
3
73 62 1
48 42 2
51 42 16
2
59 52 2
74 49 3
2
53 45 10
46 31 16
0
2
58 44 3
60 41 18
0
1
61 48 23
2
92 83 1
60 49 13
0
2
100 97 8
47 42 17
1
48 36 18
0
1
89 73 3
0
0
3
71 59 1
56 41 2
54 40 9
0
2
64 49 8
75 62 21
1
47 34 24
0
3
58 38 14
63 48 18
66 60 20
0
1
76 61 14
1
58 39 3
2
69 56 7
92 72 21
0
0
0
1
73 74 8
2
69 55 2
72 58 16
0
0
2
63 48 1
75 64 14
0
2
93 82 9
57 48 16
2
44 43 16
81 58 18
2
75 58 2
59 63 9
0
3
51 42 9
52 47 17
57 46 18
0
1
63 43 21
0
2
70 61 2
72 56 12
0
0
3
61 52 1
76 60 3
63 54 6
2
52 46 2
74 58 23
2
71 60 2
70 62 9
0
1
68 49 21
0
0
3
67 45 3
40 31 16
79 67 20
2
42 31 16
88 66 18
1
66 42 15
1
76 62 12
3
51 28 2
49 48 15
80 54 18
1
74 61 20
3
55 46 10
56 38 20
40 38 24
0
0
1
60 47 14
2
69 40 5
64 46 13
1
64 55 2
0
3
63 49 2
77 63 3
66 54 4
1
64 53 23
0
0
0
4
80 67 6
68 55 7
74 51 10
76 68 24
2
78 65 2
70 59 17
1
66 49 20
1
74 47 10
0
1
73 57 17
1
74 58 9
0
1
73 44 16
4
79 63 1
71 53 7
64 48 18
79 67 21
1
85 76 15
0
1
65 32 22
0
2
66 54 9
84 75 20
2
72 66 2
63 53 9
2
61 40 9
74 69 22
1
51 38 3
2
76 52 0
60 50 23
2
85 50 21
64 40 22
0
2
87 64 3
77 49 24
1
68 64 22
3
89 56 13
81 71 15
76 71 20
1
67 53 17
4
30 21 3
63 52 9
58 47 12
66 56 20
1
71 56 16
1
76 67 9
0
0
0
2
85 52 2
53 46 14
2
84 70 1
70 47 20
0
1
63 54 10
2
62 48 1
106 89 21
0
1
72 61 5
2
80 71 8
73 46 17
0
3
118 99 14
58 48 15
86 56 21
2
83 76 6
79 68 10
2
99 83 9
54 44 21
4
74 53 10
70 60 17
91 71 18
59 51 20
0
3
100 83 16
65 47 17
81 66 20
1
86 71 3
3
92 73 6
93 88 7
72 68 19
1
98 71 10
2
83 69 1
34 23 17
1
57 41 5
1
80 57 2
0
3
96 73 13
100 92 20
84 68 21
2
102 88 3
74 68 15
1
61 55 9
0
0
0
3
68 45 2
77 45 3
81 83 23
3
54 50 13
105 66 20
102 75 21
4
92 70 3
87 64 9
76 63 16
104 82 20
1
89 70 11
0
2
91 78 3
90 83 15
3
53 46 1
77 74 7
82 76 20
2
98 71 2
100 72 20
1
67 50 2
1
80 66 2
1
94 83 14
2
92 75 2
70 58 12
1
76 71 10
2
61 59 6
73 57 16
1
58 45 2
0
1
84 59 3
3
100 70 3
77 47 15
59 45 23
2
91 81 10
86 86 20
0
1
90 66 2
2
88 59 11
58 48 20
0
1
92 60 18
2
66 58 3
101 94 24
1
111 85 23
2
108 94 0
83 60 2
0
0
1
88 79 23
1
103 79 24
0
0
1
94 59 1
3
94 71 2
106 85 3
115 110 6
1
96 68 1
3
100 80 7
82 67 16
82 60 21
0
2
82 68 7
90 68 9
1
104 76 16
0
3
111 77 9
92 79 15
99 70 16
3
75 53 6
44 37 22
114 85 23
1
55 39 20
2
68 55 6
93 72 8
2
87 79 3
96 77 15
1
81 59 8
1
85 82 21
1
94 87 6
2
61 40 12
87 67 24
0
1
86 63 10
3
69 48 2
69 50 14
77 42 20
2
78 60 16
89 54 17
1
92 67 9
2
109 90 2
90 81 14
1
89 70 6
2
99 94 20
72 61 24
0
1
85 70 21
0
0
1
82 59 11
2
87 63 10
103 75 14
3
98 74 7
98 80 17
82 66 23
0
2
87 68 1
96 81 20
4
124 95 1
69 63 7
105 100 13
79 57 16
0
0
1
113 97 1
2
71 62 0
135 119 6
1
106 90 20
0
1
102 88 2
2
97 74 1
107 79 2
0
0
0
4
108 93 1
84 83 7
112 88 10
55 36 16
0
2
90 70 3
85 86 18
1
105 77 5
1
78 68 14
1
103 72 20
1
91 78 4
1
59 52 7
2
96 101 2
80 63 22
2
123 89 5
105 78 9
1
64 45 3
0
2
92 67 16
106 79 21
2
76 45 0
87 66 20
2
75 51 20
91 60 23
1
119 110 19
1
116 87 16
3
95 65 1
110 72 2
96 77 6
1
83 63 3
2
92 73 8
111 88 15
1
130 88 4
4
85 49 2
120 96 13
104 87 20
108 71 21
1
112 98 12
1
58 42 17
3
88 67 9
80 62 16
109 91 18
0
3
119 86 3
86 58 15
98 73 17
0
0
1
90 79 16
3
87 80 2
103 86 7
94 60 15
2
95 64 8
111 83 10
0
0
2
92 62 3
119 91 15
0
0
2
114 91 15
76 68 24
2
42 29 2
80 56 21
0
0
1
127 93 7
2
103 64 1
48 42 15
1
93 67 7
3
122 108 6
110 104 7
95 76 13
1
65 60 7
4
95 74 4
85 65 8
103 69 9
97 85 22
1
122 103 24
1
82 63 23
1
90 85 10
1
126 117 7
1
87 69 9
1
117 107 2
2
83 63 6
106 86 15
1
127 115 12
1
111 95 21
1
131 103 7
1
124 83 21
2
108 78 15
115 100 17
1
103 90 14
0
0
0
1
108 63 3
0
1
104 86 23
0
1
122 85 24
0
4
100 81 4
111 91 6
132 80 7
142 103 15
3
95 50 1
102 73 14
87 72 17
0
0
3
112 83 2
116 85 12
118 73 14
1
111 80 1
0
1
114 83 7
0
1
104 70 8
1
98 75 15
1
110 69 2
0
0
1
111 92 20
3
103 81 18
99 75 20
62 45 22
1
118 105 10
2
112 94 9
113 76 11
0
1
109 94 11
0
3
115 80 7
83 58 15
103 81 17
2
151 109 14
120 100 20
1
129 103 14
1
116 82 1
0
1
122 94 11
0
0
0
0
0
1
103 71 18
2
110 99 0
81 60 20
1
101 74 19
0
2
125 116 15
92 68 20
2
115 101 14
91 73 17
0
1
84 53 9
2
67 50 0
142 127 17
2
88 68 12
129 114 13
0
1
136 110 13
0
1
77 53 21
0
4
88 70 1
154 131 10
95 75 12
84 75 17
1
110 115 3
2
74 76 2
102 95 16
2
112 109 7
73 50 22
0
1
96 88 5
0
0
2
89 55 3
110 79 21
0
0
0
5
88 100 5
124 100 7
92 56 12
88 90 18
82 76 20
2
105 110 3
74 55 7
2
127 106 9
136 102 23
0
2
122 93 15
118 92 22
0
1
90 71 10
0
3
89 65 7
140 98 10
112 88 24
0
1
114 93 3
1
108 91 13
1
138 112 15
2
97 60 18
132 110 21
1
106 74 6
0
0
0
0
3
76 58 0
67 63 20
112 96 23
0
1
115 82 7
1
105 96 0
2
70 43 3
55 42 14
0
0
3
68 61 10
110 84 15
130 111 16
1
98 66 3
2
123 93 2
134 87 6
1
153 149 18
0
2
160 110 2
127 118 9
0
1
121 73 16
0
0
3
65 49 0
128 114 9
136 121 16
0
0
1
72 55 1
1
115 103 1
1
88 77 6
1
156 109 3
2
161 112 6
151 136 15
1
109 74 9
2
90 87 18
128 99 20
2
103 84 5
124 98 24
0
1
98 83 15
2
117 102 0
98 74 5
2
110 73 7
151 98 9
4
155 135 5
96 83 13
150 117 14
145 105 21
1
113 84 16
3
135 85 7
143 110 15
113 105 23
2
130 115 10
124 99 20
1
138 122 14
0
1
170 124 23
1
137 124 3
1
131 126 21
2
134 106 10
91 87 23
1
85 60 0
1
88 70 6
2
137 118 21
98 85 24
1
144 94 16
1
146 134 21
0
0
0
4
163 149 3
155 142 14
74 65 18
100 71 20
1
131 90 1
3
115 74 2
71 68 10
151 111 16
0
2
111 95 10
108 79 18
1
133 104 10
1
144 113 4
0
2
111 98 3
83 72 8
2
178 151 1
132 78 3
0
0
0
2
88 71 9
91 68 18
1
140 135 2
2
108 90 16
65 45 24
0
1
87 79 23
1
102 85 7
1
73 64 20
0
1
142 146 21
1
101 80 17
1
150 102 3
1
137 100 10
0
3
124 102 3
105 84 7
123 110 9
1
137 109 9
0
1
114 82 17
2
129 96 6
121 108 20
0
0
4
116 86 9
105 80 10
121 86 14
104 79 17
0
1
118 98 3
3
104 90 9
112 98 10
139 117 14
2
115 90 11
87 76 21
0
1
103 69 10
0
1
120 86 11
0
2
107 99 2
138 130 3
2
118 71 8
159 135 21
0
1
92 63 14
1
115 104 14
0
0
2
107 80 1
142 121 11
0
1
102 43 17
1
126 111 20
1
136 102 21
1
176 137 16
0
2
162 155 9
153 136 20
0
1
167 146 9
0
1
165 135 3
1
140 136 0
0
3
108 115 6
129 105 14
117 85 23
1
138 121 18
0
2
114 105 10
164 130 12
0
2
123 104 1
105 79 7
2
126 95 7
119 103 10
0
1
172 125 7
0
2
104 70 22
108 97 23
1
136 114 21
0
3
157 147 6
107 83 8
107 90 22
2
116 79 9
91 72 10
1
106 103 22
1
68 46 9
3
160 141 6
155 114 15
156 135 20
0
1
136 108 7
0
1
87 68 13
0
4
138 120 1
71 51 7
114 79 15
179 133 16
2
137 107 7
148 106 10
3
156 122 14
142 105 20
108 95 22
1
158 148 21
2
178 154 12
137 89 16
0
1
108 83 3
0
1
132 100 10
0
0
1
128 93 1
1
191 167 1
0
1
148 127 14
0
0
1
128 90 18
2
132 120 9
125 92 14
0
2
178 129 16
164 95 21
0
0
0
2
141 111 11
146 113 15
4
140 105 7
93 66 12
173 153 13
112 103 17
0
0
1
125 114 17
3
193 151 7
92 72 10
130 117 21
0
1
164 155 15
3
193 175 1
84 64 7
181 129 23
2
143 112 13
144 116 18
2
116 80 20
149 134 21
2
144 131 1
78 56 3
1
142 121 16
0
1
108 92 9
1
150 109 18
1
83 69 8
0
3
172 159 3
115 92 6
119 95 7
2
120 51 12
123 124 13
3
131 139 2
154 130 17
152 125 21
0
2
191 152 7
122 112 16
4
93 75 1
130 94 2
101 70 3
111 87 15
1
158 131 16
1
125 106 0
0
2
170 161 17
139 127 21
4
84 79 6
160 146 15
141 104 20
107 80 22
2
123 91 2
189 193 15
0
2
127 90 2
140 97 23
0
0
1
134 97 2
1
140 116 18
0
1
95 75 3
2
96 74 1
148 112 16
2
98 63 2
181 130 9
1
161 134 10
2
161 117 21
142 109 23
0
1
145 109 1
0
0
1
136 112 8
3
168 124 3
134 137 14
120 98 22
0
0
2
110 80 8
110 94 15
0
0
0
0
1
133 113 6
1
135 114 10
1
131 116 18
3
144 123 1
171 131 20
163 140 22
1
202 192 23
3
160 135 7
163 147 8
148 103 21
1
117 97 7
1
184 150 23
1
119 86 14
2
109 112 9
146 105 20
4
105 76 2
196 137 15
139 131 18
109 91 21
1
158 132 7
0
0
1
145 108 15
1
132 115 12
0
2
92 80 6
129 104 7
0
1
120 69 3
0
3
169 131 7
135 128 8
126 89 21
2
184 150 7
162 102 20
0
1
154 117 17
2
95 80 3
139 111 18
2
177 158 9
160 94 22
1
183 133 10
2
177 127 2
137 92 14
3
148 99 3
106 110 10
162 127 21
2
107 84 1
151 109 13
1
67 53 16
1
71 60 3
0
1
195 145 1
2
131 90 14
180 157 18
2
171 133 2
169 135 4
1
192 165 7
2
187 114 15
124 99 20
0
0
1
175 130 6
1
149 107 9
0
2
114 91 7
98 105 11
0
1
152 117 20
2
146 127 14
159 118 22
2
125 108 7
165 160 16
0
0
0
0
2
141 118 1
120 113 7
1
185 126 17
1
91 87 1
1
157 154 10
0
1
124 105 20
2
175 141 9
191 142 15
1
196 155 16
0
3
152 124 15
110 89 16
188 142 20
1
146 134 21
0
0
1
122 96 1
1
165 135 20
0
0
0
2
115 86 14
153 115 16
1
151 85 23
1
151 141 7
