4 8 8 7 4 3 8 5 2 7 3 3 2 2 5 8 3 5 4 3 1 5 8 4 6
1
8 5 9
2
6 4 15
9 7 24
2
12 11 15
8 7 22
0
0
0
2
7 6 12
5 3 24
2
7 6 0
7 5 9
2
8 6 9
5 4 23
0
1
8 6 1
2
10 8 1
9 7 12
0
1
9 5 1
1
8 6 14
3
11 10 1
11 8 10
12 10 15
1
9 8 24
1
11 9 8
3
14 12 6
8 7 10
11 9 13
4
7 6 1
13 11 14
14 12 18
13 8 21
1
7 6 3
2
11 10 18
12 9 21
2
7 5 9
14 10 15
2
10 8 13
7 6 19
0
0
1
10 8 22
3
9 8 5
11 9 6
14 12 17
0
2
13 9 1
9 7 24
1
11 8 10
2
11 7 3
13 11 24
1
11 9 18
2
11 8 1
12 11 17
0
0
0
0
0
0
1
13 12 4
2
11 8 7
21 15 18
0
3
10 8 12
15 12 18
12 9 22
4
13 9 0
13 11 12
13 11 21
14 11 22
1
16 13 23
1
12 7 4
0
2
14 13 2
14 11 22
3
16 14 0
11 9 5
16 16 15
0
4
20 12 5
16 11 6
12 9 17
19 16 22
2
17 14 6
21 16 15
1
12 11 18
0
2
17 14 1
18 13 15
1
17 14 22
0
0
2
20 13 1
15 12 7
1
21 19 22
1
19 18 3
2
13 12 2
11 7 16
0
0
0
0
3
18 15 3
14 10 15
18 17 17
0
1
15 13 4
0
1
18 16 0
1
22 17 6
2
27 22 2
17 13 15
2
13 9 0
16 14 16
2
24 17 2
19 14 18
1
15 14 21
2
20 16 15
19 15 22
0
3
22 15 2
16 14 16
13 9 22
0
1
26 19 8
2
19 15 18
24 23 19
0
0
2
13 11 20
21 12 22
0
2
19 16 1
20 18 24
0
1
18 14 6
2
19 16 1
27 19 7
3
16 11 6
15 13 13
23 18 21
3
17 11 6
18 13 9
14 11 13
0
2
16 14 4
22 14 9
0
2
7 7 2
24 21 22
2
18 16 18
22 14 21
4
18 13 6
18 14 8
22 15 14
14 12 24
2
24 19 22
20 17 23
1
19 20 4
1
20 14 24
1
22 14 6
2
28 26 1
21 13 6
2
13 10 1
15 11 24
2
24 20 1
15 13 6
2
29 26 0
28 24 21
1
24 22 5
1
21 18 15
1
27 22 17
1
27 23 22
1
25 16 24
1
16 16 9
1
24 23 3
0
0
0
1
22 18 3
2
17 13 2
19 16 6
2
25 21 0
12 10 17
3
27 25 6
28 28 14
24 21 22
2
30 31 0
36 31 14
2
19 20 3
21 17 22
1
21 18 10
2
17 17 2
30 27 6
1
21 16 17
1
22 22 11
0
0
3
36 19 0
21 16 7
34 28 16
1
38 29 14
0
2
30 19 4
32 25 17
1
23 24 3
1
22 18 22
0
0
1
34 27 20
1
18 11 15
0
0
1
30 23 6
2
33 25 1
21 15 21
1
37 30 0
0
1
25 18 9
2
26 22 3
31 29 18
0
2
35 28 0
29 21 6
2
28 24 3
31 31 5
0
0
0
2
26 15 2
31 19 23
2
37 32 15
13 13 17
2
41 40 9
34 26 24
0
2
27 24 17
31 28 18
3
31 26 1
24 18 6
32 27 21
1
39 28 15
0
0
1
33 33 24
1
39 27 15
0
1
23 17 6
0
2
33 27 9
40 30 24
3
35 28 4
33 31 14
31 29 18
3
30 20 3
31 29 9
21 18 14
3
29 22 2
33 32 17
38 29 22
1
38 28 10
3
23 22 5
31 25 6
31 23 15
3
25 16 1
31 18 9
34 29 22
1
31 24 22
2
48 39 2
24 17 16
2
33 27 1
35 29 6
1
38 28 7
3
37 28 0
39 29 14
37 35 21
1
39 30 18
3
34 28 3
34 27 17
31 22 22
1
37 33 19
1
44 37 24
1
32 16 24
0
0
0
1
42 38 17
0
0
1
42 26 0
2
40 32 4
27 20 18
2
40 25 1
25 21 14
3
47 41 1
47 36 3
42 40 22
1
26 22 5
1
22 22 5
0
3
42 28 1
34 19 2
47 32 15
1
35 30 5
1
33 28 2
1
39 33 24
2
35 31 2
42 32 21
2
35 32 6
38 31 18
2
36 29 11
63 59 23
2
47 41 1
46 41 22
0
1
46 43 20
0
1
33 23 21
1
15 11 4
1
40 22 2
4
25 22 10
50 39 15
31 20 16
44 30 22
0
2
37 22 6
35 19 23
1
37 24 7
2
39 24 7
33 22 14
3
36 26 1
34 25 8
49 41 19
0
1
34 26 21
0
3
35 31 0
25 21 22
41 29 24
0
2
53 45 10
35 27 17
1
33 24 5
2
36 24 6
39 29 15
1
44 34 2
2
40 31 4
42 40 11
0
0
0
1
29 24 0
1
51 34 8
2
43 36 1
37 28 23
0
2
37 24 6
35 26 15
1
55 42 19
0
0
1
39 28 24
3
48 35 2
42 30 19
54 40 24
0
2
40 36 3
28 28 16
1
45 37 3
1
53 33 6
0
2
54 46 9
46 34 13
1
38 31 1
2
41 32 2
34 22 5
3
54 47 3
48 43 7
23 16 24
0
0
3
43 34 6
50 34 9
55 41 24
0
0
2
28 21 10
44 34 16
1
50 31 9
1
50 41 23
0
2
43 43 7
42 28 22
2
48 39 9
46 29 22
1
46 29 18
0
2
53 42 17
56 48 23
1
54 44 9
1
47 26 6
2
46 38 4
36 25 12
0
0
0
1
70 60 18
1
56 35 7
1
51 46 15
0
3
52 51 2
29 23 11
53 35 24
0
0
3
54 42 0
49 35 16
47 42 21
1
72 55 9
0
0
3
44 33 6
38 28 11
47 40 15
2
50 36 10
45 30 23
0
2
47 39 1
65 57 7
1
44 37 0
1
74 68 0
0
2
46 38 3
51 44 24
0
0
0
4
55 43 3
49 40 7
55 52 9
55 42 22
0
1
47 30 6
0
3
55 46 0
61 50 4
43 52 10
1
29 26 8
2
41 39 18
57 45 22
0
1
44 44 22
0
1
52 45 9
2
60 44 1
51 47 10
2
48 33 3
41 31 6
0
1
59 49 24
0
0
1
57 48 22
1
45 32 8
1
47 38 1
1
53 37 1
2
70 60 1
44 42 3
2
64 45 2
42 33 15
4
75 58 0
69 54 4
43 35 9
75 67 22
1
42 39 11
1
59 45 6
2
36 22 19
58 43 22
1
41 31 15
2
69 49 9
37 28 18
0
2
45 38 2
60 51 4
1
83 55 2
1
67 66 21
4
65 61 10
53 37 17
79 71 23
37 31 24
2
48 41 2
50 31 14
1
70 64 19
3
56 42 0
48 37 10
80 55 17
1
45 37 22
0
2
75 66 3
63 52 22
1
55 42 22
0
1
56 44 3
0
2
71 59 0
61 53 10
1
60 51 4
2
60 58 6
45 31 21
1
69 62 1
2
69 54 7
42 40 15
1
56 42 4
0
3
49 37 0
61 48 5
78 56 7
0
2
56 45 12
33 29 19
0
2
72 63 15
57 43 23
3
65 51 7
59 44 9
69 49 17
2
65 56 2
72 56 16
0
1
67 57 9
0
1
50 36 7
1
36 27 8
1
72 50 2
4
53 44 3
83 66 6
55 46 15
51 37 24
1
51 43 15
3
51 39 7
51 46 9
62 54 11
0
3
66 64 11
41 29 22
33 29 24
0
1
75 66 22
1
67 61 24
1
55 50 14
0
1
71 53 3
0
0
0
0
2
77 65 7
81 66 11
2
49 40 6
68 48 24
1
71 61 7
0
1
77 60 5
1
69 61 2
0
0
2
33 28 21
60 52 23
1
81 69 9
1
48 46 7
3
77 72 2
75 62 9
60 54 12
2
65 51 7
58 45 8
0
0
1
43 29 2
0
0
2
78 55 6
68 58 10
1
71 50 24
2
64 58 21
95 84 24
0
1
54 50 22
0
1
90 77 6
1
60 44 18
3
88 67 2
64 50 6
68 46 9
2
70 60 5
59 45 7
1
97 86 15
0
1
72 59 1
2
48 33 3
100 76 15
2
55 47 2
57 40 5
3
81 68 2
75 63 6
59 40 24
0
1
80 64 3
2
76 63 6
89 91 16
1
64 49 11
1
71 55 4
1
67 57 2
1
67 60 3
3
56 36 12
82 66 14
66 51 23
2
62 46 18
73 48 22
2
63 61 3
52 42 14
1
66 47 5
1
48 31 13
2
78 59 6
87 49 15
2
70 51 5
65 47 7
3
88 85 3
65 50 16
75 61 21
4
45 40 14
80 65 15
65 54 21
75 72 24
1
75 55 24
1
52 43 24
1
62 45 1
1
90 91 23
3
78 70 0
62 54 1
96 77 21
1
105 90 10
0
1
69 56 21
1
39 31 18
0
2
78 46 5
56 40 6
0
2
93 75 3
54 41 13
0
1
51 46 20
1
76 75 9
1
62 50 7
0
3
108 84 3
80 53 6
86 81 21
1
71 46 1
2
64 51 1
68 46 2
2
44 49 7
64 57 18
0
1
74 57 1
0
3
87 75 1
78 74 9
91 79 15
1
84 66 18
0
2
44 36 4
70 54 22
2
63 49 9
75 58 18
2
72 52 10
79 77 17
0
0
1
94 74 7
1
54 38 15
1
95 81 2
1
71 51 6
4
65 53 1
63 43 5
96 69 15
79 55 17
3
76 55 6
70 53 16
94 73 21
0
4
75 48 2
68 61 3
85 70 5
63 38 21
1
88 72 16
1
89 65 14
1
88 77 15
1
80 72 6
1
91 70 5
0
3
95 63 6
65 46 14
74 70 23
2
102 76 7
61 55 18
1
64 53 6
0
3
100 72 9
82 73 15
82 59 24
0
1
64 42 7
1
78 74 14
2
116 121 11
89 78 17
0
0
0
0
0
2
55 49 0
89 79 23
1
87 80 10
2
84 56 21
104 77 22
3
86 59 6
81 64 15
75 55 16
2
93 83 14
93 74 19
2
71 50 0
87 70 6
0
3
85 53 5
63 65 7
65 64 23
1
77 59 1
1
83 60 2
1
97 93 0
0
1
62 44 15
2
70 58 1
103 84 9
1
87 70 24
0
0
1
82 60 21
1
37 26 18
3
78 66 1
93 73 7
66 49 24
1
81 58 4
4
92 80 1
74 59 2
76 62 8
105 88 21
0
3
111 94 2
69 45 20
80 62 21
0
2
88 70 17
96 77 18
0
1
89 68 1
0
1
84 76 6
1
92 93 14
1
80 60 12
0
1
47 34 16
2
83 62 8
71 57 12
3
78 62 7
86 69 9
80 69 21
0
3
86 69 3
81 79 6
111 81 15
1
77 58 7
1
88 67 13
0
1
122 86 15
3
84 72 1
94 72 15
55 50 17
0
2
79 59 13
73 50 15
3
86 63 2
69 59 3
82 69 11
2
94 87 1
105 101 7
0
0
1
78 62 5
2
72 70 1
58 43 2
3
110 90 6
77 69 16
97 78 23
1
91 83 2
1
118 90 0
2
122 108 2
44 33 21
0
0
1
96 88 21
1
96 73 4
1
97 68 10
0
0
0
1
82 69 3
1
91 91 16
3
92 72 4
127 112 15
92 68 20
1
104 87 24
0
1
99 87 7
0
1
49 34 7
3
67 39 7
80 66 17
76 55 24
0
2
113 101 9
48 36 18
2
72 52 3
95 68 19
0
1
102 78 16
2
100 76 11
102 79 17
2
96 69 4
92 80 24
1
115 96 22
1
109 81 23
1
106 81 12
2
67 50 9
99 69 14
0
0
1
113 80 7
0
1
103 80 7
1
111 100 18
1
106 70 18
0
1
103 74 10
0
0
3
131 123 1
86 71 21
96 80 24
0
2
92 76 21
91 65 24
3
123 108 6
115 100 22
86 75 24
1
86 70 7
1
113 93 2
1
69 61 22
2
102 64 15
120 99 24
1
99 83 22
0
2
73 51 9
89 76 11
1
108 89 2
0
0
1
77 66 7
3
125 102 15
105 76 19
101 68 22
0
1
65 54 9
2
112 79 10
115 86 14
0
1
95 70 9
0
0
1
112 80 10
3
68 60 1
70 62 17
77 53 18
0
4
99 87 1
77 61 15
118 98 21
79 50 24
0
0
0
1
140 111 6
1
79 57 7
1
95 79 3
3
132 77 2
101 88 3
85 59 12
1
114 89 21
2
103 111 13
93 87 14
1
76 58 3
2
106 65 21
86 66 23
1
42 30 21
1
88 85 8
2
107 82 4
97 71 16
1
84 50 19
2
103 86 14
107 68 15
1
134 120 22
1
109 77 8
0
0
1
107 68 7
2
97 96 14
88 74 22
3
81 79 7
107 74 11
124 112 18
1
106 83 22
2
91 76 19
128 101 22
0
1
142 115 1
0
0
3
128 89 8
100 72 15
98 90 21
1
81 59 22
3
107 92 6
112 98 12
88 84 13
3
92 78 17
115 91 20
120 93 22
1
59 47 14
1
109 93 2
1
104 76 17
1
110 90 9
1
112 94 15
1
132 105 2
0
1
107 80 5
3
87 61 2
58 43 9
131 111 21
2
73 61 15
130 104 23
0
2
108 106 14
125 79 22
0
2
82 63 6
87 64 21
1
143 114 2
0
0
2
106 95 18
71 58 22
2
111 104 3
113 98 17
0
1
131 123 15
0
0
0
0
0
1
105 79 24
2
129 92 6
128 97 22
2
136 113 1
68 57 9
2
105 77 2
104 77 3
0
0
2
106 91 3
53 49 8
0
1
91 58 2
0
1
112 109 0
0
1
101 87 1
1
129 90 15
0
1
106 70 21
2
85 68 12
122 110 21
0
2
101 77 3
136 124 15
1
86 59 6
0
1
163 156 10
0
1
123 111 14
1
83 54 19
0
1
86 71 16
1
111 75 1
1
105 95 22
2
70 61 18
80 72 19
1
145 112 24
0
2
130 91 0
90 62 6
1
96 63 9
2
164 106 4
107 87 16
1
133 106 22
1
115 76 3
0
2
93 75 1
156 125 11
0
3
102 81 4
113 89 6
113 96 24
1
121 79 15
0
1
126 103 18
1
143 142 14
2
134 114 1
95 81 3
2
103 64 7
105 92 15
2
96 64 0
100 72 15
0
2
133 123 15
136 91 17
2
134 88 1
90 88 16
1
152 132 2
2
92 76 6
120 97 22
1
96 74 15
0
3
99 80 5
100 73 15
140 93 22
0
0
1
119 86 21
4
140 108 1
146 119 2
99 90 7
138 120 22
1
83 61 3
1
163 129 21
1
69 62 6
1
115 111 0
1
140 107 14
1
101 71 3
3
112 101 2
114 95 12
67 57 19
2
123 124 3
94 65 8
2
115 99 5
168 153 6
1
112 87 22
1
106 93 15
2
151 119 2
143 118 7
2
105 100 6
116 99 13
2
173 132 14
105 66 22
0
1
104 52 6
1
125 95 23
1
117 111 22
0
1
121 97 24
3
121 90 12
130 118 15
97 57 22
0
0
0
0
1
125 79 16
0
1
136 114 10
0
1
112 77 6
2
104 57 6
141 128 21
3
108 76 1
108 78 14
102 92 23
2
124 100 8
105 89 17
0
1
99 74 1
3
114 95 7
99 59 14
86 73 17
0
0
0
4
135 81 3
112 107 6
104 87 9
135 77 22
0
0
1
160 127 22
3
87 62 0
100 81 5
104 72 9
2
102 101 0
125 89 6
1
135 93 14
2
62 49 1
131 132 6
1
136 99 3
0
1
103 79 6
2
150 124 1
145 103 14
3
129 125 0
118 89 1
124 108 6
1
157 137 6
1
73 44 22
1
137 91 3
3
143 105 1
105 82 9
143 102 19
1
94 79 8
0
0
0
1
145 112 16
2
93 74 17
34 27 22
2
108 92 9
82 68 19
1
128 95 6
0
1
91 67 9
3
127 89 7
131 102 13
140 107 23
1
107 73 11
1
129 106 15
1
135 113 8
2
150 116 5
100 83 9
0
1
103 75 13
2
117 96 14
133 101 23
1
93 80 1
2
106 82 3
116 71 9
1
140 121 19
2
137 119 0
107 76 21
2
124 79 1
90 78 3
1
100 88 2
1
110 82 22
1
118 83 1
0
1
141 130 18
3
105 86 1
142 125 2
120 86 6
3
144 129 2
131 83 9
95 80 14
1
163 154 22
2
108 88 7
143 125 21
0
0
0
1
84 71 22
1
125 93 11
4
96 71 5
119 101 11
98 88 16
130 129 21
0
1
165 121 3
0
1
175 124 9
1
123 98 5
2
155 139 17
150 96 18
1
174 154 0
1
114 93 9
1
128 101 22
1
142 116 24
1
144 121 6
1
180 161 2
2
167 144 1
111 89 9
1
135 94 3
2
126 121 12
139 147 20
1
113 83 2
2
116 77 3
147 115 22
1
118 116 19
2
160 133 15
80 60 23
0
1
96 86 8
1
182 148 21
1
163 128 15
0
1
121 97 22
2
155 132 17
184 155 22
2
168 112 14
125 100 16
0
1
124 94 6
1
181 125 22
0
1
116 85 17
0
2
145 115 9
109 89 18
0
2
120 97 3
96 79 21
1
186 166 22
1
184 179 14
2
106 76 1
129 123 7
1
104 80 2
0
1
118 112 3
2
126 110 17
74 57 21
2
75 53 6
180 134 15
0
0
0
2
147 102 6
171 116 9
1
124 116 8
2
143 152 2
76 51 18
1
119 86 2
1
167 112 22
1
177 128 1
0
3
144 99 13
165 149 14
174 159 22
0
1
99 74 22
1
159 108 12
2
137 88 22
96 77 23
0
0
3
129 106 6
128 90 9
159 123 23
0
0
2
147 95 5
186 137 6
1
179 123 23
0
2
169 128 21
149 126 22
0
0
1
111 76 8
1
168 98 0
2
123 109 3
110 79 5
0
0
0
0
1
163 104 1
0
1
134 119 14
1
127 96 0
0
2
115 101 0
119 116 1
1
133 124 4
0
0
1
196 168 18
2
144 122 1
170 123 2
2
145 140 15
114 101 23
0
1
151 110 6
2
153 109 18
172 146 19
0
2
98 76 9
184 186 23
2
94 73 1
176 150 2
3
118 100 1
136 91 2
149 100 7
2
157 116 6
112 84 17
0
2
189 158 3
100 66 7
2
154 144 15
95 70 18
2
137 129 1
136 91 7
1
181 166 2
2
140 117 3
143 109 16
1
156 140 1
1
176 144 4
2
95 72 3
128 100 18
1
144 128 6
1
144 108 20
1
107 81 17
1
135 83 18
1
143 103 1
0
1
169 128 16
1
146 118 7
2
60 49 6
182 154 16
0
0
2
159 117 1
106 82 10
0
2
67 53 10
161 117 16
0
1
169 144 7
1
174 106 21
1
139 90 17
2
52 51 18
149 115 19
1
144 111 21
1
169 140 15
1
172 127 15
0
0
2
192 159 12
133 147 15
2
169 149 0
131 82 16
0
4
148 130 2
150 130 10
180 141 16
150 114 22
0
0
1
148 93 2
0
2
170 128 5
74 54 22
2
103 96 2
122 97 4
0
0
1
146 113 2
1
95 75 3
1
178 148 4
1
158 155 1
2
192 178 9
142 124 18
2
163 133 6
155 115 14
1
125 81 16
2
101 81 1
145 134 9
0
1
158 135 7
0
3
163 150 6
149 117 11
129 112 15
1
147 112 11
0
3
128 81 0
159 133 1
134 119 15
1
192 142 2
1
138 97 15
0
0
4
112 99 2
98 70 5
123 107 6
146 108 15
0
2
153 133 16
123 87 17
4
157 105 7
133 127 10
164 117 14
129 115 15
2
161 147 7
150 98 19
2
134 104 6
121 75 15
0
0
1
164 127 23
0
0
1
182 168 2
1
141 122 11
2
196 155 2
129 113 14
0
0
2
168 115 1
178 117 15
0
2
158 106 7
154 108 21
0
0
3
205 177 0
173 144 15
110 78 22
1
201 135 22
2
120 92 2
150 118 14
