7 6 4 4 2 5 5 4 5 3 2 5 7 5 2 7 1 2 8 2 2 2 5 5 6
1
6 4 11
0
1
8 7 12
1
6 5 23
0
2
9 6 23
8 8 24
1
8 6 21
1
9 6 2
2
7 5 8
10 5 18
0
1
9 7 15
1
7 4 14
0
1
11 9 6
0
0
1
8 5 7
0
1
7 5 5
2
9 8 15
12 9 22
1
12 11 0
1
7 6 2
1
13 9 1
1
5 4 5
1
8 5 0
0
2
5 5 5
12 7 22
1
8 7 22
0
0
2
12 9 5
9 7 22
1
11 8 0
1
14 12 23
1
15 10 18
1
11 8 18
1
9 8 22
1
12 10 6
0
3
13 11 3
13 8 13
14 14 24
3
10 7 1
14 11 13
15 11 19
1
11 10 6
1
16 12 15
0
1
15 10 1
0
1
12 10 15
2
11 10 0
8 5 7
0
3
18 14 12
17 13 17
12 10 23
2
13 10 0
15 12 23
3
16 13 12
17 12 13
11 8 23
2
21 15 7
13 11 14
2
16 14 15
11 9 20
0
0
1
12 11 23
0
1
17 14 12
0
1
14 11 4
1
20 16 12
1
17 14 0
1
12 10 12
2
13 7 5
20 14 19
1
15 15 2
1
17 12 13
1
15 10 18
1
18 12 24
1
24 20 3
4
19 15 4
17 12 6
18 14 11
17 14 18
1
15 11 12
1
12 8 7
1
21 17 2
2
21 15 10
14 13 17
0
1
21 18 3
1
19 17 6
1
16 9 0
0
3
16 12 1
18 15 12
18 15 18
0
0
1
22 15 5
1
22 17 8
2
17 12 9
11 8 17
1
21 15 23
1
19 13 2
0
1
19 14 9
3
18 13 0
23 16 3
21 19 7
0
1
23 19 13
1
21 14 18
3
18 11 0
19 14 19
24 20 20
0
2
20 18 12
21 15 17
1
17 17 5
1
18 13 19
2
33 28 3
18 14 12
0
1
35 26 12
0
2
23 16 5
24 20 13
2
19 18 6
21 17 12
5
25 23 5
32 26 13
21 15 14
27 23 15
27 20 18
1
25 18 3
0
1
25 24 3
0
0
1
19 14 22
0
1
28 18 18
0
2
22 19 1
31 22 4
2
23 15 3
18 15 9
1
15 9 10
1
28 21 13
3
24 18 2
20 19 4
20 17 18
1
33 25 1
1
27 24 3
1
24 15 22
2
22 18 13
31 24 24
2
25 19 18
27 24 23
1
27 23 11
0
1
23 16 12
1
21 14 6
1
26 17 15
2
25 21 7
24 17 23
1
28 26 6
0
2
25 22 0
34 23 4
1
22 14 22
1
35 32 22
3
29 26 13
24 18 23
25 21 24
3
28 21 11
24 19 12
37 32 15
0
1
28 19 12
2
34 31 11
39 35 18
1
26 20 2
1
42 38 5
4
30 18 1
36 33 3
32 21 5
30 21 18
3
35 32 2
22 17 8
14 13 18
3
37 29 5
26 19 23
35 29 24
0
0
1
24 14 18
1
35 28 2
3
38 32 0
32 28 3
17 11 11
1
28 25 18
2
37 32 0
36 23 18
1
20 20 15
0
3
29 24 11
33 26 14
18 14 18
4
32 25 3
35 24 22
26 22 23
33 28 24
1
26 23 17
0
0
2
28 27 2
32 23 6
0
1
25 15 24
1
34 28 5
0
1
29 23 11
0
1
34 26 3
3
38 35 4
22 22 14
21 15 23
1
29 21 15
0
2
35 29 1
34 23 9
1
41 27 23
3
35 31 5
43 36 19
27 21 23
1
39 24 23
1
45 33 10
2
30 24 0
39 33 5
1
37 31 5
1
43 27 1
1
36 35 1
2
27 20 8
16 11 18
3
39 27 0
39 29 10
27 21 20
2
42 26 1
31 28 5
1
34 29 12
2
26 18 13
29 27 21
5
23 21 7
29 23 8
37 17 11
44 33 13
46 35 24
0
1
38 38 24
1
32 26 23
2
26 24 12
27 22 15
0
0
0
0
1
26 19 0
2
34 26 4
29 21 22
1
36 29 15
0
2
38 29 0
42 35 23
2
40 33 8
40 38 23
0
1
43 34 18
1
43 32 5
1
42 28 0
0
1
33 24 3
1
38 31 24
1
47 34 7
0
2
48 37 0
36 25 6
1
39 39 20
2
44 34 18
32 24 24
2
26 19 6
42 34 17
1
30 24 17
1
42 32 9
1
42 30 4
0
1
40 41 15
2
48 40 9
47 33 24
2
31 25 0
43 39 6
2
37 30 15
46 26 22
0
0
2
57 50 11
52 41 15
1
42 33 18
2
51 43 4
34 26 5
0
1
46 31 3
0
0
4
40 30 1
40 27 3
57 50 5
32 21 14
0
1
35 25 1
1
35 30 24
0
2
43 36 12
36 25 18
3
54 39 6
36 33 7
41 29 15
0
1
32 29 3
1
43 29 7
1
45 39 8
2
39 29 3
26 22 8
3
56 40 1
27 22 6
45 38 7
0
1
42 27 18
0
0
0
1
39 31 17
1
52 42 14
2
42 28 6
44 39 15
0
1
34 26 14
1
67 52 17
1
58 46 11
2
41 36 1
32 27 2
1
49 43 11
3
46 33 3
29 23 6
35 29 15
4
43 44 0
40 33 18
49 43 19
45 36 23
1
37 31 23
3
43 30 5
37 25 7
46 42 11
1
54 37 9
0
1
57 41 18
1
34 27 0
0
1
59 45 11
3
47 34 12
47 39 15
34 23 20
0
0
0
0
2
39 36 0
34 27 17
0
0
2
38 31 5
52 43 13
1
58 59 22
0
2
52 29 5
58 51 6
2
49 36 11
55 38 13
5
55 48 1
47 42 6
39 31 12
50 32 19
63 50 23
3
43 31 7
50 39 15
49 48 24
0
1
44 40 24
0
1
45 37 18
0
1
32 27 1
1
49 39 20
0
2
48 38 6
50 41 10
1
72 48 1
1
57 41 1
2
49 46 12
66 52 23
3
59 46 11
52 41 12
32 24 24
2
55 36 9
53 48 19
0
1
30 22 0
4
50 33 5
39 31 9
47 42 10
44 37 15
1
56 46 24
0
1
68 54 1
0
1
61 41 21
2
40 34 0
47 35 12
2
44 32 4
55 37 15
2
54 37 12
43 35 24
0
0
2
57 49 8
45 37 18
0
0
0
0
1
55 44 9
2
69 47 6
55 32 15
1
77 59 15
0
0
0
0
2
56 42 11
73 59 18
2
58 51 8
50 42 12
0
0
0
3
57 48 14
70 66 18
50 41 24
2
67 50 0
68 57 20
1
44 35 6
0
0
2
77 72 15
74 58 18
1
59 34 15
0
2
65 46 8
78 59 21
1
65 54 20
0
0
0
3
31 28 9
42 30 12
50 42 21
1
71 71 14
4
56 45 0
82 53 13
79 54 15
68 60 23
0
2
63 55 13
24 20 23
1
62 53 5
2
53 41 13
43 35 15
2
66 50 12
55 42 13
1
48 33 17
0
1
59 39 19
2
68 61 12
74 57 17
1
57 55 10
1
69 53 6
0
2
62 59 13
46 31 15
2
53 39 3
53 50 17
1
46 39 18
0
1
72 52 13
0
0
0
0
1
38 28 8
0
1
93 71 18
2
57 48 8
66 54 20
2
62 58 19
67 55 22
1
74 61 23
1
56 40 2
2
55 47 4
57 55 18
0
0
0
2
63 58 8
77 58 12
0
1
56 51 9
1
82 58 11
1
55 45 12
1
60 44 3
0
1
50 44 23
1
65 61 0
0
1
59 50 5
2
55 49 6
57 43 8
1
66 52 15
1
77 58 6
1
53 55 13
3
55 55 13
81 61 17
69 56 22
0
0
1
74 56 23
2
78 55 0
74 59 24
0
0
2
60 44 12
83 78 13
2
81 61 1
82 66 15
3
76 63 5
83 59 9
41 36 23
1
76 64 24
0
0
0
0
1
81 62 18
1
66 41 18
1
83 62 24
0
0
1
65 41 1
2
68 64 8
57 39 9
0
0
1
55 39 24
0
0
1
51 39 18
1
79 64 23
0
0
0
0
0
3
74 60 18
63 54 23
85 70 24
2
54 35 14
60 48 23
0
2
77 58 2
82 52 18
1
67 65 6
0
1
85 64 20
3
74 57 13
63 42 18
49 36 23
0
0
2
82 63 15
58 45 20
2
76 52 23
58 40 24
1
79 57 12
0
2
48 36 1
83 61 2
0
0
2
68 62 23
58 55 24
1
97 69 24
0
3
73 61 0
76 64 3
91 72 11
0
3
96 78 6
90 86 18
77 61 23
1
67 51 24
0
3
54 41 0
71 54 9
56 35 23
2
70 40 11
90 59 15
0
1
81 69 8
1
64 56 15
1
73 50 22
1
46 42 18
4
72 54 1
80 45 5
58 42 10
55 46 22
0
1
86 75 9
0
1
75 69 1
1
90 57 15
2
81 79 1
102 91 21
0
1
79 55 5
2
110 83 5
77 61 6
0
0
2
91 71 10
58 49 22
2
73 48 7
117 94 12
1
52 42 1
1
98 91 12
1
59 53 8
1
64 52 5
0
2
104 80 6
95 62 24
1
82 64 23
1
83 73 0
1
66 43 12
2
69 63 0
78 63 23
1
96 88 24
1
94 59 8
2
66 49 0
78 56 5
0
2
63 56 4
72 50 24
0
1
91 93 14
0
1
101 70 15
0
1
70 52 9
0
4
87 65 12
85 82 14
77 61 15
82 63 18
2
52 39 5
82 58 8
0
2
60 47 17
77 61 19
2
63 55 8
88 67 24
0
0
3
66 57 12
103 76 13
101 82 17
0
1
90 65 6
1
75 59 1
1
95 66 13
0
1
67 54 7
0
1
72 50 0
1
57 49 19
1
68 49 15
1
96 89 22
0
3
76 73 1
46 22 11
50 52 15
0
2
55 47 5
89 79 15
0
1
76 60 15
1
87 71 6
1
93 62 18
0
2
120 88 11
71 60 14
0
3
102 84 7
117 91 8
110 87 9
0
2
66 48 1
76 57 8
0
2
67 54 11
100 62 19
0
2
109 81 15
109 86 22
0
4
75 50 0
117 89 1
79 57 2
96 69 12
1
113 95 5
0
2
107 77 1
79 77 13
2
68 46 1
67 58 8
1
90 64 6
1
68 52 12
0
0
1
106 95 7
0
1
109 74 2
1
94 82 0
0
2
103 78 2
72 50 18
0
2
84 72 7
78 63 8
1
66 47 2
0
2
43 41 0
104 79 12
1
83 62 9
1
55 43 24
1
84 78 24
1
102 79 7
0
0
2
126 104 4
91 64 12
0
2
117 95 12
78 68 14
4
95 72 6
87 76 9
102 93 14
84 65 18
2
65 64 15
98 69 18
0
0
2
68 41 3
123 98 10
0
0
1
92 74 3
2
129 111 4
94 71 5
1
104 70 23
1
104 87 16
1
85 66 13
0
2
83 62 0
97 104 13
1
82 62 24
0
0
6
115 82 1
110 94 6
54 52 8
106 94 13
91 54 20
89 74 23
1
95 69 20
1
83 70 8
0
2
99 82 5
71 63 8
1
82 55 23
1
103 73 11
2
91 56 14
95 67 15
1
81 60 5
2
80 50 15
87 80 22
0
1
96 61 9
2
104 74 2
129 110 22
0
0
3
92 88 1
70 60 9
74 60 22
2
84 69 12
81 72 16
2
106 97 12
101 87 13
1
77 63 12
0
1
104 91 0
2
125 91 6
100 79 20
1
75 60 15
1
74 65 12
1
85 73 6
2
69 56 5
101 73 8
1
74 60 13
1
62 55 8
1
103 87 24
3
67 57 6
92 72 8
113 91 18
1
89 59 12
1
101 67 12
2
99 80 0
102 82 13
0
0
0
0
1
91 78 5
2
99 45 3
101 69 21
0
0
1
91 80 15
0
2
96 69 15
110 67 20
3
72 50 8
87 70 14
103 84 18
0
0
2
110 83 18
88 76 19
1
120 88 1
3
128 107 2
100 66 8
94 83 13
1
93 69 7
1
129 110 22
2
115 90 12
88 64 18
1
108 74 1
1
90 90 11
1
68 60 5
0
0
1
66 55 21
0
2
83 68 18
102 89 23
4
78 61 9
130 120 15
112 89 21
105 80 24
1
121 108 2
1
96 73 9
1
99 64 1
1
88 67 21
0
1
87 66 6
4
111 88 1
138 132 4
100 84 7
150 133 13
2
127 81 3
84 56 7
0
0
1
117 110 24
0
1
104 107 0
1
104 82 1
3
74 40 0
105 96 11
84 62 24
0
1
144 122 21
1
115 85 11
1
78 71 23
1
77 56 15
3
113 84 6
92 71 13
169 140 22
1
86 70 18
1
118 92 23
0
1
104 85 13
0
0
1
83 68 8
1
125 91 4
0
0
1
90 72 5
1
106 73 17
0
0
4
130 96 0
113 91 4
93 79 7
93 65 24
2
73 59 6
127 117 13
3
78 58 6
104 67 12
114 86 23
0
2
99 85 5
49 41 12
1
95 73 4
1
121 68 1
0
0
4
119 84 2
47 36 5
98 69 15
110 92 22
2
91 81 4
91 73 12
1
106 81 15
1
101 85 19
0
0
0
0
1
103 71 12
2
118 105 6
138 138 14
1
125 76 3
2
108 75 1
99 73 12
1
99 82 18
3
110 98 1
69 57 9
124 94 18
0
2
78 61 1
136 107 24
1
126 84 18
2
142 89 1
101 94 23
1
112 88 3
1
106 90 12
1
137 96 12
2
113 90 0
102 65 23
2
141 108 10
92 65 19
1
117 104 5
1
133 110 13
2
114 92 16
128 85 22
1
105 83 22
2
88 56 4
100 84 23
0
0
2
121 103 18
97 85 22
0
0
3
93 89 3
95 75 12
87 59 23
3
138 115 0
109 75 10
120 97 23
0
3
139 122 6
130 102 11
108 88 12
0
1
112 82 5
1
108 76 13
1
206 168 8
1
102 87 0
0
0
2
106 80 17
128 85 23
1
136 117 0
0
1
134 98 0
0
2
105 87 4
148 125 7
2
123 102 9
146 130 18
0
2
149 106 18
139 117 22
0
1
97 89 13
1
156 170 18
1
118 85 18
1
96 80 24
3
135 104 12
175 145 14
142 124 23
0
2
127 95 8
103 71 18
1
109 77 7
1
115 112 7
2
169 123 5
110 78 18
0
2
96 78 11
118 93 24
1
141 88 23
0
1
127 102 5
2
124 86 15
110 80 24
0
1
114 111 0
1
139 124 9
0
0
2
127 84 2
83 75 14
1
138 96 2
1
101 76 2
2
113 90 1
100 83 11
0
1
115 91 18
1
94 63 3
1
144 94 24
0
0
2
119 114 0
91 71 1
2
137 88 8
102 95 13
3
134 93 10
162 99 13
121 81 17
1
131 108 22
0
1
129 100 22
0
0
1
112 93 1
0
1
97 88 6
0
2
162 129 8
116 80 9
2
141 116 13
114 71 15
2
149 110 6
87 66 9
1
144 103 7
1
133 104 24
1
115 105 15
0
2
97 83 1
73 64 8
2
94 84 9
106 78 17
0
1
88 79 0
0
2
149 114 4
108 91 24
1
83 70 22
1
134 82 24
4
72 58 7
152 120 15
105 88 22
149 88 23
0
0
0
1
146 138 11
3
102 86 5
175 164 15
155 128 23
0
0
0
1
82 57 18
0
1
90 71 2
0
2
166 97 0
76 65 23
0
1
75 56 22
1
115 84 6
3
156 139 11
116 93 13
108 81 24
0
3
99 82 6
136 106 18
120 96 19
0
1
117 102 24
1
138 94 1
1
174 172 0
1
75 54 2
1
115 124 5
2
158 146 3
169 138 22
0
2
141 104 5
161 149 12
1
137 98 6
0
0
0
0
1
121 98 8
2
140 119 0
145 136 12
1
127 92 5
0
0
0
0
0
0
2
138 115 3
132 81 17
1
121 82 22
0
0
1
83 68 21
1
154 121 10
1
150 109 18
1
175 116 24
2
72 56 1
135 122 23
1
84 70 24
1
119 107 8
1
145 144 5
4
159 141 5
136 110 9
142 133 12
140 92 20
2
113 99 1
184 161 2
0
2
120 94 10
133 111 13
2
114 87 1
132 103 4
1
191 164 22
2
99 74 21
188 153 22
1
154 105 5
1
127 87 8
0
2
116 89 3
159 96 4
1
136 111 2
2
145 101 3
120 110 6
2
170 125 5
196 144 20
1
143 117 5
0
0
0
3
121 97 3
134 97 4
136 100 24
0
2
114 93 1
97 71 8
0
0
0
1
187 166 0
0
0
1
148 112 8
1
123 106 5
1
152 107 6
1
117 73 18
1
184 141 0
1
147 124 12
1
131 128 21
2
97 93 5
148 132 22
2
178 155 16
119 90 18
1
99 82 13
1
185 123 13
0
1
104 75 15
0
2
157 106 1
118 96 24
0
0
4
164 133 1
114 83 12
139 111 18
163 159 24
3
154 134 0
130 84 5
118 104 23
0
0
0
2
127 93 12
167 172 13
0
2
174 107 1
114 100 7
1
95 100 12
0
3
134 92 1
173 161 2
151 118 11
1
127 105 2
2
93 58 3
168 138 22
0
0
0
1
141 130 12
3
149 105 8
168 109 12
157 125 18
2
126 101 10
102 105 12
3
157 137 10
138 68 14
137 86 22
0
1
122 108 15
1
187 116 13
2
137 108 3
210 175 8
1
131 100 7
0
2
126 94 4
123 113 5
2
156 128 12
169 124 15
1
160 139 24
3
155 112 4
110 91 16
188 155 22
2
129 119 5
122 83 18
0
1
103 96 5
2
141 103 7
181 165 10
0
0
2
89 84 11
119 85 18
1
139 86 23
1
134 131 21
1
140 104 2
0
1
160 129 4
1
189 123 13
1
113 66 5
0
2
120 111 12
163 139 16
0
1
116 79 12
0
1
179 137 7
1
202 163 18
1
80 81 12
4
137 137 2
166 101 9
174 153 11
139 89 19
0
1
188 126 15
2
204 165 6
139 106 18
6
161 110 3
105 85 8
85 52 15
202 190 18
160 109 20
137 103 24
0
2
101 92 12
116 84 13
2
149 118 4
99 77 24
0
2
194 155 9
157 119 17
1
207 148 3
2
197 167 8
212 176 18
1
126 115 10
0
0
0
1
141 107 0
2
138 85 11
192 163 18
2
153 124 21
142 107 24
2
113 72 7
131 108 23
3
174 143 3
164 109 6
131 117 18
0
1
117 105 24
2
165 127 13
164 153 23
1
158 132 1
0
0
1
210 167 11
1
154 133 4
0
2
123 83 0
199 192 23
1
161 149 22
1
167 131 1
1
176 141 11
1
149 116 3
0
2
150 115 6
132 120 20
2
165 146 1
175 174 8
1
148 114 11
2
195 128 0
166 127 11
0
1
184 169 7
3
154 117 6
110 76 12
196 145 15
1
172 170 24
0
1
104 82 18
2
139 104 11
121 93 15
1
167 124 5
0
0
2
161 122 11
120 80 20
1
102 67 0
1
172 128 21
0
0
0
3
183 126 0
189 162 5
132 104 18
