3 7 5 2 2 2 4 2 6 3 6 4 6 5 8 2 2 8 2 6 8 3 4 8 4
2
5 4 11
5 5 19
0
5
4 3 6
7 6 13
7 6 19
8 5 22
10 8 23
1
7 5 12
2
9 8 8
7 6 21
1
8 6 2
1
8 5 23
0
2
12 9 14
7 7 20
1
6 5 22
0
2
9 7 6
10 8 18
0
3
6 4 19
9 3 23
5 6 24
2
8 7 6
9 7 10
1
10 7 13
1
9 7 5
0
1
11 10 12
0
1
12 7 14
0
1
11 10 10
0
0
1
11 8 1
1
10 9 14
4
15 11 0
12 9 11
14 12 13
10 7 20
2
12 9 19
13 12 22
0
0
1
15 11 3
0
1
10 9 19
0
1
14 7 20
1
9 8 7
1
11 8 24
2
14 10 23
13 11 24
1
14 10 21
5
16 15 8
16 14 12
14 11 16
13 12 21
12 9 24
4
14 10 8
11 10 14
11 10 17
16 13 23
0
1
17 15 11
1
13 9 23
2
11 10 17
15 10 18
0
1
13 11 11
1
16 10 20
0
0
1
19 13 13
1
19 15 20
2
16 13 2
17 17 21
0
2
12 8 11
14 10 24
1
18 16 23
0
2
19 16 8
16 13 10
0
0
1
18 16 24
2
17 16 8
20 15 11
0
1
15 10 8
1
20 15 8
0
3
15 12 3
19 10 17
15 13 22
0
0
1
13 9 8
1
16 16 8
0
1
18 15 19
3
14 11 14
22 22 17
17 13 23
1
17 12 24
1
16 15 10
2
16 15 15
23 19 24
0
0
2
15 13 6
16 14 23
1
20 21 18
1
16 14 14
4
20 16 1
19 14 14
18 15 17
21 16 24
0
4
23 16 6
18 13 9
18 14 10
19 16 23
3
22 18 18
17 12 22
32 27 23
2
24 21 17
18 15 18
1
29 21 22
0
2
17 13 20
20 14 23
0
3
18 14 9
18 14 17
23 20 23
1
24 20 13
0
1
22 19 18
0
3
20 12 9
18 12 14
23 17 15
0
4
19 12 6
20 16 9
20 15 19
15 11 23
0
1
22 19 7
2
23 17 15
25 21 17
1
28 26 10
1
19 17 1
1
27 20 20
1
27 22 23
1
16 11 10
1
20 18 8
0
1
29 21 1
1
20 11 1
3
15 15 5
29 24 17
25 20 23
2
32 28 9
24 18 14
3
25 22 1
17 14 6
25 23 10
3
13 9 1
26 19 6
18 15 9
1
36 29 20
3
16 12 18
22 18 19
30 26 23
2
21 17 17
16 14 21
2
29 21 10
29 24 17
0
0
2
21 19 0
18 13 20
3
28 21 1
24 22 3
35 30 19
2
21 21 8
20 14 9
1
15 13 22
2
31 25 2
23 17 14
3
25 19 6
24 17 14
35 33 17
2
33 23 19
33 26 22
3
36 21 10
30 24 17
32 27 23
1
24 20 19
0
0
1
29 21 20
0
1
30 21 19
0
4
27 25 6
35 28 7
22 20 8
27 27 20
0
0
3
26 21 2
30 24 9
30 18 20
1
45 36 22
0
1
32 34 1
2
24 17 0
29 20 22
1
29 21 20
0
1
19 15 23
1
25 23 0
0
3
38 34 8
31 25 20
35 25 24
2
38 23 13
32 25 16
2
29 21 13
21 19 17
1
29 19 5
1
16 13 17
0
0
0
1
31 22 14
1
25 23 12
2
35 21 23
33 31 24
1
24 17 5
0
2
32 26 13
33 26 17
2
32 23 1
31 24 17
2
23 19 6
32 30 23
3
21 17 2
39 25 8
21 17 21
0
1
39 34 13
1
27 22 8
1
32 27 21
0
2
35 33 10
37 30 17
0
2
42 24 17
23 16 23
0
0
2
42 35 14
43 32 22
1
40 35 19
1
38 37 23
1
28 25 18
1
25 22 4
1
35 29 1
0
1
28 22 1
1
43 33 15
1
25 20 2
3
39 36 16
43 36 17
32 24 21
0
1
46 37 21
0
2
26 20 23
33 25 24
2
37 24 11
46 38 21
5
50 48 3
31 30 8
33 20 10
29 20 14
42 36 20
0
1
28 19 2
0
0
1
39 34 11
0
0
1
41 35 8
3
33 27 8
35 24 19
39 32 23
3
20 19 1
29 22 7
42 37 14
2
39 36 0
33 26 20
0
2
46 33 2
34 34 4
1
44 34 1
1
45 42 13
1
47 41 22
1
48 35 24
0
0
1
35 31 20
2
45 33 12
42 35 16
1
30 29 12
1
43 32 15
1
25 18 5
0
1
43 27 23
2
29 22 11
49 39 16
0
1
39 28 10
2
57 41 6
42 28 16
3
44 29 5
54 43 6
27 23 8
0
1
26 22 5
4
43 35 8
36 23 17
40 30 19
45 35 22
3
32 28 1
48 44 20
48 38 23
4
23 19 1
39 36 8
44 42 14
65 49 21
2
45 43 1
35 23 13
1
44 34 24
0
3
47 39 19
41 33 20
40 26 23
1
34 26 10
2
41 33 17
40 28 24
1
45 34 1
0
2
51 41 5
36 33 13
1
44 31 9
0
1
45 33 10
2
39 28 12
42 37 17
1
57 39 14
1
57 54 17
0
1
39 32 19
3
23 14 8
38 41 12
49 30 17
0
0
1
68 62 12
2
39 27 1
48 48 19
0
1
41 31 6
2
46 33 2
49 38 17
1
57 54 4
1
67 60 10
1
41 36 6
1
28 24 12
2
43 40 14
57 50 19
1
56 45 14
0
1
40 30 8
1
41 38 18
0
0
0
0
2
51 43 2
50 49 17
3
45 31 8
53 33 14
62 44 20
0
2
43 33 19
78 69 21
0
1
47 35 11
3
41 35 6
35 34 10
39 34 20
1
51 43 13
2
48 41 12
51 37 24
2
37 34 2
57 46 22
1
62 42 10
0
0
0
2
62 57 14
61 42 23
1
39 36 12
5
52 50 10
69 50 13
70 59 14
33 21 20
69 54 24
1
39 32 23
2
54 41 14
46 34 24
1
52 43 12
0
1
45 37 8
0
2
53 39 11
53 44 17
0
3
55 40 1
47 36 13
49 39 14
2
48 42 20
32 22 21
1
66 56 24
2
63 46 11
55 48 23
0
1
53 38 11
1
71 65 1
2
51 45 1
66 52 20
1
34 24 13
1
59 53 7
2
49 29 22
56 37 24
1
45 42 20
1
41 40 14
1
54 47 8
0
3
43 41 13
42 33 14
56 50 17
1
60 46 11
1
52 39 8
0
4
46 39 1
62 55 10
53 50 14
71 52 22
2
58 57 9
43 30 20
3
48 34 4
51 38 18
68 47 23
0
0
2
58 54 13
37 30 17
0
0
0
0
1
59 48 10
1
78 65 8
2
40 34 8
66 63 19
1
51 43 8
2
49 35 2
54 45 15
1
66 59 21
1
38 32 19
0
0
3
42 34 1
66 51 10
55 50 14
2
50 37 14
59 39 23
2
58 51 1
64 57 11
0
0
1
53 36 10
2
56 49 20
65 50 24
1
69 54 4
2
74 64 1
53 45 20
1
62 52 24
2
58 54 13
67 57 19
0
0
0
2
60 51 1
50 42 10
2
47 39 5
43 33 12
0
1
83 72 5
0
0
1
80 58 14
1
48 42 19
1
63 51 14
2
41 34 8
51 38 20
0
2
65 52 1
60 47 20
0
1
56 50 2
0
1
28 22 2
1
35 32 9
0
0
3
54 42 8
58 45 15
76 78 24
2
51 40 13
49 31 19
0
1
67 48 2
0
1
83 64 9
1
64 50 14
0
2
78 74 2
69 60 10
2
37 33 10
67 50 16
3
53 36 10
63 54 14
81 69 16
2
73 57 10
74 64 16
1
74 50 11
0
2
57 41 20
54 42 24
1
51 46 19
1
62 57 19
0
1
31 26 13
2
70 59 2
78 70 10
1
67 53 20
1
65 56 1
1
55 36 11
0
4
74 66 1
88 68 13
58 40 18
60 42 21
0
1
87 62 10
0
1
81 58 19
1
78 69 19
1
72 62 13
0
0
1
56 48 14
1
47 47 2
2
76 57 12
62 46 17
0
0
0
4
101 84 11
65 47 12
77 69 14
75 63 19
1
58 43 23
2
68 56 2
57 43 14
2
91 81 10
51 50 14
0
2
85 62 1
65 52 23
0
1
45 34 14
1
65 43 11
0
0
2
79 55 14
95 69 20
2
55 41 11
50 40 12
0
1
51 47 15
0
1
76 47 13
0
1
90 60 7
1
72 56 11
1
75 62 20
0
0
3
95 82 1
51 49 7
56 43 17
0
5
69 54 6
66 55 10
72 56 11
67 53 17
49 41 18
0
2
53 35 2
54 31 10
1
112 88 24
1
68 66 14
1
48 34 2
1
78 56 1
1
88 55 8
1
62 48 14
2
59 41 15
46 48 24
1
83 93 9
0
0
2
67 50 14
55 49 21
1
82 55 19
1
68 58 17
1
79 57 17
0
1
68 55 10
0
1
63 52 22
0
2
70 50 12
66 46 23
1
77 74 10
1
94 72 14
2
46 30 8
91 69 10
1
72 51 23
1
94 83 13
0
1
68 58 20
0
3
79 53 8
63 48 11
71 46 23
0
0
0
0
0
1
60 51 8
1
85 77 5
1
58 40 8
1
90 75 21
1
100 61 13
1
62 46 24
0
1
115 85 23
1
45 38 16
1
87 72 0
1
92 74 14
1
62 55 17
1
51 39 10
1
51 40 0
0
0
1
61 61 17
1
65 59 2
1
87 64 7
1
72 57 14
3
103 88 14
73 66 20
89 56 23
0
1
60 41 1
1
82 65 19
1
98 73 6
0
2
71 70 16
106 69 22
1
66 57 20
1
48 36 2
0
0
3
72 52 1
87 69 14
77 57 19
0
2
98 84 5
98 76 23
0
3
83 68 10
59 43 12
111 65 14
5
39 28 1
97 69 6
60 47 9
79 62 18
73 59 21
1
110 87 1
2
67 58 1
99 83 17
0
2
99 89 4
88 75 20
0
0
1
72 58 19
2
81 59 17
80 66 23
1
61 64 17
1
98 84 4
1
88 52 3
1
84 68 2
1
82 72 2
1
91 74 6
0
1
120 105 21
1
77 66 22
2
91 73 10
86 74 23
1
81 54 7
0
2
90 83 12
76 48 20
3
66 53 1
67 38 12
121 84 23
1
83 53 17
1
90 81 0
0
1
98 65 22
4
104 95 1
59 48 8
83 64 13
82 70 17
0
0
3
104 81 11
95 60 13
94 77 22
1
89 80 8
0
1
118 90 11
1
89 75 8
2
128 111 6
102 89 23
1
64 59 17
2
91 94 17
70 52 22
2
117 104 10
78 65 13
0
0
3
99 77 2
112 79 7
92 66 9
3
63 57 12
103 72 20
93 70 21
0
0
1
91 73 6
2
89 77 14
70 57 15
3
120 84 6
117 90 17
102 82 24
1
101 77 9
1
69 47 5
0
1
103 86 17
1
96 78 6
1
109 92 17
0
0
2
74 70 8
81 58 10
2
96 76 17
82 68 19
0
2
80 54 0
121 80 20
4
109 87 1
85 69 11
93 54 20
93 69 21
1
92 72 13
1
119 82 19
0
1
75 55 5
0
2
89 67 0
101 72 20
2
93 82 0
71 68 10
2
81 81 0
96 67 8
2
82 64 11
93 68 18
1
105 74 20
3
90 67 2
84 69 6
113 78 11
1
78 63 12
1
83 72 12
0
2
120 110 14
92 75 17
1
73 52 11
2
93 65 1
92 86 6
1
98 85 8
2
80 63 4
80 58 11
1
95 92 1
3
81 61 1
84 54 7
96 76 17
3
113 96 14
80 62 17
86 61 20
3
99 67 1
109 89 2
81 55 10
0
0
2
80 59 13
115 97 20
0
0
1
99 90 17
0
1
138 126 12
3
113 71 10
110 77 19
97 79 23
0
1
89 63 13
0
2
101 68 1
84 70 13
1
80 66 21
0
2
96 96 12
116 96 14
2
116 82 2
87 70 24
1
86 62 10
0
1
108 83 22
1
53 45 12
1
94 78 20
3
79 66 14
97 72 20
125 109 23
3
122 85 17
112 96 18
72 63 22
3
87 86 5
106 101 20
75 59 22
2
116 95 2
89 73 24
1
70 55 18
0
0
1
92 75 8
3
117 85 11
90 66 19
114 112 23
0
4
105 100 13
71 55 14
85 61 20
84 53 23
0
1
103 67 21
0
4
120 90 2
61 41 10
135 98 13
115 122 18
1
107 94 22
0
4
96 85 12
93 79 15
58 45 20
86 47 23
6
95 70 4
124 102 6
128 87 13
88 77 17
120 113 22
82 61 24
2
86 58 1
105 92 18
1
99 83 7
0
0
1
128 92 0
0
2
134 109 3
117 102 16
2
176 148 4
114 97 14
1
112 85 17
1
63 49 10
0
0
1
103 78 1
1
89 88 19
0
0
3
94 77 3
83 73 8
140 110 24
1
67 66 4
1
130 81 8
0
1
90 78 20
2
118 87 12
95 82 19
1
114 77 17
1
105 80 14
1
122 93 13
0
0
3
113 47 1
97 68 18
118 90 22
1
135 85 1
3
131 104 2
118 105 20
99 94 21
0
0
2
73 69 4
134 78 14
2
112 80 9
129 98 14
2
81 55 10
178 104 11
2
100 78 8
145 120 14
2
121 79 12
131 111 16
1
111 90 0
0
3
143 127 0
85 54 19
100 72 21
0
0
0
3
96 74 0
100 67 6
98 93 10
0
1
126 115 14
1
135 93 4
1
99 70 14
2
112 80 19
103 80 20
1
104 101 20
0
2
132 111 14
124 93 19
3
93 70 4
119 118 20
135 115 23
0
0
0
1
105 85 8
1
146 97 18
0
1
121 114 23
3
108 79 1
120 92 11
113 84 14
2
83 70 8
66 65 10
0
1
119 91 13
3
83 64 14
116 95 19
138 96 20
3
162 115 14
116 96 19
116 72 20
2
119 96 3
85 70 21
2
100 80 2
136 117 14
0
1
130 94 23
1
126 105 20
2
99 97 0
93 84 5
1
105 67 6
2
106 77 10
123 101 11
0
1
135 86 9
0
1
101 93 1
0
1
125 100 20
0
1
102 82 19
3
94 89 1
88 69 12
114 71 22
2
64 54 1
145 141 6
4
136 114 9
120 77 17
146 114 20
62 40 21
2
101 91 2
143 122 23
1
127 70 10
0
0
0
1
123 73 13
1
50 32 8
1
91 71 18
1
91 65 22
1
116 90 1
1
119 98 23
2
131 109 13
173 176 18
1
64 49 13
0
3
144 108 8
160 110 9
123 88 19
0
3
154 132 0
122 89 7
103 77 12
1
87 64 23
1
167 155 2
0
2
143 83 20
133 92 23
3
127 91 3
122 106 21
135 93 23
0
2
144 94 17
137 99 20
0
0
1
115 85 13
3
86 68 9
144 113 10
106 65 14
0
1
108 76 15
1
157 132 0
0
1
135 115 18
0
3
130 119 1
151 130 2
120 81 19
1
113 103 14
0
1
105 73 11
1
85 56 20
2
107 83 1
143 90 17
1
47 41 8
1
115 98 17
1
105 73 20
1
165 119 12
1
122 95 10
2
122 103 7
98 71 20
1
188 122 13
1
107 67 13
3
129 85 1
143 143 2
125 93 24
4
135 99 10
141 108 14
153 125 21
75 49 22
2
108 77 13
107 64 24
2
132 138 8
78 69 19
2
150 139 12
109 74 14
0
1
138 113 10
3
148 123 10
114 77 13
109 100 20
0
2
87 82 7
148 102 17
1
132 93 18
0
0
0
0
1
154 132 20
1
142 131 14
0
0
0
1
133 107 24
2
111 88 4
101 87 20
2
110 71 1
122 99 14
1
77 58 20
1
92 86 0
1
164 122 22
0
1
92 67 8
1
124 88 13
1
155 119 22
5
136 101 8
84 63 11
157 123 12
135 89 19
156 147 23
1
89 54 20
0
2
98 64 14
114 99 20
1
130 89 14
1
106 79 7
2
136 88 0
158 89 20
1
88 82 10
2
145 110 1
108 69 17
0
0
1
88 58 19
0
2
138 119 1
140 139 13
1
125 87 13
2
104 87 3
131 100 23
1
118 85 3
2
136 106 1
148 133 23
0
0
1
114 85 20
1
74 45 18
2
96 68 8
140 112 17
2
131 107 16
155 116 20
0
1
147 139 8
1
142 137 10
1
103 71 2
2
110 95 7
138 109 20
0
1
171 173 14
2
107 84 1
168 129 17
1
148 107 19
1
141 98 24
0
2
133 107 20
112 95 24
0
0
2
151 117 2
148 99 8
4
123 79 2
122 106 10
162 144 20
77 59 23
2
146 118 11
130 117 13
0
2
144 140 2
128 122 10
0
1
133 115 11
0
0
0
1
162 128 12
0
2
118 94 2
160 139 19
0
0
0
3
139 107 3
163 147 6
132 125 13
0
2
129 106 2
180 165 22
2
135 113 16
85 71 19
3
128 98 2
108 89 11
149 131 14
2
159 126 21
106 99 22
2
127 80 2
141 112 10
4
155 141 11
146 113 12
132 111 13
123 88 17
3
96 85 10
135 101 13
155 120 17
1
77 72 14
0
0
2
139 108 0
190 132 20
2
137 102 5
120 99 23
1
134 98 24
2
140 118 16
163 134 23
1
182 159 24
3
95 71 0
93 73 9
93 64 10
0
0
2
142 103 2
132 100 8
1
110 95 14
0
0
0
3
134 125 9
140 106 14
147 152 19
3
133 73 8
124 89 19
84 68 21
0
1
140 109 17
0
0
1
116 86 19
2
158 125 12
167 94 23
0
1
126 98 2
1
122 88 3
3
155 132 10
83 69 21
103 88 22
0
1
146 128 10
3
114 81 17
165 87 22
123 105 23
1
139 79 1
1
72 61 12
1
172 156 8
2
136 92 9
124 110 21
1
123 102 19
2
133 115 19
207 173 20
0
0
0
3
120 76 13
175 157 20
106 80 24
0
1
137 112 14
1
148 111 5
0
1
116 84 23
0
1
123 81 19
1
142 132 22
0
1
148 95 4
1
95 72 13
0
2
141 124 19
167 144 20
2
154 123 2
149 127 11
0
2
150 121 3
191 140 13
0
0
2
144 107 19
148 119 24
0
3
174 159 2
114 93 8
102 65 17
2
127 102 8
154 93 17
1
152 109 8
1
193 141 13
1
128 87 13
1
103 90 12
1
145 104 17
2
179 181 12
212 186 13
1
146 122 22
1
158 131 21
0
0
2
151 102 3
192 151 9
1
112 91 7
1
144 118 12
0
0
1
115 98 23
1
111 78 21
1
133 103 13
3
166 132 2
183 174 12
175 169 23
1
167 122 23
0
3
126 116 14
153 120 21
174 129 22
2
90 70 1
119 100 4
0
0
0
0
3
125 92 6
122 106 16
122 97 20
0
0
2
169 149 12
83 62 14
0
2
143 124 14
133 103 19
2
85 64 2
171 154 23
1
151 128 19
1
183 155 6
2
137 110 14
82 67 20
2
184 146 7
117 113 10
2
197 174 19
125 101 23
0
1
192 136 24
3
188 144 1
139 98 12
159 149 22
2
141 112 2
137 118 22
2
162 161 2
153 131 19
1
164 130 23
0
1
124 107 19
1
186 146 20
0
1
165 137 22
1
222 177 13
2
196 145 12
171 129 20
0
1
113 81 12
0
1
140 123 2
0
0
3
165 155 2
79 77 16
107 72 22
1
131 99 12
2
144 148 7
114 85 20
1
184 130 17
1
110 101 19
0
2
118 111 14
117 73 19
1
123 86 19
4
151 133 3
137 101 17
155 124 20
121 115 23
2
178 125 4
121 77 7
3
204 144 13
190 174 22
146 116 23
1
135 112 2
1
179 149 12
3
182 142 3
170 126 19
147 98 22
1
160 143 19
0
0
2
138 123 18
118 83 19
1
139 102 20
3
177 159 1
174 142 14
96 71 23
0
0
0
2
144 133 14
185 160 19
4
163 141 2
166 133 3
185 168 6
140 114 20
2
169 125 13
146 98 14
1
181 158 16
