8 7 2 8 7 6 3 3 2 3 7 3 8 8 6 2 2 8 6 8 8 5 4 4 5
0
2
8 7 4
10 8 22
2
7 7 3
7 5 12
1
9 7 12
2
8 6 7
8 7 14
1
10 7 0
1
11 7 11
1
9 7 4
1
7 6 10
2
6 5 3
7 5 13
3
9 7 0
6 5 10
10 7 17
1
5 3 16
2
8 7 8
8 5 10
1
11 9 14
1
9 6 12
1
8 6 13
4
9 8 4
12 8 5
9 5 12
7 5 19
5
11 9 1
10 9 8
11 8 15
10 9 17
10 10 20
2
12 9 0
9 6 7
2
7 5 3
11 11 24
0
1
14 11 19
2
10 8 19
8 7 22
2
9 7 0
15 12 19
2
6 5 2
10 6 17
1
12 9 3
2
15 11 7
13 11 9
1
15 13 3
4
13 8 0
10 8 10
7 5 12
10 9 14
1
15 10 19
3
11 11 13
11 9 19
14 9 20
2
12 9 9
14 13 23
0
1
9 7 0
1
11 9 21
1
11 9 18
3
15 12 9
12 9 11
8 8 13
0
1
16 15 24
1
9 7 3
1
16 8 1
3
8 6 3
16 12 6
16 10 21
3
14 9 10
14 11 18
13 10 19
0
0
1
20 16 23
1
17 8 17
2
19 15 19
18 17 20
3
13 9 1
15 13 7
8 6 20
1
13 9 11
3
12 10 1
19 14 15
14 12 19
0
2
15 11 7
17 12 12
0
1
17 11 0
3
20 17 17
11 9 18
19 14 24
3
16 9 4
13 10 5
16 15 17
1
21 20 20
3
9 7 5
15 14 17
13 9 24
0
0
1
9 8 12
1
10 7 14
2
15 12 18
16 13 21
2
14 11 12
20 16 20
2
13 10 14
14 11 20
2
12 11 0
17 14 10
3
23 20 2
21 20 4
18 16 19
1
19 17 0
2
17 12 3
20 16 18
2
18 15 7
14 12 14
0
1
15 12 0
2
19 17 17
13 11 23
0
2
19 12 20
22 17 21
2
18 14 0
16 14 10
2
23 14 9
19 14 24
2
22 19 3
16 13 13
0
1
18 13 1
1
23 18 22
0
1
25 18 3
0
4
25 20 3
15 10 13
21 16 16
15 12 22
0
1
21 17 6
0
2
18 16 18
15 13 19
3
19 14 1
22 17 16
14 10 20
3
18 12 6
16 15 7
15 12 18
3
22 17 14
26 23 15
18 16 17
1
18 13 23
0
0
0
0
1
24 17 21
0
2
22 13 3
17 13 17
1
27 19 2
2
25 22 4
24 22 18
2
24 19 9
21 19 19
1
26 19 13
1
23 14 18
1
24 20 3
2
30 24 9
25 19 17
2
30 29 1
17 11 4
1
25 22 12
0
2
24 19 19
12 10 23
2
21 17 17
27 24 24
1
27 22 4
2
20 14 0
21 18 17
0
2
12 10 11
24 22 24
1
26 19 5
2
29 26 20
24 16 21
2
22 16 0
21 14 21
0
2
26 20 0
26 23 22
2
17 15 19
17 13 24
1
18 13 3
2
17 13 11
19 15 18
0
0
2
19 16 1
35 28 21
2
23 15 1
25 18 14
3
23 13 11
21 18 18
25 17 22
4
22 21 1
24 13 7
27 16 9
34 28 14
1
15 11 12
3
31 23 14
33 29 16
30 21 20
1
26 20 15
0
1
24 16 5
1
26 14 21
0
3
27 24 7
16 15 20
23 21 22
1
32 21 20
0
2
28 21 1
23 18 24
0
1
25 24 18
2
31 30 4
27 22 21
1
31 24 19
2
28 21 3
30 24 17
0
0
2
22 18 9
30 24 13
1
30 27 6
0
5
34 27 0
26 21 4
27 21 12
34 26 13
28 21 22
2
25 18 7
28 25 23
1
28 21 23
2
34 32 10
31 28 18
1
24 17 19
1
32 29 17
1
28 20 7
1
32 25 10
3
26 26 12
16 15 13
47 45 14
3
42 38 0
35 27 6
41 37 19
3
19 13 6
37 32 13
44 40 22
1
42 25 1
0
2
26 23 2
25 19 19
1
47 37 17
1
31 26 10
1
30 22 24
3
38 29 4
21 18 13
32 25 22
1
27 21 1
1
38 29 19
1
40 32 17
2
36 21 8
40 37 10
0
1
18 15 20
3
32 24 4
31 27 16
25 19 17
1
34 34 10
0
2
42 27 15
41 29 19
2
28 18 11
35 27 16
1
32 21 14
0
2
29 27 14
30 27 18
2
23 23 13
24 17 15
1
36 28 0
1
36 23 17
2
30 24 14
41 38 17
0
0
2
37 27 12
39 28 17
1
38 27 11
2
46 36 3
36 26 7
0
1
38 27 1
0
1
40 28 6
2
27 21 17
27 18 19
2
37 23 19
39 33 24
0
2
36 29 10
42 33 20
1
29 25 24
1
39 23 21
1
44 33 14
3
18 16 3
44 38 14
41 33 19
2
42 35 3
35 29 10
0
1
37 32 6
0
0
0
0
3
34 32 12
53 46 17
32 28 18
1
50 32 20
1
38 35 19
2
43 33 0
46 33 5
2
24 18 13
53 44 20
2
46 39 7
38 29 13
2
20 19 7
51 44 22
1
54 48 22
0
0
0
1
54 41 6
2
25 23 21
43 35 24
1
48 42 14
0
2
30 26 10
43 33 17
1
45 35 19
0
0
2
43 39 12
42 33 14
1
35 24 21
0
1
34 31 5
0
0
1
45 34 10
1
52 41 13
0
1
43 37 12
1
42 33 21
1
45 35 14
1
32 21 1
1
50 46 5
2
37 33 8
37 33 14
0
1
38 27 9
2
41 37 17
42 34 24
2
52 43 12
39 34 24
2
47 45 10
41 30 20
0
1
54 53 7
2
53 52 10
48 31 13
1
46 44 13
2
42 34 1
49 44 12
0
0
4
34 26 12
50 33 13
48 45 17
35 32 23
2
51 34 19
43 34 24
3
47 31 6
56 50 12
31 22 24
1
23 20 12
0
2
32 23 0
43 39 13
2
37 28 14
47 42 22
1
47 39 19
1
45 35 3
0
2
34 28 4
32 27 18
0
1
63 57 13
3
48 39 13
51 39 21
44 36 23
0
1
32 28 0
3
36 28 0
66 44 3
46 39 10
0
1
63 41 21
2
48 36 0
40 28 17
2
37 39 1
32 22 10
2
44 30 10
71 49 17
0
0
0
3
65 49 1
47 37 10
44 32 19
0
0
0
1
31 24 3
1
68 58 23
2
47 34 3
59 55 20
3
34 29 0
45 31 2
57 45 14
2
47 47 4
59 50 19
4
37 26 0
36 23 1
50 36 4
41 33 18
0
2
59 52 9
46 42 20
2
49 38 3
51 40 21
3
29 25 12
42 35 17
41 30 20
2
64 52 10
41 37 20
0
0
1
62 53 14
0
3
48 37 0
58 46 3
45 24 23
1
65 58 6
0
1
55 45 10
1
39 36 11
4
52 40 3
45 42 9
68 44 10
47 38 15
3
58 49 4
67 46 6
37 27 14
0
0
5
58 52 5
54 42 10
70 61 12
39 31 17
59 47 19
1
49 38 17
3
52 39 12
55 33 14
63 48 19
1
43 35 1
1
55 37 8
0
1
40 32 0
2
56 46 5
38 36 22
2
54 39 21
70 71 22
0
1
58 46 2
0
0
2
54 36 1
57 55 4
0
1
55 50 22
2
38 35 1
29 23 4
0
0
0
1
60 50 8
2
46 27 4
66 56 12
3
54 45 10
54 36 12
59 32 13
3
63 43 0
50 40 17
62 45 21
2
57 43 7
46 38 12
2
66 54 0
43 33 7
6
83 70 0
65 58 5
41 29 13
56 48 14
60 57 21
70 54 24
0
3
64 41 0
62 62 2
53 47 19
0
2
71 56 5
35 27 14
0
1
70 53 3
2
66 55 10
50 31 11
0
2
48 44 3
65 57 8
1
79 69 1
3
54 26 3
64 41 9
64 69 10
1
49 47 7
2
65 66 1
79 56 4
2
55 47 4
49 30 24
3
53 41 0
50 43 19
57 49 24
2
56 46 12
64 45 13
0
2
75 67 0
62 51 16
1
63 53 10
1
23 18 3
1
69 52 4
1
60 42 3
0
2
71 60 0
35 34 13
1
52 45 23
1
66 47 21
1
42 36 19
1
60 65 14
2
51 45 10
67 55 17
1
82 75 5
1
54 39 17
0
0
3
77 47 3
68 64 13
51 38 21
2
46 34 3
52 40 24
0
3
55 37 2
59 43 3
55 46 10
2
45 42 12
76 58 21
2
64 50 13
74 65 21
3
61 55 2
29 30 12
80 55 16
0
0
2
70 67 5
44 36 24
0
1
64 49 18
0
0
1
62 44 17
0
2
84 59 4
52 47 10
1
46 44 3
0
0
1
52 45 24
0
2
76 69 7
95 79 18
1
83 58 20
0
1
74 60 1
1
74 56 0
2
67 53 11
75 58 22
0
1
45 41 22
0
2
55 40 1
77 66 11
1
55 46 14
1
46 29 10
1
97 94 6
3
90 67 3
53 40 7
54 34 11
0
3
42 38 1
56 42 2
98 96 17
1
51 32 3
0
1
57 47 5
2
73 64 12
63 53 13
2
83 75 7
54 43 19
2
88 63 12
46 33 23
1
113 89 0
0
2
100 100 10
64 46 19
1
60 46 13
1
60 41 19
0
3
80 63 1
70 53 14
93 84 18
0
2
84 71 6
83 62 10
0
2
61 45 3
40 25 6
2
68 50 1
84 49 24
3
69 56 0
73 48 5
53 35 20
2
76 53 16
65 48 19
0
4
70 52 0
68 53 1
91 74 4
69 53 19
2
60 51 3
48 32 20
1
62 48 12
1
67 59 17
2
75 62 9
80 51 12
0
1
84 63 5
0
2
75 62 10
71 54 19
2
94 55 0
73 53 12
3
91 81 13
59 50 19
68 60 22
2
88 81 18
56 40 20
2
73 60 12
68 44 13
2
79 49 5
67 57 21
3
46 36 0
96 83 17
68 51 21
0
1
104 83 0
1
74 57 0
1
74 55 3
1
59 38 21
1
44 38 17
2
58 49 10
75 57 18
0
2
93 62 11
70 57 16
1
36 31 4
1
82 85 0
3
101 97 0
57 52 19
73 75 23
1
96 85 20
4
99 65 0
78 65 11
91 68 17
64 54 24
4
83 82 6
75 57 10
61 46 17
90 62 22
0
2
72 60 20
60 34 23
2
91 61 4
97 85 17
1
66 62 19
0
1
56 42 10
3
77 57 6
66 52 10
83 62 17
1
101 91 14
1
74 70 3
1
73 55 7
0
2
74 74 11
65 53 12
3
85 73 3
65 52 5
83 72 11
0
0
1
73 71 8
0
1
85 76 13
4
82 57 5
93 76 11
87 59 12
47 36 19
3
67 68 19
65 47 20
87 68 24
0
3
74 47 9
51 33 13
52 49 24
1
66 54 12
1
72 55 1
0
0
1
78 60 5
1
83 72 23
1
104 88 17
2
78 59 3
64 55 16
1
113 92 20
3
79 52 1
102 106 4
70 51 21
0
2
53 41 3
28 22 18
0
3
92 69 0
97 75 9
55 48 19
2
71 42 13
79 60 20
1
85 74 3
1
111 83 6
1
76 59 24
1
56 39 4
0
1
69 52 12
2
81 52 1
120 107 19
1
68 56 4
1
63 45 23
2
77 73 3
69 45 13
3
96 79 0
103 83 6
118 78 10
1
94 76 4
2
90 69 12
75 64 17
3
88 64 3
74 69 6
98 74 14
1
91 74 4
1
84 71 5
1
80 63 1
3
75 64 3
114 67 4
81 61 21
1
88 58 19
2
59 59 0
89 71 19
3
104 80 4
108 80 17
69 52 19
3
52 49 3
83 54 13
79 50 23
0
3
71 52 4
74 47 13
93 79 14
2
104 94 14
74 66 15
0
3
73 53 8
121 94 18
111 96 24
0
0
2
105 98 0
87 69 4
0
1
78 69 0
1
88 78 11
1
77 63 0
1
80 48 3
0
0
2
94 71 14
104 80 20
1
77 68 0
1
92 90 20
0
2
92 76 3
106 83 19
1
87 74 1
0
2
91 89 1
84 66 5
3
111 94 12
77 56 13
81 60 19
2
113 67 5
92 70 18
0
3
104 86 8
98 68 13
98 74 18
1
69 59 17
1
55 55 10
3
71 51 0
69 58 10
89 81 19
2
71 63 1
84 67 17
2
80 67 3
96 74 13
2
89 56 10
100 84 17
0
2
80 61 0
52 38 1
0
3
100 77 4
65 56 11
80 57 12
1
111 99 24
2
117 123 5
104 92 18
0
2
37 26 14
114 101 21
0
1
91 78 14
2
53 40 1
96 79 18
3
52 41 17
84 67 18
95 85 22
1
67 52 1
1
100 64 11
3
86 80 3
76 66 10
94 70 20
1
87 74 12
2
87 75 0
107 89 22
3
126 110 10
80 69 11
93 79 21
1
132 106 17
1
103 83 22
3
108 92 17
92 75 19
78 70 20
2
91 73 18
55 46 19
3
86 81 3
60 55 9
80 71 17
2
80 60 1
121 97 4
1
92 81 3
1
106 88 14
0
5
114 84 1
104 88 13
64 62 15
87 92 19
82 85 22
1
105 73 17
1
106 92 7
3
124 101 1
93 58 9
90 80 22
0
3
88 69 0
77 55 12
92 86 17
3
125 124 0
101 82 16
70 58 19
0
1
75 62 11
2
47 40 3
78 69 13
1
108 83 19
0
1
99 84 5
0
1
92 63 21
0
2
105 77 12
77 69 20
2
112 86 16
82 61 22
1
114 102 6
2
113 86 17
68 54 24
1
93 72 5
1
91 80 4
0
1
134 124 2
2
96 91 14
96 71 22
1
84 73 0
2
68 58 19
54 44 20
0
0
1
98 65 4
1
76 48 19
1
109 106 14
2
114 101 11
100 103 14
2
112 80 0
58 49 2
0
1
126 83 2
3
119 95 4
122 93 6
96 78 24
3
101 79 6
143 118 13
112 97 14
1
105 84 17
0
0
2
87 72 1
112 86 19
1
99 75 3
3
110 108 1
100 67 10
133 87 13
1
116 110 19
1
114 87 12
1
106 90 10
0
1
68 52 4
1
115 94 13
0
2
104 84 12
98 83 20
0
1
107 89 18
1
121 106 16
3
75 65 10
103 66 11
131 93 12
2
130 83 14
108 65 22
3
63 42 0
118 103 4
117 84 20
3
91 74 0
112 107 19
96 75 22
1
90 70 22
0
3
86 73 0
152 126 2
126 105 20
1
93 64 23
2
111 95 14
126 85 19
1
37 26 0
0
2
103 84 10
94 71 19
2
123 86 5
111 114 16
0
2
107 102 6
118 76 8
0
0
1
145 133 18
1
118 81 14
2
113 106 20
70 49 24
3
118 81 8
113 83 14
103 94 20
0
0
1
100 75 14
1
80 63 17
1
139 94 18
0
1
127 123 20
0
1
113 87 19
2
118 96 1
104 87 23
1
94 64 9
2
99 77 4
115 110 13
1
109 106 3
1
83 66 9
4
95 91 1
122 83 17
124 93 18
108 72 22
0
0
2
65 53 5
102 84 24
0
1
130 86 22
1
123 91 3
2
107 72 1
112 106 13
1
98 73 1
3
77 63 10
120 85 13
74 63 19
1
119 95 18
0
2
121 109 9
63 56 20
0
0
2
97 87 0
103 88 5
3
112 85 2
158 153 12
110 105 22
1
104 68 10
1
147 136 21
1
116 83 3
0
1
143 101 12
1
94 58 14
4
102 82 5
122 103 10
83 68 13
106 87 23
2
89 70 12
125 118 18
1
122 89 4
2
93 66 2
91 76 19
4
93 58 7
98 78 14
138 140 16
88 75 20
1
67 56 5
2
132 85 0
88 70 19
2
97 68 5
92 82 14
2
89 89 4
106 84 12
1
111 94 10
1
161 113 5
0
3
99 70 2
115 86 10
125 88 17
2
120 102 7
107 94 11
2
79 57 15
127 98 20
3
185 154 6
122 90 15
88 76 24
0
2
90 72 9
116 101 20
1
115 102 6
1
94 102 7
0
1
86 64 6
2
100 87 3
113 81 20
1
99 81 12
1
120 117 22
1
100 79 10
0
1
115 91 18
1
102 85 5
0
1
136 138 22
1
134 109 4
0
2
130 94 19
134 102 21
3
86 86 13
136 110 17
152 93 18
0
0
2
109 94 4
142 130 9
0
0
0
0
1
112 106 18
1
117 118 17
5
131 90 0
118 87 4
114 89 6
126 94 14
133 90 20
0
1
163 153 10
2
145 132 1
108 95 20
2
142 104 18
150 135 21
1
99 63 3
1
134 115 4
0
0
1
105 93 7
4
131 126 1
118 89 5
106 91 6
102 58 17
1
113 107 17
1
145 99 4
0
0
0
4
80 69 4
80 72 11
146 165 13
123 91 20
2
150 115 9
173 161 16
1
148 117 17
1
77 59 24
0
1
87 72 16
0
2
115 81 18
88 65 19
3
108 87 3
95 81 18
98 95 23
1
137 116 12
1
90 77 5
1
109 85 3
0
3
126 95 2
109 93 14
127 99 24
3
125 96 0
150 122 3
125 105 5
1
132 100 4
1
123 84 14
1
129 109 0
1
160 149 21
4
95 72 0
162 157 5
99 57 13
132 104 14
1
119 84 3
1
104 66 5
0
0
2
109 89 2
162 144 3
1
121 94 17
2
133 103 1
129 117 9
1
157 134 21
3
119 92 3
129 99 10
105 103 17
1
153 148 19
1
95 62 17
0
4
136 102 4
153 124 10
122 90 18
131 116 19
2
125 108 13
128 94 20
1
187 154 19
1
159 149 13
3
158 120 3
92 73 14
136 118 22
0
1
108 83 7
4
113 79 3
109 102 19
108 100 20
118 78 23
0
0
0
2
135 114 0
82 92 1
2
126 107 10
118 115 19
1
139 99 5
0
0
0
1
132 95 17
3
151 131 3
146 116 9
159 137 12
1
107 91 10
1
163 91 12
0
1
119 95 7
0
1
135 96 13
1
111 85 12
3
128 94 9
94 77 12
86 60 20
1
117 96 0
1
143 101 0
0
1
166 110 20
1
123 102 19
1
144 121 23
1
114 96 19
2
113 92 17
129 94 21
1
102 87 8
2
107 78 1
158 118 3
3
143 113 3
153 125 17
87 76 19
2
124 115 10
152 121 14
0
2
135 99 6
160 134 17
1
135 101 13
3
111 84 3
152 134 21
155 106 22
0
1
97 96 17
0
1
151 129 14
3
138 118 12
120 93 15
130 113 16
1
159 106 16
2
99 65 4
99 74 7
0
2
137 115 3
113 86 7
3
191 149 11
108 82 18
119 88 21
1
144 119 5
1
83 56 2
1
121 75 20
0
0
1
154 123 0
2
161 116 3
122 77 17
2
110 85 1
175 158 20
1
146 82 6
0
1
114 100 21
2
125 97 19
129 108 22
1
102 99 13
0
3
148 129 3
138 130 11
131 111 24
2
116 99 1
120 94 3
0
3
142 119 6
158 114 10
106 76 19
3
145 122 11
119 81 12
146 124 21
1
112 83 10
0
2
109 83 3
126 89 6
3
200 202 11
118 88 14
176 109 16
1
163 132 21
0
2
128 110 0
153 124 20
1
164 154 5
2
78 65 21
154 113 22
0
2
129 83 6
165 118 13
0
3
105 76 4
159 138 6
97 57 9
0
1
167 118 19
0
1
142 136 0
2
157 115 18
136 108 24
3
150 135 7
162 126 8
159 122 24
1
120 79 10
2
147 111 10
82 73 19
2
90 74 0
187 162 4
1
145 96 24
1
155 107 17
2
172 134 0
203 151 10
0
2
201 179 17
152 128 19
0
1
64 44 20
2
221 152 5
138 98 10
0
0
0
1
95 91 0
1
178 125 19
0
0
2
153 126 11
155 111 20
2
158 123 3
136 101 6
1
165 144 10
2
146 121 19
153 130 23
0
0
2
134 129 1
128 93 18
1
161 149 13
1
115 107 24
0
0
0
1
50 37 3
0
2
118 98 0
160 132 2
2
143 101 7
123 103 23
0
0
2
160 126 16
142 104 20
1
107 100 5
0
0
2
201 171 5
189 148 15
1
133 117 14
0
2
153 165 0
155 125 4
1
130 88 8
2
174 133 4
189 138 17
2
196 196 9
140 147 10
1
155 121 4
1
131 99 19
3
106 92 0
146 96 5
140 113 19
1
135 115 0
3
126 111 0
115 105 22
165 115 23
1
159 175 20
3
138 133 1
127 95 7
180 162 10
1
153 111 10
3
132 97 4
195 158 12
202 181 19
0
3
141 111 9
173 98 12
126 114 18
3
136 103 0
172 126 4
109 91 10
0
0
1
171 122 5
1
173 144 7
0
1
148 116 20
2
199 150 10
114 94 13
2
151 118 22
144 104 23
1
142 129 12
0
3
164 133 1
126 98 12
144 128 24
1
109 88 20
1
126 113 1
1
165 139 19
1
80 68 3
2
101 85 9
171 146 22
0
0
3
150 128 3
103 82 8
166 102 14
2
120 97 10
161 120 13
0
1
167 163 6
2
160 123 12
132 130 17
0
0
3
98 88 5
128 102 11
190 139 24
2
175 129 13
154 132 23
2
107 90 6
116 71 21
0
0
3
131 98 1
173 123 13
92 63 17
0
1
133 96 21
0
0
0
3
180 134 13
141 146 14
170 137 24
1
188 165 24
0
0
0
1
129 86 19
2
92 69 8
136 100 20
1
126 110 9
2
169 161 13
165 138 17
0
1
117 81 24
1
158 126 10
0
2
103 108 18
116 85 23
0
2
156 104 13
176 137 19
2
138 130 1
112 79 5
0
3
146 102 3
144 133 5
108 96 11
1
186 135 6
2
155 115 13
140 124 18
0
0
2
182 178 4
236 172 24
3
184 147 1
202 184 6
171 119 19
0
0
2
142 121 3
175 147 19
1
156 89 5
0
