3 3 6 5 7 2 7 5 4 2 4 6 4 4 1 4 7 8 8 8 4 4 7 1 8
0
3
6 3 2
7 6 8
8 8 24
2
7 4 7
6 4 19
2
8 7 6
5 3 12
0
1
9 7 17
0
2
8 6 17
8 5 24
1
10 8 18
1
10 8 2
1
6 5 16
3
6 5 6
8 7 21
9 7 24
1
10 8 24
2
10 8 16
11 10 19
2
8 5 0
8 7 2
1
9 6 11
0
1
10 9 24
2
11 8 17
8 7 24
2
12 10 0
9 6 7
2
10 7 3
16 12 18
0
1
8 7 2
1
14 12 0
1
9 8 22
0
0
2
9 6 6
11 10 16
2
13 12 21
9 5 24
0
2
14 11 11
15 15 17
3
7 5 7
10 8 10
13 10 19
1
12 10 24
1
10 6 15
2
14 8 2
14 15 9
2
12 8 1
11 9 16
1
9 7 22
0
1
16 14 2
1
12 9 21
0
0
2
15 13 2
14 13 7
2
18 14 11
8 6 19
2
12 10 4
20 15 7
2
12 10 1
13 10 10
1
7 6 22
2
15 13 1
14 11 2
2
9 9 8
14 12 11
1
16 14 8
1
16 11 7
2
15 12 4
12 9 17
1
16 12 3
1
13 13 18
0
1
16 13 19
1
14 11 24
1
21 17 13
0
1
15 14 19
0
2
17 11 17
12 12 21
4
17 11 0
16 13 9
18 14 11
15 11 22
1
18 16 8
1
23 20 15
1
13 7 21
0
1
12 9 24
1
19 16 24
2
16 12 10
16 13 24
0
2
21 20 2
18 14 16
0
1
22 15 18
0
3
17 11 2
18 14 6
22 22 24
0
3
17 13 2
19 18 3
11 9 15
2
21 19 2
19 14 22
2
26 17 10
19 16 22
1
13 10 1
2
16 13 10
25 17 17
2
14 10 20
17 11 21
0
0
1
14 8 6
1
15 11 3
1
14 13 4
4
19 18 2
18 13 15
25 16 16
27 19 20
1
25 22 20
1
17 14 13
2
26 23 6
22 16 10
0
3
16 14 0
18 14 11
23 16 23
0
1
12 8 4
1
19 14 8
0
0
1
21 15 17
0
2
24 18 7
24 16 14
1
21 16 18
3
26 18 3
29 24 16
20 18 18
1
26 21 19
2
21 20 6
19 15 17
0
1
15 12 21
2
26 19 22
25 26 24
3
20 15 6
24 22 19
21 16 24
1
33 25 18
4
33 26 3
21 14 10
24 23 12
17 12 15
1
29 22 24
1
28 20 3
1
22 18 4
1
16 12 18
0
2
31 28 0
29 26 15
2
17 12 3
30 24 16
2
30 23 12
31 25 20
1
27 18 12
0
0
2
23 15 11
27 29 15
1
30 25 22
2
25 20 3
22 16 18
1
26 20 24
0
3
36 31 2
23 22 22
32 24 23
2
30 21 17
20 15 22
0
1
25 21 18
2
26 24 8
29 23 20
1
30 22 11
4
28 24 0
28 24 8
19 14 13
36 29 24
2
30 23 6
25 18 11
3
34 29 6
23 16 11
16 14 17
3
25 17 2
25 18 6
37 33 22
1
43 32 24
1
20 18 2
1
25 20 17
1
37 33 0
0
2
19 14 1
36 27 6
1
24 23 18
3
32 27 2
31 21 4
33 28 11
0
0
1
30 21 22
1
19 15 19
1
29 21 11
1
33 31 6
4
40 31 7
36 38 13
18 11 16
18 14 19
0
1
37 28 0
0
2
33 25 2
22 19 13
1
37 19 19
0
3
38 32 10
40 32 15
36 24 24
3
22 16 4
28 21 15
31 22 20
0
1
24 15 6
3
34 27 8
20 16 16
33 27 19
2
41 40 0
33 29 7
0
2
33 26 20
35 29 21
2
35 34 16
29 22 19
2
36 30 10
37 30 12
0
1
31 22 18
1
37 35 2
1
41 26 20
1
40 40 22
1
23 21 16
1
27 28 16
1
38 31 2
1
32 26 8
1
27 22 17
1
38 37 4
2
27 21 2
42 33 6
0
2
35 27 19
47 36 22
1
43 38 1
2
33 24 6
39 37 17
1
29 22 23
0
5
35 31 1
43 32 3
39 24 8
33 28 11
49 39 22
0
2
38 28 3
45 34 22
2
41 40 12
21 15 13
2
34 24 19
35 25 24
3
25 22 13
44 31 14
27 25 20
2
43 44 4
29 25 6
5
38 29 1
35 28 2
31 20 4
34 29 20
31 28 24
1
27 20 2
0
1
34 26 4
2
36 35 3
31 27 20
1
38 30 24
1
43 33 3
0
2
47 40 0
34 26 21
1
45 35 2
0
2
42 29 5
29 25 24
2
36 29 13
42 29 22
0
1
45 29 19
1
34 28 15
2
39 29 19
32 25 24
0
2
41 26 14
36 29 15
2
27 23 2
49 34 20
2
51 32 8
42 39 10
2
60 60 10
54 32 16
3
53 46 13
34 21 19
33 26 24
1
40 37 13
0
1
37 31 0
2
41 34 9
40 37 16
0
1
49 46 19
0
1
46 30 4
0
0
2
45 35 18
54 52 24
1
35 37 10
3
27 21 4
40 28 5
34 33 20
2
52 41 10
50 35 12
1
48 36 12
1
39 28 14
1
31 23 3
1
39 35 4
1
55 42 5
2
54 41 2
46 39 22
2
46 30 4
53 43 18
0
1
40 30 21
1
31 23 6
0
0
0
1
27 17 9
2
53 36 4
33 21 17
3
38 31 2
53 37 5
50 49 7
2
52 45 0
48 36 22
0
1
45 36 22
0
2
61 49 22
61 57 24
3
36 25 0
34 33 3
57 43 21
1
47 41 3
2
42 35 15
44 36 21
1
44 36 6
1
37 28 1
1
51 42 2
1
51 39 2
1
39 27 18
1
46 39 3
2
38 37 19
49 45 24
0
3
54 43 11
49 36 18
43 32 24
1
48 42 2
2
38 30 17
53 41 21
0
2
45 36 4
60 44 19
0
0
0
0
3
40 33 6
41 34 17
59 46 19
1
47 29 24
0
2
34 28 1
48 37 2
2
42 33 4
46 32 15
1
71 46 18
1
47 38 13
1
46 38 19
1
36 30 22
2
46 42 11
38 35 21
1
58 47 21
0
0
2
52 40 11
53 49 21
1
58 37 24
1
57 46 2
0
2
52 41 11
61 50 24
2
42 34 11
37 33 16
2
62 47 6
30 18 13
1
41 27 1
0
1
37 35 16
0
0
0
1
59 54 24
1
61 55 9
2
55 47 4
37 30 6
3
68 61 6
56 45 19
46 33 21
3
57 54 8
57 42 22
64 41 24
0
2
64 53 4
50 42 7
1
55 47 17
0
2
50 39 2
66 47 6
1
66 48 2
0
0
0
0
2
61 59 4
53 46 22
2
35 27 4
70 54 19
3
64 62 9
45 33 11
57 49 16
1
76 60 4
2
48 40 18
65 50 22
0
4
41 33 1
49 43 12
42 32 18
55 54 20
1
76 65 11
3
36 38 0
68 54 4
60 52 17
2
56 47 16
61 51 20
1
65 47 22
1
67 46 6
1
58 53 3
1
54 39 17
0
2
81 62 13
56 44 22
2
61 48 18
62 50 24
2
60 52 13
76 70 16
1
52 35 22
0
1
63 53 10
2
43 36 6
43 43 14
1
58 42 21
0
1
60 46 2
2
51 38 4
51 32 20
2
62 56 8
54 46 16
1
67 65 11
2
45 37 3
67 65 18
2
57 43 7
65 52 17
1
45 38 19
2
57 57 0
67 48 15
2
54 40 12
55 51 24
2
64 34 13
49 40 19
0
1
68 44 21
1
41 38 4
0
1
45 42 19
0
0
2
55 51 13
52 48 24
2
54 41 11
68 64 12
3
52 41 4
63 46 7
77 58 24
2
89 68 4
60 55 16
3
42 26 4
73 39 18
62 54 19
0
0
1
63 41 8
1
57 56 6
1
61 43 24
0
1
54 41 20
0
0
0
4
76 58 7
38 31 11
82 62 19
50 41 24
2
58 50 19
63 50 20
1
71 49 19
1
43 29 18
1
53 41 24
1
50 42 24
0
4
68 45 5
54 45 19
78 58 20
56 45 22
0
0
2
52 40 10
51 37 22
1
66 56 3
1
65 45 2
2
48 39 12
64 44 17
2
67 46 4
44 38 8
0
2
58 52 1
49 43 16
2
48 36 11
61 50 18
2
69 45 18
50 32 22
0
2
84 62 10
48 39 19
1
62 36 15
0
1
63 62 6
1
56 47 3
1
50 48 2
5
73 74 4
64 45 6
58 45 8
90 61 9
66 46 23
0
3
66 52 3
75 52 11
38 28 20
3
73 46 14
79 52 16
59 52 19
2
63 48 9
41 34 20
0
0
2
75 67 13
86 80 18
1
60 55 4
0
2
85 56 5
62 46 17
1
58 56 13
1
59 46 4
1
77 64 5
1
55 38 15
2
65 54 2
56 36 11
2
84 55 1
46 31 2
0
1
85 59 10
1
58 57 21
1
44 35 22
0
2
50 38 12
85 61 24
1
76 58 19
1
89 77 10
2
80 56 2
60 47 11
2
51 39 4
50 38 19
4
76 56 2
85 75 19
82 56 22
65 53 24
2
65 59 15
56 35 24
2
66 47 11
88 65 17
1
74 55 0
0
1
62 60 14
1
58 46 7
2
82 51 4
71 52 20
3
40 31 2
78 72 4
46 33 22
4
106 88 4
47 46 11
56 56 22
66 52 24
2
61 41 3
64 44 15
2
61 43 3
88 74 20
2
91 83 8
67 55 20
2
61 56 14
74 61 19
1
80 70 12
2
71 61 3
80 57 21
1
82 67 18
0
0
0
1
76 70 12
0
1
112 99 20
0
1
81 69 21
2
71 58 9
63 47 21
0
1
120 96 13
2
96 66 17
91 67 21
1
56 44 20
5
58 51 3
82 70 4
79 63 9
74 71 16
83 71 17
0
1
91 63 3
0
0
3
78 67 6
74 70 13
74 55 17
1
76 53 24
1
71 61 17
1
97 92 15
0
1
70 53 23
1
77 51 6
2
63 61 4
70 63 22
0
0
1
97 63 22
1
96 88 18
2
69 58 10
71 53 11
0
0
0
1
47 44 7
2
101 80 8
111 101 16
1
74 65 17
0
4
72 60 2
92 67 15
83 77 19
82 63 22
2
102 72 8
89 70 20
4
80 49 7
76 57 17
92 98 18
92 72 22
0
1
82 64 24
1
69 52 6
1
86 83 15
1
68 49 7
0
1
76 59 8
2
64 57 4
84 53 7
1
88 69 13
0
0
1
52 46 17
0
1
72 57 24
1
63 50 6
0
1
89 76 24
1
113 80 15
1
67 56 3
1
114 89 16
1
94 58 4
2
68 56 3
100 75 4
0
0
0
3
98 72 7
76 61 8
73 53 11
1
85 64 2
1
89 77 6
0
2
79 66 4
94 74 7
2
113 93 4
85 72 15
2
71 56 7
104 85 19
2
63 56 13
101 83 15
0
0
1
83 63 3
0
2
94 64 7
61 46 19
1
85 61 5
1
61 52 6
2
82 74 4
86 69 16
1
67 54 9
0
1
62 56 24
1
48 42 12
2
56 55 3
130 90 9
2
82 67 4
89 72 24
3
77 63 11
110 82 13
66 59 21
3
103 75 7
41 29 11
88 72 24
2
83 58 10
98 93 17
0
2
88 65 2
84 69 22
0
0
1
96 84 9
1
85 65 4
1
89 54 0
2
91 69 4
77 69 10
2
93 77 4
64 57 22
1
99 71 5
3
73 68 2
75 63 4
84 83 10
2
87 73 4
134 96 15
3
77 59 2
105 87 18
95 84 21
3
83 71 9
75 67 11
70 50 22
0
0
1
115 105 8
1
115 104 8
0
1
88 67 6
5
71 60 2
103 77 13
84 73 15
93 90 19
88 67 24
0
2
65 48 2
120 117 24
3
71 50 7
125 100 11
92 92 23
0
1
91 76 17
1
90 76 7
3
82 50 2
105 85 20
70 54 24
3
104 74 3
45 31 7
82 61 20
2
111 69 23
66 41 24
0
1
73 48 11
4
64 48 6
92 70 15
92 67 19
99 80 22
1
96 96 10
3
110 75 2
91 76 7
66 65 10
1
73 52 7
1
89 71 2
1
94 74 20
1
97 80 19
1
93 85 1
2
96 62 15
104 84 22
1
135 130 2
2
65 53 10
87 71 13
0
2
92 67 11
96 90 17
5
95 70 1
120 85 2
88 75 3
92 71 10
86 52 19
1
76 52 16
0
2
120 95 10
70 53 17
0
2
119 88 18
96 68 22
1
73 61 21
2
57 49 3
64 42 17
2
109 88 13
150 121 18
4
97 59 1
127 91 6
78 49 17
95 87 20
1
102 83 17
0
1
145 119 21
0
1
89 82 2
1
91 74 4
0
0
2
91 69 13
95 73 21
0
0
2
100 57 18
97 83 22
0
0
4
82 47 4
70 57 8
69 54 10
78 69 18
1
127 110 10
3
76 70 7
90 87 13
105 75 19
1
116 78 24
0
2
108 80 9
80 50 16
2
105 70 4
102 88 11
2
84 56 19
81 65 24
1
65 47 17
0
1
116 79 2
0
0
4
154 117 2
130 109 3
89 72 5
85 75 22
2
88 74 17
97 85 24
1
122 91 19
1
134 119 3
2
115 67 18
80 67 24
3
84 75 15
97 67 19
109 79 20
1
100 81 17
1
78 55 11
2
87 67 20
84 72 21
2
114 83 5
106 77 17
1
80 55 3
0
1
100 88 6
1
97 68 20
0
1
118 94 2
0
1
72 48 8
3
116 104 7
109 89 11
88 67 24
0
1
103 83 3
2
138 79 2
108 77 16
1
102 74 18
4
124 83 9
110 80 13
108 94 15
108 83 16
4
114 89 0
114 94 16
146 93 20
97 65 24
1
122 111 19
2
89 75 9
104 70 16
0
1
133 101 0
1
131 76 16
2
124 90 0
94 64 19
2
96 87 5
100 78 18
1
113 89 23
1
95 92 2
3
141 116 4
106 70 20
105 80 24
3
95 66 12
86 51 18
108 75 24
2
86 69 4
128 112 6
2
100 105 6
87 68 20
3
89 75 4
112 81 12
109 83 22
1
82 50 17
0
1
100 88 18
0
0
1
108 65 20
0
1
106 66 3
2
92 68 4
111 94 16
0
0
1
113 104 13
3
86 73 2
112 90 3
78 61 6
2
107 104 0
101 80 24
1
100 76 7
4
99 84 1
99 72 3
110 85 11
70 52 18
2
91 78 6
132 103 21
0
2
146 112 15
132 107 19
2
84 66 22
99 81 24
2
98 63 9
116 82 24
1
84 75 7
4
90 63 3
114 96 11
96 76 12
128 99 22
3
133 110 3
134 122 12
107 80 17
3
106 79 7
91 61 17
69 44 24
0
1
102 84 19
1
132 92 19
3
119 98 0
108 100 3
147 126 15
1
82 59 11
0
1
116 99 5
2
105 84 6
64 59 20
1
114 108 18
0
2
94 74 17
121 109 18
2
90 74 11
124 63 21
1
115 86 18
1
104 81 11
1
170 138 20
2
128 139 6
133 110 24
1
135 107 19
2
137 94 13
111 85 21
0
3
146 128 17
80 58 22
114 112 23
3
124 77 4
99 90 12
90 71 18
1
106 92 3
1
80 54 19
1
144 115 16
1
98 81 19
2
110 69 9
84 65 18
5
84 77 3
100 70 7
99 73 18
93 77 20
106 90 22
0
0
0
0
1
136 106 7
1
125 87 4
3
87 74 9
81 68 15
130 100 18
2
86 64 17
64 52 18
1
116 95 4
0
0
1
117 87 2
2
123 95 11
80 67 24
2
105 86 15
82 79 24
2
96 88 4
120 100 17
4
117 85 1
135 120 3
76 63 19
156 125 22
2
151 136 4
126 115 17
0
1
111 81 22
2
116 94 1
138 92 18
2
84 77 2
177 134 12
1
90 69 1
2
119 119 13
115 99 19
5
130 135 2
58 44 6
109 92 10
123 88 14
127 92 18
1
103 65 18
3
115 81 9
115 101 15
85 79 16
0
1
139 105 24
2
108 88 1
152 117 9
0
2
120 94 4
122 112 18
0
1
193 146 16
0
1
91 83 24
2
86 78 0
85 67 3
3
142 136 15
101 92 21
128 107 22
1
137 81 2
2
90 83 5
155 107 21
2
136 148 12
105 80 22
1
120 89 5
1
137 101 15
3
109 93 2
130 95 3
121 99 5
2
148 130 23
126 94 24
0
1
102 83 2
2
112 109 7
165 124 17
2
140 113 4
153 111 6
3
77 73 3
77 57 18
95 76 24
1
101 101 18
1
117 97 19
2
119 110 6
117 88 7
2
95 65 22
159 132 24
1
142 99 6
1
144 131 16
2
117 104 16
113 73 24
1
171 127 17
0
2
161 134 8
98 78 11
0
0
3
142 119 5
99 68 10
143 125 18
1
137 139 7
2
90 67 8
91 61 11
4
135 114 0
119 102 7
119 118 8
141 117 15
1
87 67 6
3
141 119 3
151 115 22
128 115 24
3
114 96 2
87 75 3
112 108 19
0
2
83 63 12
137 110 22
1
112 85 18
0
1
64 55 16
0
0
1
97 65 4
2
99 94 4
99 91 11
0
3
135 134 2
126 100 11
79 63 17
0
1
135 112 19
1
151 140 5
0
2
189 134 6
103 100 17
3
132 103 3
119 96 18
127 97 21
2
140 113 5
109 80 6
2
145 118 6
156 122 10
1
121 78 11
0
0
1
81 59 11
1
94 76 22
1
154 131 2
2
115 99 17
186 122 21
2
161 147 4
91 64 14
2
138 133 22
80 72 24
0
3
109 106 2
112 90 8
158 131 21
1
140 140 8
2
105 64 19
120 90 22
3
140 133 6
151 110 11
142 104 24
0
4
115 101 4
158 127 16
75 55 17
111 86 21
2
87 66 2
122 79 22
1
148 151 19
1
122 102 24
0
2
99 69 19
146 105 24
0
0
2
122 91 7
108 85 22
1
149 117 0
1
144 114 18
0
0
1
130 97 1
1
78 58 18
1
145 103 15
1
66 72 15
1
152 129 5
0
1
132 118 21
2
149 119 17
122 102 24
1
127 102 8
1
163 115 3
0
1
107 77 6
0
1
135 114 8
3
112 100 2
159 131 4
108 89 10
0
4
159 128 1
88 76 2
135 112 4
180 122 12
2
154 133 9
117 80 24
1
82 57 10
3
134 98 1
125 97 7
119 93 13
0
0
0
1
128 110 18
0
1
94 62 2
2
126 88 11
152 133 16
1
148 132 0
1
161 142 17
1
145 124 3
1
113 101 10
0
1
86 75 8
1
96 66 4
1
103 96 4
1
160 105 18
1
112 95 17
0
2
133 132 8
118 101 19
1
143 119 22
2
142 112 0
118 95 6
1
165 156 16
1
166 127 24
1
173 161 3
0
2
154 120 15
134 116 18
0
1
154 116 6
2
165 152 10
136 98 16
2
168 121 2
110 73 11
1
108 89 4
1
135 95 3
0
1
147 128 19
0
1
101 72 16
3
150 136 4
108 108 9
155 106 20
0
2
85 72 2
106 77 17
0
1
141 91 19
2
145 132 6
200 159 24
3
129 111 10
151 106 11
121 89 19
1
180 131 11
3
112 84 3
122 86 13
109 82 24
1
124 117 17
4
163 123 15
132 112 17
122 98 18
153 115 24
1
175 126 4
2
103 69 4
77 66 20
1
152 104 21
1
145 109 3
2
156 109 8
130 78 17
0
4
159 112 7
160 121 10
122 99 18
149 141 23
1
169 121 4
1
133 108 8
2
132 112 16
117 99 21
0
1
120 74 16
3
161 103 6
158 141 16
152 80 24
4
136 124 5
125 112 16
145 89 17
152 121 19
2
71 60 6
155 112 16
2
156 124 10
100 88 22
2
114 100 18
162 114 22
3
166 107 4
147 107 13
114 97 18
1
129 115 19
2
161 139 12
178 126 24
2
182 161 8
128 102 11
0
0
2
136 96 4
161 111 23
1
137 95 19
3
130 108 6
135 103 8
133 97 18
2
164 134 21
83 68 24
1
149 128 7
2
184 145 16
139 96 18
3
160 106 3
95 91 7
184 139 19
2
169 157 4
156 112 24
1
112 108 5
1
130 101 12
1
146 127 18
3
191 152 6
116 111 9
151 123 24
4
174 153 2
175 155 7
158 137 17
136 139 22
1
163 130 6
0
1
164 110 6
0
2
118 86 1
181 133 18
1
168 136 10
1
173 137 16
1
79 66 1
1
98 58 7
2
124 94 15
184 136 17
1
172 156 4
2
176 136 9
139 113 16
1
202 177 17
1
201 165 18
4
165 100 4
146 114 16
135 119 19
166 151 21
1
139 107 22
0
0
1
190 152 19
1
86 71 3
0
2
152 122 13
165 144 24
3
148 126 4
183 161 12
197 171 19
1
180 125 3
1
142 110 11
1
144 144 16
1
156 112 13
3
195 187 14
134 120 19
125 103 24
1
122 112 7
3
182 153 12
146 120 16
204 173 18
2
118 90 0
136 99 11
0
2
189 159 19
146 97 24
2
209 178 10
143 95 17
0
2
171 124 12
201 158 17
1
153 114 5
2
110 82 17
174 138 19
1
170 113 22
0
1
136 93 21
0
1
155 126 23
0
2
205 166 16
252 260 24
2
186 159 21
165 106 24
0
1
157 151 16
2
104 78 6
188 162 21
1
89 65 20
1
128 103 7
1
126 90 0
1
122 91 17
0
0
0
3
109 77 2
161 117 19
119 81 24
1
151 115 19
0
0
2
188 125 2
186 156 18
1
171 109 13
2
131 112 11
160 145 15
2
128 114 10
165 140 19
1
137 102 6
2
165 122 13
110 77 19
0
0
0
1
183 151 22
0
1
116 91 19
0
2
117 89 6
186 161 19
1
171 96 15
3
156 108 2
146 143 17
130 112 19
3
177 114 5
129 109 11
143 102 24
2
182 145 2
125 95 12
2
152 131 3
138 126 8
