5 3 7 8 3 7 4 1 2 2 3 6 6 1 8 8 8 6 2 7 4 8 1 1 1
0
4
9 7 0
9 7 5
7 6 16
6 5 21
2
9 8 10
7 5 16
2
5 4 0
8 5 10
0
2
11 6 11
9 10 19
0
1
10 9 15
2
9 7 11
10 9 12
1
5 4 20
1
8 7 2
2
8 6 1
9 8 3
1
7 7 11
3
10 6 2
12 11 11
9 9 17
0
0
2
10 7 15
7 6 19
1
11 9 3
0
2
14 11 5
13 10 18
2
13 12 3
7 5 6
0
0
0
3
9 8 3
10 8 11
10 8 19
1
10 7 17
1
17 10 15
0
4
14 10 8
11 7 15
8 6 16
13 12 20
1
9 7 12
2
13 10 11
13 9 18
2
12 9 11
11 9 16
0
2
15 12 6
16 14 17
1
16 16 5
0
0
4
14 11 3
18 14 15
11 8 20
11 10 24
0
2
14 12 14
14 16 21
0
1
11 9 3
3
20 17 0
15 11 6
16 10 14
1
14 11 12
0
1
15 14 1
2
13 10 5
17 12 20
0
1
9 7 19
1
12 10 9
0
2
10 9 5
18 14 16
0
1
16 9 17
0
0
1
17 15 11
0
1
11 7 2
2
12 9 5
14 9 21
3
20 17 0
18 12 5
28 29 16
0
0
0
2
16 13 12
15 13 15
3
18 16 4
18 12 9
15 12 20
1
13 10 12
2
16 15 16
19 16 19
2
20 18 15
12 10 17
0
1
23 23 0
2
21 19 19
19 16 21
3
16 12 12
18 12 17
14 11 21
2
20 17 5
16 14 13
2
17 14 2
17 12 16
0
1
17 11 9
2
16 13 17
14 10 19
1
17 15 19
3
20 16 8
23 15 16
19 15 17
3
18 12 2
22 18 6
22 20 17
2
16 14 2
26 25 6
1
17 15 17
2
25 16 0
22 16 17
1
18 14 3
0
1
17 14 19
1
25 26 21
1
22 15 15
1
23 14 19
1
26 19 14
1
20 14 6
1
25 22 21
1
15 7 5
2
22 21 9
18 15 12
2
20 15 1
27 20 20
2
23 20 2
22 18 17
0
2
27 19 5
18 14 15
1
19 15 11
2
18 13 0
22 17 20
3
21 20 2
21 22 11
25 20 15
0
1
28 24 12
1
22 20 12
1
22 15 21
0
2
27 17 8
31 23 11
1
29 25 14
0
1
25 20 16
1
22 17 19
3
28 26 13
32 26 14
15 12 24
1
29 24 14
0
0
1
19 17 6
1
23 17 5
0
4
29 23 3
26 22 5
31 25 15
19 17 24
1
23 18 2
2
20 16 3
36 23 14
3
31 25 5
23 19 8
23 24 18
2
27 21 1
15 11 21
2
27 21 0
29 13 10
0
1
33 24 0
3
34 26 18
23 17 19
31 24 21
1
28 18 1
2
31 29 15
24 21 17
0
1
16 11 3
1
24 17 12
1
22 19 16
2
35 26 4
26 24 10
1
32 26 4
1
29 23 21
1
24 20 3
0
2
26 25 4
34 25 8
3
37 30 10
40 34 14
31 33 19
1
32 23 21
3
30 26 0
34 33 15
25 22 17
1
28 20 0
0
0
2
29 23 0
27 20 12
1
31 26 22
1
27 23 2
4
39 38 2
33 27 10
25 25 14
32 25 15
2
25 23 13
22 18 21
2
33 25 5
27 22 6
1
34 24 5
1
20 17 14
2
33 31 0
21 18 23
2
27 21 0
39 27 19
1
22 23 14
0
2
39 28 17
33 31 18
0
0
3
25 20 17
37 35 21
38 26 22
1
27 19 4
1
22 17 5
1
28 26 21
0
2
31 24 3
35 27 11
3
28 20 11
34 25 16
29 28 21
2
39 29 2
29 30 5
1
34 29 14
2
19 13 3
37 25 14
2
20 14 6
35 32 9
1
38 28 1
0
3
28 22 14
38 34 16
34 25 21
3
24 19 5
39 31 15
30 26 19
1
36 31 14
2
21 16 12
29 21 17
0
4
36 33 0
30 25 3
21 13 17
27 21 23
2
42 33 14
36 29 15
1
30 23 2
1
42 30 15
1
10 7 3
2
45 38 8
43 39 19
3
43 37 2
34 26 16
39 33 21
1
38 33 6
0
1
41 30 14
1
29 24 5
1
40 36 5
0
1
23 15 22
1
31 22 3
1
30 28 19
0
1
29 19 3
0
2
38 37 2
38 28 9
1
29 20 12
0
1
32 26 16
0
4
46 34 13
36 28 15
46 34 16
54 46 22
2
36 25 2
38 31 19
1
46 29 3
0
0
2
44 30 11
51 42 16
2
41 36 5
23 15 15
2
43 34 10
39 27 14
0
2
44 38 9
44 37 15
1
44 41 2
1
34 27 21
0
1
29 17 3
2
39 32 2
38 34 3
1
37 31 11
1
29 20 21
3
36 29 11
53 34 13
35 26 21
1
41 33 16
2
35 30 15
29 24 16
0
3
38 23 2
40 36 18
26 18 19
2
50 46 3
37 31 15
3
37 37 17
37 34 19
28 23 21
0
2
37 30 8
31 27 10
0
0
1
40 30 5
2
42 31 2
39 36 12
0
1
41 30 2
1
41 38 19
1
36 30 5
0
0
3
47 37 17
30 25 20
61 49 21
2
56 40 5
51 38 10
0
2
38 33 0
39 40 2
0
0
0
2
46 26 1
43 40 2
2
49 43 6
52 46 21
0
1
39 28 21
0
1
54 49 2
0
0
0
2
58 52 5
40 38 11
3
32 24 0
47 41 3
51 36 17
1
37 32 2
1
22 19 0
2
42 28 0
42 36 19
3
30 25 3
44 30 12
49 37 16
1
42 32 9
1
67 64 14
0
2
49 39 7
49 29 14
1
44 43 17
3
55 42 1
45 40 14
45 35 19
0
4
48 32 10
45 31 11
53 47 14
48 37 18
2
30 26 19
37 26 21
0
2
47 42 20
58 40 21
0
0
1
53 37 5
1
50 41 11
2
57 48 18
34 28 21
1
54 37 20
1
44 39 6
2
43 33 6
49 43 11
1
63 45 17
1
37 23 18
2
38 31 14
22 15 21
0
3
57 41 0
64 46 12
54 38 16
3
74 62 15
53 44 16
55 38 21
2
49 31 3
49 46 16
2
46 29 17
77 64 20
2
39 31 0
38 28 16
1
56 50 20
3
55 45 0
48 43 14
69 59 17
0
1
50 40 21
1
64 44 15
0
0
2
54 48 14
49 34 16
1
50 46 14
0
2
58 49 12
25 22 20
0
0
2
67 61 3
54 40 20
0
2
53 40 10
57 51 21
2
43 39 14
67 49 15
1
64 51 21
4
52 38 3
55 49 13
55 51 19
45 32 21
0
1
55 35 21
3
63 44 14
56 38 15
38 25 21
3
54 41 3
60 51 5
48 35 17
2
60 49 2
39 35 12
0
0
0
1
59 44 12
0
0
0
0
2
71 57 9
66 55 23
0
2
50 38 5
47 37 19
1
56 49 3
1
62 50 16
2
73 59 2
78 61 17
2
70 57 8
65 51 18
0
1
37 30 16
1
49 37 3
1
47 30 16
1
62 53 1
1
66 55 2
0
0
1
47 33 2
0
0
1
53 36 12
2
68 46 11
68 50 14
0
2
37 30 0
53 48 14
3
46 43 0
35 32 19
56 52 20
3
52 46 2
37 25 6
54 34 7
1
66 59 11
0
1
41 36 16
0
1
32 27 19
1
63 43 3
1
67 45 20
1
40 36 14
0
1
49 36 13
1
77 55 5
1
62 47 17
1
51 43 17
3
59 44 4
30 23 5
71 56 6
1
49 39 8
0
2
41 28 6
68 51 12
2
39 31 5
59 41 16
1
61 51 3
1
57 47 1
2
75 63 3
70 56 11
1
63 42 14
2
43 33 17
56 47 19
2
53 53 15
70 53 20
1
56 55 6
2
63 54 6
74 68 21
2
84 55 2
57 43 16
4
87 77 0
46 35 5
64 54 11
61 45 14
0
2
56 51 12
57 46 14
0
2
52 49 1
49 38 15
1
50 43 1
2
66 43 7
65 53 14
1
43 33 19
0
2
73 75 2
50 47 14
2
65 52 1
58 53 12
1
66 43 21
1
53 45 16
4
73 59 11
61 64 12
79 54 15
47 40 21
2
78 62 10
81 57 20
0
2
67 57 3
89 70 8
1
54 49 8
0
1
79 64 11
0
0
3
82 68 0
63 50 9
46 37 16
0
2
80 66 2
57 47 12
1
62 49 13
0
4
72 60 0
80 63 3
78 73 5
51 51 17
3
78 66 0
59 47 12
47 42 24
1
65 51 3
3
63 47 0
56 34 8
44 31 12
1
82 76 24
1
65 58 12
0
0
1
82 72 8
2
66 61 3
80 61 16
1
84 76 12
1
84 57 16
0
0
1
52 40 20
0
0
0
2
72 60 15
54 43 21
2
86 64 8
57 42 14
0
1
72 61 5
0
0
2
82 72 0
84 68 12
1
68 53 14
3
76 71 11
89 63 19
75 63 21
0
0
1
77 60 16
1
34 23 17
1
82 68 0
0
1
70 52 6
0
1
62 49 1
2
62 59 15
66 44 16
1
69 52 9
1
73 58 12
2
65 45 10
91 67 16
2
77 57 17
61 58 20
0
0
0
2
78 54 17
39 31 21
2
63 53 4
80 59 20
1
39 38 21
2
66 45 2
106 98 21
2
87 66 11
57 53 21
2
70 62 8
101 75 24
3
77 60 12
73 53 17
61 56 19
0
1
73 50 11
1
57 50 15
1
103 83 14
4
74 60 4
70 59 5
74 74 13
76 61 21
1
88 43 7
1
92 70 8
1
91 89 17
0
1
72 50 14
1
69 54 5
1
82 60 11
0
1
83 78 17
0
1
50 38 14
0
0
0
1
81 64 17
1
100 71 3
1
90 72 18
3
98 80 5
73 57 12
98 78 20
0
0
2
80 65 12
106 69 16
0
4
77 69 4
99 73 5
63 35 14
93 67 16
1
69 45 14
1
97 93 5
1
71 53 3
2
71 51 11
60 61 21
1
61 57 4
1
72 53 16
0
1
74 60 8
0
1
76 54 15
0
1
83 58 19
0
0
3
62 35 5
76 61 11
112 76 20
2
96 85 6
77 65 20
0
0
2
109 94 9
92 84 15
0
0
0
0
2
75 63 8
79 65 12
1
98 69 5
2
80 81 5
53 46 23
2
72 50 2
48 44 21
0
2
90 72 20
95 79 21
2
95 89 19
99 79 20
0
1
97 66 16
1
91 73 0
1
92 68 16
2
67 55 5
77 54 16
1
114 75 19
0
0
2
61 56 3
65 51 11
1
73 55 6
1
72 60 2
1
121 97 17
0
0
0
1
64 46 6
1
96 95 11
4
83 55 0
121 82 2
73 51 4
62 48 14
3
104 93 5
67 49 10
129 107 12
3
65 61 12
71 59 14
94 83 24
1
70 59 6
0
1
78 72 0
0
1
95 61 16
0
0
1
91 60 2
0
5
82 56 0
86 68 2
70 64 10
86 76 16
102 76 19
0
4
103 68 8
82 77 11
59 44 14
106 83 15
2
90 69 0
92 70 22
2
89 67 3
100 87 15
0
3
62 55 14
99 79 19
94 71 20
1
87 84 14
1
96 80 16
2
75 44 1
101 76 8
0
1
87 72 12
1
94 75 10
1
118 93 17
0
2
100 74 2
90 63 3
1
85 66 5
1
97 73 14
2
97 59 0
82 65 20
2
48 33 16
86 66 21
1
100 77 5
1
84 63 4
0
1
57 46 17
2
108 90 16
108 97 17
3
89 62 3
80 74 5
63 57 16
0
1
105 87 15
3
74 52 10
118 77 14
113 70 17
1
73 63 0
0
0
0
1
80 65 5
2
103 81 3
82 73 14
0
1
67 55 2
3
81 73 2
79 50 14
76 62 16
0
3
99 73 15
57 40 16
122 73 19
0
0
1
121 118 19
2
90 65 14
106 90 18
0
1
108 81 18
3
74 67 5
105 87 16
86 64 20
1
94 70 16
2
80 67 2
107 102 10
1
112 90 14
1
89 85 15
0
0
1
78 60 14
2
95 81 1
64 64 5
4
98 70 0
142 122 10
141 99 11
127 100 19
3
98 60 4
59 45 11
103 80 14
1
100 89 11
1
85 91 15
1
69 56 12
3
99 72 2
116 86 3
112 83 14
0
2
104 78 3
122 89 19
1
79 67 2
0
3
119 87 5
90 47 18
51 31 22
1
115 120 11
0
0
2
95 49 3
74 61 5
2
106 92 12
43 42 19
0
3
80 63 5
78 70 14
94 73 24
1
114 72 19
2
117 67 0
93 66 14
2
42 24 5
114 73 17
1
112 89 2
1
140 116 14
1
140 114 19
0
2
128 121 3
79 58 16
2
98 92 15
108 81 16
2
132 125 3
112 87 17
0
0
3
78 71 6
70 54 14
108 79 16
3
116 85 1
76 58 3
101 88 11
0
1
89 86 1
0
1
80 60 15
2
104 59 14
124 104 15
4
100 80 2
160 108 14
74 69 16
98 89 23
1
86 73 11
0
3
78 66 5
102 96 11
68 52 16
0
1
129 103 16
1
107 111 2
2
112 92 3
65 64 5
0
2
97 69 6
93 49 17
1
90 71 14
1
73 57 1
0
1
105 73 12
2
129 93 10
76 56 19
0
0
0
0
1
128 106 17
1
106 71 3
1
121 102 17
0
0
0
3
125 102 2
145 146 6
104 84 11
1
100 78 16
2
114 100 7
101 65 12
3
120 103 13
107 98 17
87 75 21
1
83 75 12
1
109 79 15
0
0
2
102 81 14
117 80 16
0
2
99 77 3
150 96 11
1
122 83 19
0
1
138 117 6
0
1
108 92 2
2
137 94 2
157 130 11
1
111 107 3
2
139 124 1
135 117 21
0
0
2
107 85 16
107 87 20
3
139 88 3
117 98 6
68 45 21
6
90 50 4
116 108 5
91 62 6
114 85 12
117 105 20
127 118 21
1
107 77 2
1
103 87 5
0
0
3
133 109 0
122 100 12
134 115 16
2
123 86 0
107 103 3
2
79 57 0
143 114 3
1
90 63 5
2
98 87 4
106 90 5
2
106 94 3
108 76 21
0
1
110 95 3
2
115 90 9
61 44 11
0
0
0
1
82 77 11
2
131 104 5
108 61 19
1
90 68 15
0
1
105 84 10
0
1
110 90 16
1
112 83 14
0
2
154 124 6
116 89 11
1
127 120 19
3
122 116 2
64 42 5
98 76 14
2
94 69 2
106 89 11
2
58 43 5
153 121 23
5
95 73 2
91 93 5
116 93 9
124 102 15
126 99 19
3
112 92 5
135 89 16
125 112 18
3
141 117 3
110 66 14
114 114 19
2
109 88 5
99 83 11
1
129 102 5
0
1
107 87 20
2
137 120 8
65 51 14
0
0
2
114 84 5
133 94 19
1
110 79 21
0
3
76 58 5
98 65 19
118 121 21
1
142 120 18
2
127 100 2
109 78 23
0
1
109 86 21
2
81 70 3
132 118 14
2
117 89 14
138 118 16
2
104 105 3
156 136 19
0
1
122 97 19
2
133 112 3
81 74 16
3
121 109 10
113 101 19
100 81 21
1
114 95 16
1
136 102 19
1
160 141 17
1
68 64 11
0
1
144 114 16
2
56 43 15
47 38 16
1
109 94 10
2
165 123 10
115 104 21
3
102 73 1
117 95 19
133 114 20
0
0
4
120 114 0
126 100 3
93 79 11
105 87 20
1
143 111 23
0
2
133 109 14
139 93 17
1
95 58 4
1
82 57 2
0
0
3
122 118 3
172 131 5
115 89 24
2
114 102 2
94 76 15
0
0
0
1
107 77 22
1
141 108 3
0
1
164 149 10
0
1
99 86 15
1
133 87 14
0
1
76 53 16
3
78 76 4
71 59 11
138 131 15
1
126 115 9
2
116 93 15
139 107 16
2
152 132 17
132 102 19
1
108 55 12
1
107 85 18
1
153 105 19
1
105 84 11
3
119 94 0
128 95 15
131 99 19
3
125 93 6
121 108 10
154 103 12
2
91 49 3
133 115 16
1
95 79 21
1
71 45 19
1
139 122 2
1
135 98 21
2
146 131 2
119 94 5
0
1
143 101 20
0
0
1
158 101 8
1
157 148 15
1
128 113 1
0
3
126 97 11
105 65 15
157 142 19
2
144 138 18
174 154 20
2
78 61 16
115 89 20
2
80 38 10
176 167 19
2
145 104 1
94 79 16
2
143 108 11
171 144 15
1
161 134 21
0
1
96 88 0
1
150 118 3
1
125 113 2
2
136 105 2
111 101 8
1
155 155 14
2
115 109 14
170 116 17
1
172 115 14
1
117 114 6
0
1
147 115 3
1
134 98 10
3
115 97 11
163 149 12
145 114 20
1
134 150 17
0
1
111 89 16
0
2
139 120 2
125 109 18
1
135 104 1
0
1
125 112 2
0
2
136 104 16
150 128 20
1
125 99 16
1
107 101 3
0
0
3
141 113 6
167 146 15
131 113 19
0
0
0
1
131 106 2
1
148 128 17
3
110 88 2
85 62 12
162 129 19
1
144 114 21
1
148 128 11
0
1
102 91 19
1
156 136 12
1
132 121 8
2
96 76 19
98 67 21
0
0
1
152 129 3
1
121 84 1
0
1
175 125 5
1
161 128 11
0
3
144 91 12
147 115 17
128 109 21
2
139 118 5
106 75 15
2
175 134 8
110 96 9
3
191 144 2
132 98 5
160 134 19
1
98 68 20
0
2
89 93 11
94 85 12
0
0
3
162 136 9
124 106 15
61 52 24
2
86 69 0
108 101 3
0
1
127 107 5
0
1
138 126 10
2
129 104 12
113 96 17
0
1
107 77 11
1
120 81 17
1
153 107 16
2
141 92 0
117 89 3
2
151 116 12
129 104 16
0
1
163 112 1
2
111 78 2
131 98 20
0
2
170 143 19
109 105 21
1
118 93 19
6
120 98 5
157 120 9
121 109 11
145 126 12
165 123 16
126 109 21
1
128 102 17
0
0
0
2
94 81 12
165 128 16
3
187 126 3
121 80 16
146 113 21
0
2
144 140 5
204 165 11
1
163 126 1
1
158 90 5
3
177 130 0
127 110 14
154 119 19
2
136 100 2
146 106 18
1
137 80 19
3
167 132 0
132 104 3
130 100 6
0
4
164 106 5
130 96 11
127 129 13
119 84 17
2
188 147 17
80 82 19
2
102 79 0
127 90 5
1
121 100 12
2
113 96 4
112 90 16
2
125 111 4
206 120 8
1
115 132 10
0
1
132 105 0
1
151 127 3
1
122 120 21
1
146 118 0
1
141 112 16
0
2
142 99 8
167 139 23
1
132 92 12
0
1
164 119 19
3
137 116 5
113 95 15
123 115 20
1
153 144 18
1
142 108 11
1
124 114 21
1
199 149 16
2
120 116 14
181 163 20
3
175 158 2
142 95 3
175 127 12
0
1
157 141 6
3
118 98 11
118 115 18
115 105 19
1
155 118 17
1
108 91 12
2
140 120 14
126 110 16
0
0
1
131 99 17
0
1
139 87 2
0
3
118 105 11
125 83 19
185 154 21
1
173 116 15
2
140 126 16
133 102 21
0
1
180 129 2
0
0
0
2
137 123 4
146 115 21
0
3
138 116 2
138 118 11
142 116 17
1
115 88 0
0
0
2
193 155 1
133 98 17
2
181 138 0
141 127 7
1
154 120 11
3
146 101 6
111 92 15
214 211 17
1
158 109 17
0
1
130 89 3
1
115 96 19
2
201 186 5
173 138 20
0
1
137 109 18
1
147 118 19
4
190 118 2
130 94 16
161 132 21
148 128 23
1
124 106 20
1
115 107 3
2
175 145 5
110 105 14
3
198 154 3
155 111 17
138 106 21
2
155 130 12
108 93 24
2
198 157 14
132 135 19
1
166 127 12
1
114 64 20
2
164 136 12
196 143 14
3
144 144 11
127 110 14
124 105 15
0
1
137 133 10
0
1
136 108 19
1
144 120 7
0
0
3
183 161 16
193 171 20
121 68 24
3
172 157 19
181 140 21
195 156 22
1
158 103 3
1
177 150 21
0
2
200 165 13
142 111 15
2
147 98 3
176 132 14
2
102 90 10
151 131 12
0
1
189 116 19
0
1
194 166 5
0
0
1
145 114 11
0
3
104 68 2
126 115 16
184 141 21
1
213 122 16
0
1
187 139 16
4
142 116 2
186 117 17
271 203 18
144 128 19
1
137 107 21
0
1
106 96 17
0
0
0
1
127 100 5
