4 7 2 7 2 2 2 7 4 1 2 2 7 6 1 6 1 1 2 7 7 4 1 6 7
0
1
8 8 11
1
7 6 1
1
7 6 24
0
0
0
1
6 6 24
0
0
0
2
7 5 1
12 10 20
0
1
10 6 20
1
9 8 4
1
7 4 24
1
11 9 23
0
2
13 11 21
13 12 22
3
9 7 6
13 10 13
8 7 19
2
8 7 7
4 3 10
1
13 12 23
1
10 7 21
0
1
10 7 8
2
10 8 12
10 7 19
0
1
11 9 23
3
12 9 0
7 5 10
13 9 13
1
13 9 2
1
12 9 5
0
2
12 9 8
12 10 15
0
2
10 8 1
12 11 24
2
17 13 3
14 11 20
2
16 13 3
11 9 15
0
3
15 13 1
12 9 6
16 9 19
0
2
14 12 23
16 13 24
1
12 9 12
0
0
1
12 10 12
1
15 14 1
2
13 10 1
24 23 4
0
2
16 13 1
16 14 2
3
16 11 15
13 11 21
9 6 24
0
1
13 11 24
2
14 11 18
14 9 24
1
14 12 13
0
0
2
14 8 14
17 12 20
1
13 12 10
0
1
9 8 15
1
17 11 20
4
18 13 0
17 11 2
14 11 3
15 11 11
1
10 9 20
0
1
16 13 1
1
19 18 15
1
19 15 2
2
14 8 15
18 14 24
0
1
22 15 24
2
16 15 1
17 14 18
0
0
4
21 21 8
17 14 18
20 16 23
20 15 24
2
22 17 1
19 15 13
0
1
16 14 3
1
17 13 7
2
21 16 21
15 13 24
0
0
1
14 13 3
1
16 11 23
2
18 17 6
23 14 8
2
18 13 6
20 17 16
3
20 19 12
24 19 18
17 13 24
1
23 20 10
0
2
18 15 7
23 19 10
0
1
14 8 18
2
18 13 1
19 16 3
1
16 10 23
0
0
0
2
22 19 6
17 12 15
0
2
19 16 0
12 7 3
0
0
1
27 17 24
1
28 22 3
0
1
24 18 22
0
0
0
0
1
22 21 8
1
6 4 2
0
0
0
1
25 15 3
2
28 24 7
19 15 13
0
0
3
25 18 2
22 19 7
25 19 12
0
0
1
25 15 7
1
30 28 24
0
3
25 20 6
33 26 12
26 25 16
1
21 12 15
0
0
1
24 19 3
0
1
28 16 1
1
30 25 3
2
22 14 2
30 23 3
0
1
25 22 18
2
24 23 10
18 14 24
0
0
2
28 20 7
28 18 13
0
1
19 14 8
1
28 25 19
0
1
31 20 20
1
34 29 8
2
34 26 0
33 33 1
1
33 31 4
1
29 26 15
1
33 21 19
0
2
34 25 15
44 34 20
3
26 22 1
23 16 19
40 35 21
3
33 26 1
32 34 11
27 25 23
1
28 18 18
1
34 25 23
0
2
38 28 12
34 24 24
0
0
0
2
21 15 3
31 29 13
1
27 24 7
0
3
31 22 5
26 24 13
30 25 23
1
36 26 21
0
1
35 27 19
1
39 30 19
0
1
39 37 24
0
1
26 18 24
0
2
26 20 1
28 22 23
1
17 13 24
1
30 23 3
3
24 17 1
39 35 7
37 29 22
2
33 27 1
24 19 14
2
39 34 3
26 18 23
0
0
0
1
27 27 9
1
41 36 0
1
31 27 15
1
35 27 3
0
1
42 31 20
0
0
1
41 32 19
0
5
37 27 1
49 33 3
33 25 5
35 28 13
42 34 20
1
36 31 24
1
47 36 7
0
1
36 25 6
1
36 36 12
0
1
35 25 4
1
42 37 20
2
36 34 12
31 24 14
3
32 24 1
27 21 8
33 28 22
2
38 30 7
29 23 8
2
31 28 15
40 30 17
0
3
30 24 15
42 33 19
32 20 20
1
41 31 8
1
47 33 1
1
36 32 24
1
47 39 8
3
43 35 19
52 47 20
32 32 21
1
49 43 10
1
38 27 7
1
41 39 20
1
33 26 1
4
46 37 7
41 41 12
36 27 21
39 32 23
1
51 48 20
1
39 34 4
1
36 34 19
0
2
50 22 15
47 47 23
1
46 36 3
1
49 38 6
0
1
39 33 23
1
31 19 2
1
38 23 20
1
47 44 0
1
34 26 20
3
34 28 5
45 36 7
30 23 15
2
36 22 12
35 21 15
2
47 24 15
56 51 24
1
58 44 12
0
1
39 37 7
1
52 31 19
1
37 28 15
1
52 48 24
0
0
1
42 34 24
0
0
0
2
40 30 3
61 45 12
1
52 42 13
0
1
55 49 12
1
39 26 21
1
43 44 8
1
53 30 20
3
43 36 3
36 30 7
40 30 15
1
40 36 1
0
2
53 38 7
60 54 17
2
46 32 0
36 31 10
2
55 46 2
51 48 20
1
50 48 8
2
35 27 15
41 34 23
0
3
42 40 3
62 50 7
42 33 15
3
46 40 13
62 43 15
42 41 23
1
61 40 15
2
49 39 12
52 44 14
1
63 50 12
3
49 37 12
57 42 15
39 37 20
0
0
0
0
0
0
0
1
50 36 1
1
29 27 3
0
0
0
0
0
0
0
1
51 43 18
1
49 29 8
1
54 45 23
0
0
2
45 37 15
52 42 21
0
2
54 46 20
58 43 24
1
72 63 15
0
3
58 51 1
35 28 13
45 41 18
0
2
42 30 2
46 34 12
0
3
43 29 0
46 34 7
54 39 24
1
38 33 12
1
49 39 3
2
44 38 13
59 46 19
0
1
37 26 1
1
62 52 11
1
35 22 7
1
87 76 24
1
45 37 19
0
1
52 35 3
0
1
53 41 1
0
2
66 53 19
45 39 20
1
52 34 3
1
52 39 3
1
76 62 22
1
65 47 18
2
48 35 15
47 44 24
1
63 56 19
2
47 42 3
71 52 11
1
43 26 21
1
57 38 15
1
57 47 7
1
55 38 3
1
51 43 10
0
0
1
49 32 13
3
54 35 5
55 44 23
60 55 24
2
47 33 2
72 58 8
2
53 41 1
43 28 20
1
48 35 3
1
57 49 12
3
66 46 12
60 56 20
43 37 21
1
62 54 4
0
0
0
2
64 50 1
71 60 24
0
3
67 60 3
52 33 12
54 40 24
1
59 59 1
0
3
70 59 3
61 36 12
62 49 19
0
3
66 37 12
80 59 19
48 33 23
2
44 34 19
47 42 23
0
2
46 33 6
84 73 19
0
0
0
0
0
2
66 45 6
37 33 8
2
70 55 5
51 43 7
1
59 46 18
1
65 61 7
2
80 73 13
46 29 18
0
1
66 46 3
2
65 49 2
52 42 23
1
73 60 7
0
1
75 52 0
1
59 45 12
0
0
0
1
83 47 8
0
1
54 38 7
0
2
53 34 18
77 78 24
0
1
62 54 13
4
63 50 5
55 38 12
66 46 18
96 75 23
1
80 59 12
2
48 47 22
54 44 24
0
1
68 62 23
2
73 65 3
65 51 12
0
0
0
0
1
65 57 3
1
68 44 13
1
90 79 1
1
51 52 11
0
0
1
59 44 20
0
2
86 78 3
82 63 21
0
1
46 29 6
0
0
4
65 48 0
62 45 7
93 85 9
61 48 23
1
59 46 1
0
1
57 39 24
1
59 47 8
0
0
1
63 43 15
0
0
0
0
1
71 60 20
1
78 77 1
3
46 30 13
66 54 17
104 64 18
4
92 76 1
50 38 3
72 47 4
65 51 21
0
1
66 62 19
1
37 24 6
0
1
78 66 12
1
71 51 3
1
70 48 13
0
1
55 43 17
0
0
1
72 53 23
0
1
73 69 7
1
101 86 11
0
0
3
91 73 10
90 95 12
44 32 16
2
83 54 4
61 65 23
0
1
72 58 21
1
41 34 7
1
93 77 20
2
63 51 5
56 38 12
2
80 52 1
54 48 23
0
1
68 61 1
0
1
70 44 3
1
66 50 24
1
67 56 24
1
75 66 7
1
73 69 24
0
2
89 90 18
63 39 21
1
70 64 24
0
1
101 97 16
1
44 39 1
1
88 71 4
1
60 47 13
1
66 52 19
1
101 80 3
1
83 63 19
1
85 55 4
0
0
0
0
1
62 47 20
0
1
99 83 14
3
71 52 7
88 70 15
77 55 23
1
82 58 23
0
2
40 32 7
89 62 8
1
81 64 2
4
90 79 6
59 49 11
78 52 12
116 90 19
1
78 77 1
2
78 67 0
82 58 2
2
62 47 3
94 58 10
0
0
2
63 42 19
72 68 21
1
88 90 8
2
75 67 8
63 50 9
2
89 77 7
76 61 12
1
86 59 20
2
73 60 12
105 93 24
2
96 90 19
80 65 20
1
92 80 8
2
88 70 12
84 60 13
1
61 46 6
1
85 72 15
1
72 56 21
0
1
90 65 6
2
73 56 19
89 69 22
1
60 43 9
2
101 84 0
71 57 20
2
46 37 4
61 48 13
0
0
2
50 41 12
82 63 19
1
47 33 1
0
2
111 88 11
81 66 19
2
85 70 3
103 81 13
0
0
0
3
85 75 7
69 55 12
81 76 20
1
103 83 20
1
105 89 7
0
2
64 58 3
61 37 22
1
67 55 24
2
69 61 1
103 93 3
0
1
89 70 1
0
1
97 77 24
1
73 64 3
1
86 77 20
0
3
91 74 12
129 101 15
73 71 24
1
102 99 21
1
86 56 23
1
76 73 16
1
105 79 8
0
1
75 60 1
1
90 74 3
1
92 84 23
2
74 54 1
102 84 22
2
84 75 10
78 53 20
1
110 73 1
2
70 57 3
100 91 24
2
74 65 7
109 90 24
2
87 81 1
87 71 10
0
2
108 93 13
74 69 18
1
95 84 18
1
85 51 1
3
81 42 2
119 105 13
79 48 19
2
60 46 7
100 72 20
1
76 53 24
3
94 85 3
126 87 8
69 57 13
2
76 72 0
91 79 6
0
4
115 96 13
131 108 15
91 85 19
105 72 24
2
98 59 1
99 99 5
1
68 55 0
0
2
44 40 19
59 47 20
0
0
1
63 57 12
0
2
88 73 1
99 74 19
0
2
81 64 8
76 64 20
0
1
106 94 24
0
0
0
3
52 47 3
107 72 6
105 106 23
3
82 61 12
102 86 23
87 69 24
0
3
77 47 7
69 56 11
101 81 20
1
84 81 15
0
0
0
0
2
97 81 18
55 42 19
3
102 80 6
82 67 19
67 41 20
0
4
80 54 5
70 46 17
122 66 19
87 55 21
0
3
68 48 11
113 81 16
91 76 23
0
1
84 65 21
1
92 87 17
1
83 69 6
0
1
118 92 1
1
107 85 24
1
103 65 3
2
107 91 0
100 61 20
1
97 80 19
0
1
113 94 19
1
133 103 10
2
112 86 7
44 37 15
1
101 81 22
0
1
111 89 23
2
112 93 15
86 55 24
1
94 62 13
2
119 101 12
132 121 15
0
0
1
68 63 3
1
129 96 3
1
72 57 0
1
90 81 0
1
87 61 12
0
0
0
1
99 77 1
4
92 56 1
110 87 11
84 57 20
81 70 21
3
92 60 2
94 73 18
132 136 20
0
1
90 61 18
1
110 94 1
1
119 94 20
1
76 70 20
2
99 81 14
124 122 24
1
101 70 3
0
0
2
110 90 6
112 77 13
0
0
1
120 84 24
1
99 86 7
1
132 111 7
0
0
2
108 89 16
80 77 23
0
1
113 77 24
2
125 102 8
119 105 13
1
95 60 23
1
132 101 1
1
73 50 1
1
97 84 19
2
144 124 7
76 62 23
3
138 89 5
107 86 13
127 104 23
1
109 103 1
4
128 106 2
87 65 5
116 98 7
119 86 20
1
97 90 3
0
0
1
149 127 3
0
4
103 80 1
99 87 21
68 46 23
129 122 24
2
82 69 7
96 86 23
1
131 111 20
3
129 90 12
60 42 15
106 67 20
0
0
0
1
100 79 19
3
94 70 7
98 68 11
92 84 20
0
1
122 97 7
1
104 87 3
2
118 101 7
107 89 23
1
97 73 20
2
84 66 0
98 75 5
1
123 108 19
3
150 126 1
133 98 3
139 117 24
2
124 91 8
97 71 24
2
98 75 7
104 82 12
0
0
1
159 154 23
0
0
3
149 106 4
45 25 19
119 94 23
1
106 79 13
1
143 124 7
2
86 58 8
111 76 15
1
87 74 19
3
116 109 8
73 80 15
146 129 23
0
1
112 77 14
2
120 113 3
106 81 5
2
95 79 1
109 88 15
2
70 50 3
125 87 9
1
94 68 8
0
1
127 101 3
0
0
0
1
91 76 1
0
1
122 98 13
1
64 51 3
1
57 49 20
0
1
118 98 23
2
130 121 0
92 77 13
5
145 142 1
144 101 12
101 77 13
115 95 19
152 108 23
4
81 70 1
140 86 3
109 76 19
113 98 23
2
95 60 3
108 98 24
1
139 131 12
1
95 80 15
2
112 93 19
150 139 21
3
95 64 0
142 127 8
81 65 15
1
108 96 7
0
0
0
1
137 94 5
3
143 125 2
166 157 12
99 73 14
0
2
80 56 19
134 110 21
0
1
138 111 7
0
0
0
3
110 91 1
130 99 6
90 70 12
1
165 87 12
0
0
0
2
106 106 3
110 68 14
2
118 81 20
109 92 24
0
0
1
139 118 17
2
99 76 7
132 108 20
0
2
154 118 11
154 118 13
1
124 110 11
0
1
111 102 1
0
0
0
0
1
113 97 7
0
0
0
1
134 113 14
0
2
78 79 19
104 80 23
0
1
123 110 7
2
110 84 6
112 88 11
2
141 91 12
114 86 15
2
132 113 18
133 112 24
1
109 104 6
2
132 102 21
109 90 23
0
0
1
117 90 12
0
0
2
126 108 17
81 78 19
1
83 81 11
1
90 78 13
3
125 112 7
144 99 20
161 120 23
0
1
145 120 19
1
103 84 23
0
0
1
119 107 0
0
1
114 122 23
3
178 155 5
134 79 11
97 86 12
2
104 86 0
142 120 8
0
2
89 75 8
113 80 18
0
0
0
2
107 87 13
106 80 24
1
99 82 19
3
122 108 1
160 104 3
162 139 4
1
130 118 22
1
93 73 8
0
0
1
92 76 24
0
1
138 121 22
1
130 58 1
0
3
118 95 2
150 126 20
100 94 23
2
119 95 15
157 135 19
1
134 122 18
1
113 93 2
0
0
1
125 119 20
1
136 115 24
3
108 72 2
158 108 10
94 72 18
0
1
171 137 5
2
75 58 15
121 87 19
0
2
170 171 12
133 139 13
2
137 110 7
135 101 19
1
121 97 7
0
1
122 91 17
0
1
108 80 23
2
140 96 0
132 126 3
2
142 112 1
102 70 19
2
149 135 13
111 99 19
1
153 128 13
2
150 114 8
85 67 23
1
131 100 1
1
117 108 24
2
137 94 0
102 72 24
1
139 112 3
0
1
88 62 7
4
140 93 1
95 74 12
93 79 19
102 71 20
0
1
141 108 1
0
1
175 131 13
4
144 102 7
162 117 9
169 114 12
104 87 15
1
81 66 19
1
131 95 3
1
127 107 13
2
139 109 13
98 93 20
2
144 106 6
104 79 18
0
1
105 82 20
1
132 118 19
0
0
1
137 115 6
1
165 121 13
3
136 126 7
139 105 19
130 106 24
2
158 146 15
98 65 23
0
0
1
160 94 20
1
182 121 13
2
106 96 8
140 127 23
0
0
1
128 70 15
2
135 91 7
123 86 12
2
98 65 12
96 70 24
0
0
1
151 134 7
1
91 63 0
0
2
122 67 8
125 88 14
2
99 51 3
101 76 21
0
1
117 78 13
1
153 113 7
1
120 104 1
0
2
128 78 3
198 158 19
1
88 73 3
1
139 140 12
2
112 86 9
147 132 23
1
150 131 1
0
1
135 107 6
2
177 142 19
160 109 20
0
2
157 122 12
113 63 23
0
0
1
155 117 7
2
134 108 1
158 121 19
2
180 155 20
115 99 23
1
183 120 13
2
145 121 1
119 107 19
1
147 115 2
0
0
0
0
3
108 107 0
188 185 11
187 158 12
2
144 119 19
134 119 21
1
134 111 21
0
3
155 139 3
195 151 6
156 123 20
1
129 95 19
0
0
0
0
3
164 143 0
127 113 7
137 94 12
1
114 116 19
2
107 77 15
148 123 19
2
94 77 7
145 117 13
2
107 93 3
142 104 20
3
126 90 12
151 126 15
137 93 21
0
0
0
0
0
0
0
1
135 86 5
0
0
3
161 119 10
133 121 18
85 65 23
2
128 89 18
136 100 21
1
173 124 7
0
1
133 94 23
1
166 147 1
1
169 133 19
2
216 188 0
129 112 2
0
0
2
139 124 3
146 119 12
1
148 90 3
1
129 112 1
1
166 113 7
0
1
113 81 15
2
173 158 3
167 115 14
0
5
126 97 0
128 112 1
64 54 3
176 174 19
163 101 23
0
0
1
110 78 13
0
1
113 93 20
1
163 141 24
0
0
1
140 107 3
1
140 112 1
2
172 146 3
134 114 12
2
166 107 4
150 112 12
2
134 93 3
161 135 8
0
3
137 128 5
134 90 10
195 157 12
3
194 151 0
218 179 1
111 69 14
2
104 69 12
138 103 23
1
145 148 20
1
125 97 20
2
181 114 12
152 104 24
2
169 162 13
147 117 20
0
2
163 113 1
148 105 24
0
0
2
233 153 16
138 108 23
0
0
2
130 89 5
141 98 22
1
156 120 19
2
181 161 3
132 104 14
1
158 141 6
1
136 127 13
1
131 90 15
1
201 126 3
0
0
1
157 153 13
2
188 144 2
185 139 15
1
140 131 24
0
1
178 138 24
2
197 140 12
228 197 23
1
149 100 20
1
143 120 0
0
2
172 135 6
164 141 8
1
136 116 4
3
156 127 8
93 85 10
111 87 22
2
158 120 2
137 101 10
0
2
183 151 1
198 151 2
3
159 142 7
183 123 8
142 107 9
2
168 121 1
173 141 20
1
126 96 18
0
1
186 119 20
1
102 82 12
1
166 107 19
1
186 132 12
0
2
92 72 17
180 129 20
0
0
0
3
185 180 17
110 89 21
167 119 23
1
154 127 23
2
167 159 4
131 110 19
1
186 137 1
1
175 154 20
1
170 140 18
1
129 95 1
1
190 144 0
1
182 141 1
3
159 128 7
169 151 12
139 104 18
1
197 167 19
0
