3 5 5 7 5 5 5 5 2 8 6 3 5 1 6 3 6 2 8 5 8 3 5 7 1
3
8 6 5
7 6 18
5 4 22
1
6 4 9
2
7 5 8
5 3 9
0
1
8 5 16
2
8 6 12
9 7 23
3
9 6 10
12 10 19
7 7 20
3
7 6 5
11 8 15
7 6 22
0
1
8 6 19
1
11 9 10
1
8 7 9
1
9 7 0
0
3
7 7 1
10 7 2
10 7 18
3
12 9 7
10 8 12
8 7 17
0
2
9 6 9
10 7 17
1
13 10 15
2
8 5 19
8 6 23
0
0
2
7 5 5
11 7 7
0
1
9 7 19
1
11 11 6
0
1
13 10 4
3
10 6 10
10 8 14
14 12 18
2
12 8 18
16 14 23
2
11 10 10
11 10 15
1
7 5 10
1
10 7 2
0
1
12 10 2
3
12 10 1
15 13 6
12 9 20
1
16 13 9
2
7 5 2
11 7 22
3
18 18 6
11 9 9
12 9 23
1
11 10 14
3
15 13 3
15 12 17
9 8 23
2
13 8 14
9 7 16
1
9 6 20
1
13 10 4
0
1
13 8 5
3
12 11 9
21 16 19
11 7 23
0
1
10 9 17
3
12 12 18
19 11 20
17 16 23
0
0
1
15 12 9
0
3
11 9 1
13 11 11
16 13 18
0
1
19 17 18
1
9 7 8
0
1
17 11 20
0
3
16 14 6
17 12 9
20 12 21
3
19 18 8
21 16 9
16 15 18
4
11 9 1
18 15 4
18 12 6
15 10 10
2
16 14 10
14 10 22
2
14 12 8
19 13 18
3
21 23 11
20 11 20
14 9 23
1
16 13 3
3
22 19 9
17 12 10
19 17 18
3
25 19 3
26 22 5
18 13 10
0
0
2
14 12 18
21 16 20
2
12 9 1
17 13 7
1
16 14 7
0
0
1
15 13 13
0
1
18 16 7
0
1
21 15 7
1
17 13 3
1
19 19 18
1
25 20 3
0
1
19 16 10
1
24 25 22
1
19 11 10
0
0
1
15 10 10
1
24 16 17
1
21 17 9
0
3
22 21 4
27 20 9
32 29 18
0
4
15 12 8
27 25 18
19 15 20
30 26 23
1
19 16 7
1
26 22 10
0
0
0
1
25 22 10
0
3
20 15 0
24 21 11
8 4 20
1
24 17 15
0
0
2
26 20 0
34 28 23
1
21 20 2
0
0
3
30 25 6
20 17 10
15 10 23
2
20 12 10
22 19 16
2
34 27 5
28 24 23
0
0
0
1
29 22 20
2
32 24 3
30 26 23
0
1
29 21 5
1
31 19 6
1
31 25 1
1
28 24 15
2
36 22 20
33 19 23
1
28 24 9
4
31 22 1
31 31 5
30 22 11
28 23 24
0
0
4
20 15 3
39 35 4
19 19 6
16 13 14
3
32 22 11
26 24 18
21 18 22
0
0
1
36 29 18
1
25 19 19
1
27 22 6
1
25 21 18
2
27 19 20
31 27 22
0
0
1
38 21 3
2
32 28 18
29 22 20
0
1
41 35 3
1
30 23 20
0
1
33 28 23
1
19 16 15
0
1
39 32 9
3
32 26 0
30 24 6
22 22 18
2
21 15 4
31 25 19
0
2
32 23 11
24 19 22
1
41 31 3
0
1
41 36 18
2
32 25 18
24 16 20
1
42 37 3
1
36 31 16
2
31 26 0
31 28 4
1
24 21 19
1
31 22 23
2
28 19 3
34 21 14
0
3
27 22 1
35 32 19
30 24 24
3
32 21 5
32 26 14
36 29 18
2
38 33 10
38 27 19
0
1
40 26 19
2
30 26 9
37 29 18
1
30 21 1
0
1
37 34 3
1
48 41 2
3
35 28 6
40 26 20
32 29 23
0
2
29 22 6
38 30 16
3
31 22 12
45 31 15
41 30 19
1
28 19 6
1
43 28 23
1
38 36 18
0
0
2
29 20 0
34 25 4
0
0
0
1
33 23 10
0
0
0
2
36 31 2
33 26 11
1
37 31 10
0
1
37 30 2
3
48 37 4
40 33 11
37 32 14
1
51 37 20
0
0
0
0
2
41 31 11
37 32 20
0
1
55 42 8
1
38 24 23
3
38 29 6
42 36 12
39 32 16
0
1
55 37 18
0
0
0
2
34 34 1
35 29 7
2
49 44 5
40 32 21
0
2
56 47 3
47 25 21
0
0
2
45 31 9
38 29 18
1
42 30 9
2
46 31 12
39 27 23
4
49 29 2
29 25 10
23 17 12
42 34 22
2
44 35 17
24 19 23
1
46 37 9
3
53 31 14
54 35 16
43 31 20
2
50 36 9
49 29 20
2
34 31 2
41 36 11
2
42 35 8
43 31 9
2
41 34 15
44 41 17
3
41 28 6
47 38 7
28 25 9
2
46 40 10
38 27 18
1
27 23 16
0
0
0
1
45 31 7
0
4
46 30 1
39 32 14
53 40 16
44 33 18
1
28 22 9
2
44 33 15
46 36 21
0
1
27 23 18
1
45 30 9
2
38 26 10
46 38 14
2
42 29 12
23 16 22
3
49 38 13
51 41 18
41 36 22
1
54 45 19
0
1
39 29 8
1
56 39 2
1
42 29 20
1
35 33 9
1
36 29 1
2
44 38 18
28 24 23
0
0
2
46 47 6
40 24 15
2
40 27 3
43 26 20
1
46 37 3
2
39 32 10
41 42 23
0
0
1
49 40 16
2
33 22 18
52 53 21
4
48 42 5
36 33 6
60 46 18
36 30 22
4
66 47 1
41 41 14
43 38 16
54 48 23
1
51 46 16
0
1
51 42 5
0
2
44 36 5
69 53 23
0
2
37 33 1
51 33 18
2
49 38 3
52 43 22
2
46 48 8
64 49 18
1
56 47 17
1
58 30 10
4
48 35 3
46 41 4
43 37 11
44 38 19
0
0
1
46 36 2
2
42 33 6
67 58 21
2
51 41 0
54 47 8
0
3
44 44 12
35 29 20
50 43 21
0
0
2
54 36 3
39 31 16
1
59 50 3
2
50 40 16
54 45 21
0
2
43 35 9
73 55 23
1
43 34 16
0
1
64 49 16
2
52 33 1
59 37 11
2
50 48 2
42 28 18
0
3
61 45 2
50 40 3
47 37 21
0
1
49 40 5
2
51 47 18
68 59 19
1
68 49 14
3
47 41 7
45 31 13
55 47 15
0
1
49 40 14
1
51 47 2
3
51 39 5
49 40 6
59 48 7
1
47 38 3
1
38 29 16
1
61 44 9
2
56 47 3
44 37 5
1
39 28 20
1
72 59 10
0
2
46 28 10
44 26 18
1
48 43 14
0
1
63 52 9
1
61 46 2
0
1
53 45 22
3
77 70 3
48 37 14
54 46 22
0
1
54 42 19
1
47 40 2
1
61 44 2
2
63 55 10
68 63 22
0
2
53 51 9
41 36 22
1
67 55 10
1
54 43 3
1
39 31 14
1
48 37 12
2
58 43 11
58 58 21
0
2
65 51 11
56 51 19
0
0
0
3
60 43 4
61 47 18
35 34 20
0
2
36 27 3
65 50 16
1
53 51 22
0
6
68 48 6
62 52 7
66 47 16
58 51 19
88 74 20
78 53 23
2
70 61 4
75 75 12
1
53 46 0
1
51 38 16
0
1
56 42 2
1
67 56 17
2
49 38 5
67 44 16
0
1
93 76 9
0
0
2
47 28 7
43 41 9
0
0
1
58 43 8
1
60 57 23
1
59 46 23
0
1
70 52 18
1
62 58 6
2
63 36 1
31 21 19
1
69 43 7
1
71 61 20
2
64 54 4
55 41 20
1
60 43 17
2
77 62 12
81 68 18
0
0
0
2
67 52 12
54 41 14
0
0
1
62 57 18
0
0
0
1
66 45 16
1
24 13 12
0
0
2
47 34 9
54 45 19
3
99 60 14
76 53 19
63 51 22
1
87 65 9
0
1
47 41 12
1
66 52 22
1
53 41 14
1
80 61 0
2
77 55 10
64 61 24
0
0
0
1
79 56 3
1
55 51 2
2
71 40 8
72 46 20
0
1
65 52 1
2
77 63 7
47 35 9
0
4
79 63 5
97 80 11
63 50 16
77 73 18
1
63 50 3
2
83 68 8
77 78 10
0
0
0
2
66 64 18
77 70 19
2
72 40 0
74 53 12
2
56 51 11
55 37 20
2
71 61 10
88 72 20
1
66 40 23
3
92 55 10
72 55 12
80 68 22
0
0
2
69 66 19
75 46 20
0
4
79 66 0
79 57 9
70 69 14
79 77 20
0
2
73 61 10
71 66 22
0
0
1
72 54 14
1
82 67 23
0
1
66 49 19
0
2
68 52 19
81 71 22
1
84 74 2
1
79 63 7
1
57 44 8
1
60 47 1
1
102 75 7
0
0
0
2
81 67 4
71 59 22
1
98 86 2
5
86 85 3
67 44 4
80 52 5
52 38 12
57 42 18
1
66 50 10
1
62 50 12
1
96 76 15
0
2
55 40 8
73 59 9
0
1
81 76 23
0
0
2
96 88 0
67 53 12
2
78 64 19
93 80 22
2
96 78 3
55 55 14
1
73 54 18
0
0
2
68 75 1
95 73 23
1
86 69 3
2
74 53 3
58 40 21
4
80 57 3
74 56 4
97 75 22
74 79 23
1
66 58 7
1
69 51 12
0
1
65 49 20
0
2
112 82 22
111 79 23
1
76 52 22
0
2
81 64 12
80 60 22
0
1
98 100 10
1
73 55 1
1
59 53 18
2
67 50 18
82 60 20
1
72 56 18
1
84 56 12
2
87 66 3
94 86 21
1
83 60 5
2
77 56 9
81 63 10
1
85 68 10
0
1
85 57 15
1
69 51 3
2
43 30 3
65 43 16
2
74 66 12
71 61 14
0
1
77 70 22
1
103 80 1
0
2
89 76 18
59 42 22
0
0
2
100 83 8
101 83 22
3
111 83 4
95 86 10
89 71 22
3
78 51 6
88 74 13
86 74 14
1
81 78 12
3
79 64 2
96 92 18
118 110 22
1
84 74 20
3
69 53 1
83 58 3
62 51 22
0
1
89 64 19
3
64 45 10
99 65 16
96 67 21
1
83 70 18
1
61 42 20
4
53 40 4
75 42 15
99 85 20
67 65 21
1
80 56 15
2
66 52 4
85 69 23
0
1
89 68 8
0
2
100 93 6
105 73 22
6
98 64 1
110 103 2
82 75 4
54 40 5
60 49 10
77 67 19
2
47 37 5
83 63 6
2
97 74 4
84 71 18
2
86 71 10
99 83 16
0
1
130 108 3
2
102 94 0
83 65 3
2
108 93 7
110 105 23
1
62 39 10
3
85 76 12
130 87 14
77 49 18
0
2
60 46 0
78 55 10
1
103 85 9
2
73 63 3
68 51 10
3
78 50 5
95 76 10
79 71 20
0
1
83 67 19
1
93 87 6
1
62 45 10
1
104 79 3
1
108 99 7
1
46 44 18
3
82 65 6
106 84 8
91 74 18
0
0
0
1
73 75 9
2
93 76 3
70 66 11
2
82 78 1
87 62 21
0
0
0
0
1
92 63 18
1
77 55 20
0
2
85 68 10
89 63 20
1
77 55 1
3
92 76 0
102 57 7
102 79 19
0
1
132 76 5
2
88 77 11
103 104 20
1
74 46 10
1
47 32 12
0
3
90 66 0
71 54 10
97 83 22
3
106 82 3
89 92 4
91 73 16
1
97 79 18
2
83 75 9
94 93 19
1
86 76 22
3
92 81 1
84 80 6
105 60 22
1
135 94 9
2
120 89 17
96 68 19
1
70 57 6
0
0
0
1
92 91 22
2
124 107 18
117 119 19
1
84 63 3
2
75 45 9
118 79 16
1
58 41 18
2
100 73 0
102 80 20
3
93 65 7
92 69 14
113 61 23
2
86 72 14
133 112 18
0
2
122 86 6
93 77 19
2
111 89 3
120 98 4
0
0
0
0
3
129 112 1
91 71 14
67 57 19
2
93 64 5
77 69 7
0
2
114 75 14
128 91 20
0
0
3
126 97 1
110 90 4
88 74 12
2
102 84 6
101 67 9
0
0
2
110 64 17
73 58 19
2
74 63 7
85 66 17
2
85 69 10
100 76 14
1
113 85 11
0
2
85 75 19
85 86 22
2
134 121 5
110 68 23
0
1
106 78 22
0
0
1
99 66 22
1
115 107 20
2
102 59 4
134 103 5
1
132 94 23
0
0
0
1
76 60 16
1
61 48 5
1
130 116 16
1
92 78 1
3
76 62 2
115 74 6
123 109 9
3
123 126 5
114 90 9
121 97 18
0
1
98 81 17
1
100 85 22
0
0
1
79 63 0
0
0
0
3
80 67 1
103 78 8
113 103 23
2
133 98 9
145 149 14
3
53 47 5
62 54 11
91 74 20
1
134 104 4
1
76 70 23
2
100 83 3
78 69 19
2
63 53 0
130 118 23
0
1
108 77 13
0
1
96 82 14
0
0
2
92 83 10
108 86 21
2
104 75 7
75 57 20
2
144 148 6
92 69 20
1
109 106 3
0
4
97 84 9
112 82 19
139 108 21
131 109 23
1
121 82 7
1
113 106 3
0
1
108 96 2
0
2
122 103 10
113 110 15
1
116 92 3
2
119 101 14
78 66 15
1
89 54 5
1
143 99 10
0
1
116 101 16
2
134 82 8
116 102 9
1
118 119 10
3
103 93 0
126 87 16
100 77 18
4
90 75 4
104 88 14
124 132 15
91 78 16
1
88 57 4
1
123 96 6
2
115 69 1
123 92 19
0
0
2
95 73 14
89 62 20
2
132 108 18
110 89 20
2
122 90 14
109 87 20
1
117 100 23
2
123 92 18
116 85 20
2
103 98 9
103 69 18
0
1
114 91 2
0
0
1
94 77 18
2
81 73 1
136 135 9
0
1
113 80 9
0
2
126 88 18
95 82 23
1
139 106 5
3
125 117 3
110 79 9
97 81 10
2
109 93 16
119 106 20
1
113 88 5
1
79 63 3
1
101 79 5
1
115 90 14
1
91 71 18
0
2
69 50 1
124 107 17
4
101 97 0
115 84 2
113 102 6
68 55 10
0
3
96 72 3
146 119 18
127 108 23
3
101 82 1
146 114 9
89 71 20
1
116 99 2
4
128 99 4
118 96 7
102 73 9
120 79 14
2
108 92 6
121 91 16
2
106 77 2
85 68 23
1
97 70 19
1
101 91 9
1
132 113 3
0
0
2
146 96 1
66 55 20
3
110 86 5
89 64 10
121 107 23
4
112 90 2
118 80 7
116 94 10
107 76 19
1
146 128 18
0
2
100 87 4
111 87 18
1
106 93 2
3
102 83 6
91 58 9
86 69 20
0
2
109 92 12
87 73 21
3
148 130 5
119 83 18
89 99 20
2
153 137 2
107 72 16
0
2
153 155 7
131 115 18
1
102 80 11
0
1
140 103 14
3
101 85 7
136 112 9
112 85 23
1
107 94 2
1
86 72 7
1
127 106 6
0
4
83 72 3
118 89 11
111 98 14
142 111 20
2
159 97 3
133 93 18
1
141 97 18
0
0
3
98 80 0
167 145 3
94 79 20
1
144 124 12
2
144 107 0
101 62 6
3
140 107 9
140 92 18
113 100 21
0
2
144 108 20
122 96 21
2
143 92 4
87 59 16
1
107 78 18
0
1
134 118 14
1
104 101 18
1
95 70 4
1
153 133 1
1
144 133 21
1
120 98 4
2
145 118 7
81 69 9
0
2
109 101 2
141 97 21
1
140 106 6
1
145 119 4
1
178 138 7
2
92 71 2
95 84 15
1
146 115 4
0
0
0
1
95 71 17
1
93 59 8
2
133 112 2
99 78 20
2
77 65 4
110 70 15
2
130 107 3
156 109 17
1
161 107 19
1
118 85 14
1
89 79 5
1
106 80 23
2
143 122 5
87 88 9
2
115 91 9
97 81 12
0
4
116 96 6
113 93 7
150 118 9
126 93 14
3
89 69 9
157 87 19
140 92 22
0
1
140 81 15
1
156 110 18
1
156 133 9
2
102 53 3
131 103 6
1
147 131 4
2
140 120 2
111 75 3
1
198 144 20
1
144 129 21
2
88 80 14
126 99 18
2
154 123 6
127 90 9
1
140 117 7
1
81 75 9
3
154 101 8
114 86 9
89 73 20
1
103 71 9
1
96 64 11
1
144 113 6
0
1
142 89 5
0
1
125 113 22
1
96 75 23
1
135 116 2
2
140 104 3
118 93 11
1
169 143 2
3
144 109 1
179 158 20
101 79 23
1
119 90 2
0
1
141 122 6
0
1
166 122 17
0
0
2
103 93 1
133 105 21
1
149 138 10
1
124 99 19
1
158 168 24
1
131 92 9
1
122 97 9
1
121 103 5
4
123 96 1
141 115 9
120 86 10
163 136 14
1
148 103 14
1
150 155 20
2
158 149 16
129 99 23
1
145 132 12
1
103 89 23
1
140 125 3
0
1
154 110 3
1
150 114 4
1
121 107 23
0
1
137 155 18
1
134 90 16
0
0
0
3
111 102 4
133 106 6
112 75 14
1
61 52 23
1
112 112 22
4
132 111 3
109 85 6
125 117 17
119 98 22
1
83 75 23
1
126 90 16
0
2
159 100 7
130 104 20
1
137 112 6
0
4
190 139 7
161 165 8
185 154 10
158 151 16
4
101 81 3
158 127 10
109 91 16
97 75 20
2
153 140 1
143 126 8
2
126 96 14
112 82 23
2
79 62 4
127 97 14
1
185 171 14
3
140 112 3
101 78 8
155 118 19
1
138 115 1
1
152 119 24
0
1
119 98 1
2
129 101 3
124 125 6
2
162 104 6
149 142 16
0
0
3
160 132 1
130 93 8
184 178 20
5
98 64 5
116 115 9
134 99 10
149 99 14
108 94 22
1
137 118 23
1
128 124 20
2
126 96 2
156 106 6
1
137 96 10
0
1
143 108 3
0
2
178 122 6
142 90 17
2
140 134 8
154 111 10
0
0
0
1
135 108 2
2
114 86 19
163 151 23
0
2
154 90 2
151 131 4
0
1
197 165 6
2
153 145 3
170 149 7
1
158 120 22
1
145 114 3
0
0
2
84 67 3
112 97 6
1
201 177 19
3
132 103 0
129 112 4
114 96 9
1
143 109 22
4
179 151 1
121 89 6
112 109 18
116 98 23
0
2
146 132 7
153 135 22
0
0
3
168 155 2
143 120 4
169 146 6
1
142 115 11
2
146 107 19
165 147 23
1
161 118 18
0
2
125 119 20
173 162 23
0
3
110 94 2
118 121 9
164 128 14
0
2
157 86 21
145 118 22
2
191 150 3
144 120 16
2
119 110 18
137 107 24
1
176 133 5
1
114 79 19
1
170 143 14
1
151 116 2
1
164 129 18
3
141 110 2
110 84 3
195 160 20
0
1
138 107 8
0
2
138 101 15
132 117 20
2
112 92 9
186 139 19
1
110 70 15
1
142 124 18
1
188 140 18
1
169 164 2
1
166 112 14
2
169 138 4
150 127 6
1
131 125 10
1
93 56 4
0
0
2
139 111 20
147 126 22
1
173 152 17
3
121 108 3
147 110 7
126 98 21
0
1
131 87 14
1
187 151 5
1
163 151 18
0
1
158 130 3
3
113 106 0
162 107 18
132 109 23
0
0
0
1
185 159 22
2
119 100 6
203 195 10
1
96 70 1
3
154 123 2
168 142 5
131 101 10
1
170 127 0
1
105 85 9
3
143 107 3
164 152 7
139 132 10
1
213 211 15
2
194 172 4
151 132 12
1
149 104 22
0
1
132 100 14
1
189 181 3
1
172 102 2
2
128 109 4
134 117 16
3
183 160 12
153 118 14
113 102 21
2
159 142 4
74 56 20
1
209 163 15
2
221 165 11
132 68 13
0
2
130 101 11
132 96 23
1
191 112 9
2
140 136 2
161 121 16
2
128 83 7
107 75 11
2
126 120 1
76 70 19
2
169 144 6
164 161 20
2
164 119 1
121 103 22
0
2
123 117 10
162 156 15
0
0
0
0
2
121 65 10
150 147 14
1
199 185 16
3
183 127 3
172 125 9
208 157 19
0
1
164 139 23
1
110 93 4
1
154 124 18
0
0
3
167 118 4
140 136 10
154 108 14
0
0
0
2
167 127 9
191 151 17
2
139 122 15
147 113 23
3
204 153 2
167 157 9
113 88 20
0
2
157 111 12
201 153 18
1
164 157 10
2
176 137 6
145 105 18
0
1
150 115 11
2
130 96 6
212 173 21
1
168 159 16
1
146 101 23
1
214 176 1
2
169 113 9
193 137 10
0
1
105 90 12
