5 4 8 4 3 3 8 2 6 1 2 6 6 5 5 7 7 4 7 2 3 1 2 3 3
1
8 5 6
2
13 10 2
7 5 3
2
7 5 6
7 6 15
3
9 7 16
10 8 22
8 6 23
3
8 7 0
5 6 4
8 7 18
0
2
8 6 2
8 5 14
1
7 4 5
1
8 7 11
0
0
3
11 10 0
9 6 1
10 7 6
2
10 8 1
8 7 9
3
7 8 0
11 8 6
9 7 13
1
6 5 12
0
2
12 10 7
7 5 18
4
7 6 2
8 5 4
13 8 6
10 7 14
0
0
2
8 6 6
13 9 14
0
1
13 9 1
1
7 4 6
1
12 8 0
1
11 8 14
2
11 10 2
14 10 14
1
10 8 15
0
0
2
11 9 2
12 10 3
1
16 12 6
0
0
0
2
11 8 6
10 8 12
0
1
14 11 9
0
1
10 10 15
0
0
1
16 13 16
0
1
12 10 12
0
0
0
0
2
11 9 2
18 14 11
2
12 10 1
17 11 16
0
0
0
3
12 8 3
9 6 14
18 13 15
0
2
16 13 1
18 15 21
0
0
1
18 16 15
1
12 8 14
0
3
18 15 0
16 13 6
12 9 18
2
23 18 11
21 18 16
0
0
0
0
1
18 13 22
1
17 14 17
1
17 12 12
1
16 16 14
2
21 18 2
16 14 14
0
0
0
1
13 11 4
1
14 11 22
0
1
15 12 20
4
22 18 1
12 9 2
15 13 6
14 11 21
0
0
1
11 8 18
1
18 17 0
1
24 17 1
1
14 10 5
2
22 14 17
23 15 21
0
1
21 18 22
4
22 18 6
17 15 8
22 18 14
27 25 15
1
22 20 18
2
22 20 0
23 18 11
2
16 13 1
18 15 10
1
25 23 11
0
2
25 17 6
25 19 12
0
1
17 10 17
0
0
1
16 11 0
1
19 15 6
0
2
22 15 18
17 12 19
1
28 21 6
1
18 16 13
1
21 18 23
1
27 23 2
2
24 18 0
24 20 8
1
29 24 11
3
19 17 0
20 17 6
24 21 17
2
29 23 1
28 23 12
0
2
20 15 1
32 28 2
0
0
0
1
25 19 23
0
0
1
24 19 22
1
22 18 4
0
0
0
1
30 20 14
1
24 25 16
0
1
29 21 3
0
0
2
27 21 6
22 13 13
4
19 15 5
25 23 10
14 12 11
23 14 18
1
29 19 7
1
30 26 1
1
21 19 6
0
2
20 19 1
19 15 23
1
32 23 2
1
14 12 2
0
0
2
30 23 0
36 28 6
0
0
0
1
23 21 0
2
34 29 11
40 27 12
1
30 27 4
1
15 13 16
0
2
43 36 8
28 27 17
2
31 17 11
30 26 18
1
32 25 6
1
28 23 0
0
1
34 28 12
0
0
2
18 14 4
15 11 15
1
33 29 2
2
17 14 12
23 22 21
0
0
2
30 25 0
26 19 16
1
32 26 10
0
1
36 26 17
3
35 33 5
26 22 6
29 19 12
3
37 31 12
33 26 16
44 28 20
2
26 25 12
46 43 13
1
38 30 19
3
30 22 8
33 28 12
36 26 15
1
33 27 14
0
2
41 34 2
29 21 18
1
37 29 3
1
34 27 13
2
30 26 8
32 21 10
0
2
28 25 16
44 34 18
1
29 28 7
0
1
35 25 12
0
2
35 33 3
41 36 17
0
1
29 22 18
0
1
24 20 13
0
3
21 14 2
33 25 8
43 31 20
2
34 27 4
26 20 15
0
2
36 30 10
28 21 14
2
48 36 1
43 30 3
2
37 35 0
45 35 18
1
43 38 8
5
39 29 2
32 26 10
47 42 15
30 22 16
31 25 24
0
0
3
49 40 0
42 42 3
28 23 16
3
39 31 10
51 41 11
18 16 23
0
3
43 31 3
40 34 6
38 34 23
1
40 30 14
0
1
27 24 3
3
40 34 13
41 28 15
27 22 20
3
33 26 2
38 30 15
39 27 20
0
0
0
0
2
55 34 6
55 41 24
2
44 38 3
47 37 6
3
29 25 11
35 30 16
31 23 17
1
27 22 4
0
0
1
41 33 2
1
42 27 15
1
49 51 6
1
42 35 15
0
2
50 39 18
44 33 23
2
45 23 15
36 26 21
1
58 41 21
4
54 44 0
40 33 9
51 36 11
52 41 13
3
44 39 6
31 25 7
41 33 23
0
3
39 30 2
40 38 15
50 49 18
1
34 19 8
1
39 29 2
0
2
39 30 1
34 23 2
0
0
2
34 28 6
36 25 18
0
0
0
0
1
34 25 2
1
37 28 10
0
0
1
43 38 21
0
3
46 39 4
44 39 13
61 41 16
0
0
1
44 26 8
0
0
3
20 16 0
40 36 2
34 27 5
2
27 24 14
46 34 18
1
59 52 6
0
0
1
39 26 13
1
53 38 6
0
1
50 45 19
2
49 42 8
36 24 12
0
1
42 33 11
0
3
48 34 11
55 51 14
44 36 19
0
1
59 47 5
3
40 35 2
49 42 13
50 42 20
0
1
48 39 1
1
55 47 18
1
43 38 18
1
47 35 14
1
54 39 8
1
49 34 0
2
42 30 2
60 41 16
1
54 45 13
3
45 38 11
57 45 23
28 25 24
0
1
66 47 7
0
1
45 38 18
1
59 58 21
0
3
55 44 6
50 29 7
54 42 19
3
61 61 6
59 44 14
36 20 24
0
2
70 53 1
57 49 15
0
1
34 26 10
1
50 48 23
1
69 51 16
2
59 43 0
57 39 16
1
75 52 0
1
48 44 12
3
52 46 6
49 30 8
48 44 11
0
1
46 35 12
0
1
57 57 2
1
59 44 7
1
47 38 12
1
68 52 12
0
1
46 42 2
0
0
0
0
0
0
1
57 51 3
3
64 59 8
56 47 12
51 51 16
2
58 47 12
54 50 15
1
62 52 2
0
0
1
58 36 8
4
35 27 2
69 52 6
45 34 11
55 39 14
0
1
78 49 12
2
60 37 11
46 30 24
2
74 70 11
37 23 15
1
59 52 12
1
41 32 6
2
46 34 8
56 42 13
3
54 36 2
60 52 3
66 57 21
3
34 28 9
86 69 10
49 35 15
2
49 37 1
38 27 15
2
59 48 6
59 51 13
1
51 46 17
0
1
67 48 2
0
0
0
3
46 40 2
67 55 6
50 36 16
1
59 52 16
1
37 35 16
0
1
62 56 1
0
1
33 26 10
3
63 45 1
76 78 12
62 49 18
0
1
64 49 13
1
66 52 5
1
45 38 2
2
96 89 9
59 40 13
3
34 23 1
36 27 2
56 41 24
1
47 31 9
2
54 42 0
75 58 8
0
0
1
42 35 1
0
1
68 49 11
4
52 45 2
86 90 6
63 58 8
68 57 13
0
1
51 44 22
2
53 46 0
50 45 18
1
62 50 15
0
1
77 56 15
1
60 49 15
1
76 46 14
2
70 47 1
49 34 13
0
1
22 22 4
1
48 24 18
2
65 47 2
80 78 20
3
76 60 6
77 64 12
85 80 18
0
1
46 33 22
2
58 53 8
37 32 17
4
58 39 2
49 44 13
74 59 19
55 50 22
1
54 37 8
1
55 40 21
1
79 61 17
1
72 59 20
0
0
1
77 61 0
0
0
1
73 69 14
1
54 37 4
1
78 61 8
2
92 76 12
77 63 24
0
0
2
62 52 12
55 42 20
3
77 58 0
44 40 1
65 56 15
0
2
58 48 4
74 61 6
0
2
74 53 0
84 53 19
2
50 39 2
61 39 16
0
0
0
0
1
33 25 11
1
87 70 8
1
63 46 6
1
67 55 0
0
2
79 55 1
74 67 2
2
79 62 1
68 43 18
0
0
1
63 51 4
0
0
4
72 61 11
83 69 15
70 51 18
68 57 23
1
72 54 18
0
1
49 37 2
1
82 56 13
1
103 77 4
1
69 55 11
0
0
0
1
64 45 13
0
0
0
1
85 50 0
0
1
54 39 18
1
29 24 2
1
58 54 15
3
76 70 1
31 24 8
55 45 11
0
0
3
79 61 0
71 67 3
86 76 21
0
1
100 55 20
0
0
1
84 63 8
1
84 56 23
1
96 69 15
1
88 58 11
3
82 64 5
105 93 11
72 51 13
0
0
1
78 70 0
3
68 40 2
70 66 12
71 51 18
1
47 31 11
2
77 63 2
81 48 6
2
85 70 4
75 62 7
0
1
99 83 8
3
106 64 17
58 53 19
81 66 20
1
84 64 12
0
0
1
76 55 13
0
4
70 54 3
66 43 6
46 37 8
45 31 9
0
1
69 65 18
0
1
84 58 15
0
1
57 43 14
2
79 75 4
59 52 12
1
106 93 5
0
3
67 51 5
106 93 8
92 83 19
2
96 72 3
65 54 21
0
0
1
82 56 13
3
42 35 2
104 74 11
83 66 17
0
1
69 59 13
5
70 41 8
83 62 15
69 58 17
88 66 18
70 63 24
2
120 98 1
44 30 2
1
92 64 8
0
2
95 94 12
62 40 22
0
2
57 46 4
88 66 12
0
0
1
74 52 16
0
1
84 55 16
6
68 47 0
90 76 4
68 57 5
88 57 7
92 80 16
85 70 24
0
3
45 33 3
85 49 6
71 50 13
0
1
66 65 11
0
0
1
61 50 4
3
118 84 11
70 51 16
91 61 17
0
0
1
93 76 11
3
99 74 6
85 81 12
75 57 18
1
96 77 12
1
65 49 19
3
96 83 0
87 74 23
103 80 24
2
81 67 6
81 56 8
0
3
56 54 0
87 73 1
66 48 6
1
85 64 6
2
61 47 2
67 51 6
2
90 80 13
77 70 15
1
99 82 16
0
2
69 61 6
67 53 15
0
0
0
0
1
99 71 24
0
3
123 117 8
86 76 11
89 75 24
0
2
111 77 7
110 78 8
2
135 120 18
64 45 23
4
40 30 6
103 85 8
60 46 13
95 87 15
2
51 40 6
61 56 12
2
76 60 2
88 67 22
1
121 98 16
0
2
103 59 11
101 82 14
1
74 57 8
0
3
94 73 14
107 94 15
80 67 16
1
105 88 18
0
0
0
0
2
79 64 6
92 70 12
1
90 65 15
0
0
1
103 98 15
0
0
0
2
107 96 2
85 56 18
2
81 59 14
132 126 16
1
91 80 16
1
68 52 17
0
0
1
107 65 12
1
95 77 11
0
1
93 67 8
0
0
1
80 71 16
0
0
1
80 84 2
0
1
72 58 0
1
107 69 19
1
62 47 16
0
3
103 90 1
51 40 5
77 68 15
1
105 87 2
2
90 74 3
112 81 15
1
90 57 8
1
103 70 16
2
84 79 3
79 64 6
1
93 77 2
1
76 63 13
0
1
94 73 8
1
75 57 11
0
1
100 78 0
0
1
81 63 16
0
1
67 48 15
1
102 51 3
0
0
2
79 69 1
98 59 19
2
93 87 0
123 111 8
0
4
101 63 3
80 67 8
125 111 16
116 90 24
0
1
84 51 16
1
69 65 18
1
94 89 6
1
97 74 15
0
0
1
94 87 2
0
2
97 74 5
92 80 12
2
83 53 15
104 80 20
2
76 66 10
103 82 11
1
82 65 11
2
146 124 14
104 91 22
0
4
52 44 2
132 102 7
63 51 8
101 96 15
0
1
124 104 16
0
0
0
2
66 58 6
96 80 14
1
123 102 24
2
69 46 2
95 73 16
1
108 91 7
0
0
1
75 63 13
2
169 132 2
90 68 17
3
95 83 3
70 52 11
139 100 24
1
76 67 7
1
113 89 22
3
110 96 0
126 101 4
99 82 11
1
99 86 19
1
103 87 4
1
141 106 13
1
118 108 3
3
65 42 6
100 59 7
116 78 16
1
93 69 17
0
0
0
0
1
124 81 0
0
1
135 105 20
1
85 64 7
3
86 73 5
89 71 10
101 105 11
3
131 102 2
118 71 14
82 80 24
1
133 108 22
2
81 58 5
116 95 13
0
2
129 105 5
144 102 16
0
2
110 89 16
112 75 18
0
1
115 76 11
0
4
60 50 6
104 92 13
98 88 15
124 122 24
1
102 93 22
1
100 90 11
2
119 97 16
106 88 18
0
1
157 126 17
2
125 100 11
107 93 23
0
0
3
98 67 6
92 67 14
86 51 17
1
125 90 17
1
110 91 6
1
131 116 13
2
104 97 3
99 83 16
0
0
1
82 66 6
1
77 66 2
1
128 121 0
0
0
0
3
88 74 2
81 66 5
69 66 14
0
4
94 79 2
102 86 13
92 79 18
96 82 21
0
1
138 105 6
0
3
115 110 13
125 98 14
130 103 23
2
100 67 3
127 87 14
0
1
121 104 5
2
99 69 1
92 42 22
1
88 73 18
1
152 113 20
0
0
2
159 133 6
99 90 12
2
104 98 6
108 102 23
0
2
94 54 16
136 109 17
1
104 88 6
2
146 121 4
95 71 13
0
2
64 34 14
122 92 16
0
1
114 74 14
0
0
2
91 73 8
90 72 12
0
2
135 105 15
175 149 18
2
125 95 8
148 157 17
1
85 57 3
0
1
78 61 24
0
2
81 59 3
104 86 18
1
112 108 24
0
0
0
0
0
1
105 76 8
2
88 70 11
173 139 14
1
177 131 12
2
88 67 11
115 75 16
0
2
141 110 2
143 132 8
0
1
81 71 18
3
118 83 5
94 81 6
107 65 12
1
134 135 17
0
2
134 114 3
112 106 14
1
95 69 6
1
135 83 0
0
1
84 64 6
1
131 98 16
0
1
157 124 14
0
1
139 122 21
0
1
87 74 6
2
97 49 11
138 125 14
1
124 100 4
1
118 95 2
2
146 139 2
78 62 10
1
143 116 0
1
135 88 16
2
71 56 8
108 62 18
1
124 100 18
2
172 170 17
108 96 21
0
0
0
0
2
119 79 3
141 147 14
2
164 139 0
125 132 7
1
125 96 2
1
75 60 16
1
128 74 16
0
1
147 124 13
0
3
65 47 8
129 114 10
110 91 15
2
99 74 4
120 107 15
0
0
0
0
0
0
2
116 90 11
112 88 19
2
154 117 11
165 119 16
0
1
126 111 10
1
127 97 0
2
84 67 8
110 88 11
0
2
122 117 16
146 133 24
3
119 112 2
156 111 17
111 95 18
2
107 87 13
127 87 20
2
141 114 4
139 139 23
2
117 87 1
164 133 8
0
0
1
172 152 24
2
119 94 10
183 158 17
0
1
97 81 18
2
72 47 5
166 137 18
0
1
161 134 11
1
133 90 6
3
99 69 1
138 108 15
143 114 24
0
3
109 84 0
127 92 6
141 127 8
0
1
77 61 6
0
1
114 80 23
1
145 115 6
2
98 80 4
108 88 14
2
134 99 14
123 109 15
0
3
149 116 3
131 103 5
92 59 13
4
104 88 1
130 98 3
133 100 10
137 119 17
1
121 111 13
2
113 93 3
116 93 12
2
130 102 8
186 146 14
2
91 68 8
146 136 12
2
130 114 6
108 78 15
0
0
0
2
142 101 13
150 136 18
0
0
1
185 141 18
1
134 118 19
3
109 101 8
151 125 11
128 106 22
0
2
124 111 15
99 73 20
2
125 81 15
139 104 17
1
155 140 23
1
148 126 16
0
1
135 95 6
1
157 130 8
0
0
2
165 160 6
163 130 16
0
1
148 134 18
2
170 146 12
164 151 17
2
144 106 12
136 104 16
2
128 115 6
114 86 8
2
147 122 1
115 98 7
1
127 91 1
1
101 87 14
3
117 83 3
161 120 8
158 115 18
0
1
104 100 0
0
2
141 108 7
141 114 15
1
74 57 11
1
186 161 12
1
143 90 2
0
3
179 135 5
187 157 13
89 60 18
0
2
136 97 5
163 113 18
2
107 89 16
190 146 20
1
179 130 20
2
119 95 8
100 73 10
1
123 125 15
0
1
133 104 16
1
163 147 4
2
150 142 13
127 91 23
2
141 101 14
103 69 24
2
100 73 11
97 71 15
3
143 125 1
101 88 2
145 106 23
1
181 156 17
1
115 98 13
0
1
127 86 2
0
1
143 117 12
1
132 104 22
3
188 187 5
157 113 6
150 108 8
3
135 100 5
118 88 14
163 130 15
2
125 94 5
145 120 12
2
110 95 2
112 109 14
2
182 130 6
111 83 8
0
2
160 115 14
124 93 23
0
0
0
0
1
154 123 23
1
137 120 14
1
168 123 20
2
153 120 1
210 170 13
0
0
0
3
221 182 11
148 127 14
134 118 17
1
128 105 0
1
100 90 1
0
0
1
161 150 21
0
0
1
130 127 2
0
0
1
116 115 16
1
86 56 2
1
139 111 18
1
185 147 13
2
166 115 6
199 176 11
0
2
174 124 12
146 136 15
2
168 131 9
129 113 15
1
175 151 0
1
177 129 10
1
163 117 14
2
127 104 22
116 117 23
1
152 103 6
0
2
142 117 2
138 106 11
1
171 171 6
0
0
1
104 71 16
1
94 87 8
1
157 137 12
3
149 143 2
186 138 19
106 82 24
1
161 137 20
0
1
137 124 7
0
1
91 65 10
1
165 135 15
3
139 116 2
149 122 6
153 130 16
0
1
156 131 7
1
163 115 19
0
1
138 115 3
1
188 148 11
2
127 100 3
124 107 8
1
161 145 3
0
1
144 102 19
4
138 106 2
167 116 4
176 156 8
174 169 12
1
220 142 17
1
110 97 15
0
0
2
130 101 2
131 128 12
1
125 101 18
0
1
163 147 4
1
148 82 18
1
108 90 24
1
92 79 16
3
192 143 3
157 107 8
129 120 16
1
120 109 3
2
133 116 20
129 109 21
1
127 103 11
0
0
0
0
0
0
1
136 109 6
1
173 165 12
2
159 135 8
170 120 20
0
0
0
3
159 137 3
149 93 9
148 125 16
3
147 124 3
134 101 6
163 133 19
2
201 143 2
135 113 3
0
0
3
143 121 0
163 122 1
207 146 3
2
125 107 16
222 157 21
1
149 139 24
0
1
153 144 11
1
178 142 17
0
0
1
169 129 13
2
144 101 6
178 151 20
2
172 110 2
161 136 13
2
155 120 3
205 146 7
1
143 111 19
1
159 104 8
2
176 149 12
126 103 13
0
1
205 163 4
2
165 113 8
131 105 15
1
166 136 2
2
180 135 14
148 126 16
0
0
1
110 94 16
0
1
213 199 1
2
192 121 6
137 136 15
1
156 140 4
0
0
