7 4 5 8 6 8 4 7 6 5 5 4 1 5 7 6 5 4 5 3 6 8 1 5 6
0
0
2
7 4 6
8 5 24
1
10 8 21
0
1
8 6 6
0
1
9 9 1
2
7 7 4
8 5 5
0
1
9 7 9
2
9 7 0
6 5 7
2
9 9 9
9 6 24
1
8 8 24
1
10 8 11
2
11 10 14
11 8 17
1
13 11 10
4
9 7 5
11 6 6
9 7 7
10 9 13
2
11 9 2
9 6 18
1
11 10 21
1
6 5 21
2
11 9 14
10 6 24
1
14 12 0
1
11 8 5
1
10 7 3
4
13 11 3
14 12 7
9 7 8
12 9 17
1
12 10 21
2
12 8 4
7 6 21
2
11 8 17
11 9 18
0
2
13 11 15
13 9 21
4
12 10 0
7 5 8
14 10 13
15 13 19
0
2
14 11 7
11 9 15
1
14 12 5
0
2
12 10 7
15 13 8
0
4
11 10 1
14 12 7
12 11 10
14 13 19
2
10 10 5
15 11 7
0
0
2
14 8 2
18 14 5
0
1
12 9 10
0
2
16 13 3
13 11 22
2
14 11 8
19 14 10
0
3
11 9 0
7 7 9
14 12 21
1
14 12 15
3
13 9 0
17 13 7
12 8 14
0
1
17 16 18
3
15 12 5
14 11 17
18 15 21
3
20 16 0
17 13 2
11 7 20
2
13 11 7
13 10 17
1
14 13 11
1
11 8 24
2
14 10 5
12 10 23
2
16 12 9
20 15 21
1
16 10 8
2
18 18 3
9 7 5
3
15 9 3
17 15 4
16 11 16
1
12 10 21
4
17 13 3
25 22 11
17 14 23
16 13 24
2
22 18 3
13 7 5
1
14 10 23
1
17 12 0
0
1
24 14 24
2
14 9 0
23 18 7
2
17 13 14
22 18 20
3
22 10 1
17 12 20
20 16 22
0
0
0
0
2
10 8 0
19 17 5
2
17 15 8
23 18 24
3
16 8 9
18 18 14
20 18 21
1
25 16 9
1
20 16 7
0
1
23 18 0
2
18 16 2
19 16 21
0
1
18 16 4
0
0
1
16 12 13
3
16 14 4
22 19 5
23 18 17
1
23 23 14
2
21 18 8
19 14 14
3
13 10 0
20 14 3
25 22 21
1
30 22 23
0
0
2
26 22 13
26 25 23
3
24 20 7
31 23 8
17 13 16
1
27 25 0
0
2
15 13 9
28 24 23
2
20 14 1
21 18 21
1
22 18 3
0
1
17 14 8
1
14 10 21
0
1
25 22 11
0
1
30 23 9
0
2
27 23 6
17 12 20
3
25 19 4
26 24 18
19 16 24
3
33 29 7
22 17 8
27 25 20
1
26 23 7
0
3
16 13 0
14 15 9
23 15 18
1
21 16 2
1
22 22 15
1
19 16 3
1
16 11 18
1
24 21 10
2
23 20 3
26 18 5
3
28 24 17
34 29 21
22 15 24
1
22 14 24
0
0
0
3
29 26 0
20 19 5
21 15 9
3
25 20 5
27 20 7
30 24 17
2
23 27 14
28 20 17
1
13 11 6
1
26 20 22
2
19 16 8
20 17 16
1
27 21 10
3
32 20 7
25 24 8
34 27 17
0
1
20 17 23
2
29 21 6
33 20 18
2
32 29 3
25 17 20
6
30 23 3
31 27 5
24 21 6
27 22 8
30 24 15
26 22 16
2
33 26 17
32 30 21
0
0
2
36 24 3
29 22 21
1
26 22 21
0
2
28 20 12
29 21 20
2
38 31 18
31 20 24
1
31 29 23
2
33 29 2
29 23 21
1
31 24 4
0
0
0
0
1
28 25 8
1
31 28 2
1
26 18 6
1
37 28 20
1
50 45 21
3
35 27 1
29 28 2
29 25 9
4
29 18 8
31 27 15
31 28 16
38 32 23
1
36 28 17
0
2
41 36 7
38 27 20
0
1
29 22 3
1
30 19 8
3
37 28 8
34 31 15
34 28 19
1
42 27 14
0
1
37 27 14
1
37 29 5
2
38 37 10
28 19 24
2
28 16 13
42 30 24
0
2
21 17 3
26 16 6
2
49 48 13
39 30 24
1
30 24 24
1
38 29 23
2
40 28 0
25 20 23
1
32 21 5
1
22 17 1
2
37 36 3
36 33 4
0
0
1
43 34 8
2
25 17 5
46 42 17
1
30 22 16
1
36 25 2
4
31 26 5
35 32 10
40 38 11
37 40 15
3
48 47 1
45 37 5
48 37 15
2
28 22 5
50 40 19
0
2
53 35 16
26 18 24
0
1
42 41 0
1
41 30 0
0
3
38 31 19
39 33 23
34 27 24
2
34 27 3
33 25 14
1
36 27 5
3
40 36 0
37 30 5
36 22 20
2
38 23 1
38 32 5
1
23 22 21
0
4
39 30 4
27 21 14
42 35 20
45 25 23
1
41 26 11
2
47 43 8
40 34 18
3
29 29 14
37 27 15
53 38 19
0
3
40 34 6
46 37 9
31 21 17
1
49 33 15
1
36 30 5
1
45 32 13
1
31 26 5
1
52 32 14
0
2
39 32 0
47 32 23
0
1
44 32 3
3
40 30 0
45 42 9
43 41 21
3
31 25 3
38 36 7
58 56 23
3
43 33 8
43 32 11
38 34 14
1
35 27 5
0
1
43 32 21
4
38 37 5
41 39 8
44 40 21
53 45 23
0
3
40 31 0
28 26 11
40 33 24
1
33 22 23
1
51 47 11
2
49 34 2
28 23 7
1
39 28 24
1
52 35 21
1
43 32 7
1
50 38 1
1
46 39 18
1
46 43 6
4
44 29 0
44 36 3
34 26 4
50 41 8
3
56 43 4
54 41 15
40 33 24
2
53 38 4
46 32 13
3
38 30 1
44 36 8
36 29 21
2
41 33 3
51 30 16
0
1
60 51 0
1
40 38 2
1
35 28 8
2
42 31 0
51 50 2
2
55 44 17
42 39 18
2
44 29 16
57 35 24
1
42 39 20
1
24 20 0
2
44 34 16
46 38 20
4
61 51 1
52 39 4
58 50 15
34 22 24
1
40 30 16
0
2
46 36 7
66 60 20
4
52 31 3
48 46 16
44 31 18
36 35 23
0
1
52 46 17
5
45 31 7
70 49 14
35 29 16
41 44 19
51 37 23
4
55 54 14
41 33 15
43 34 18
45 37 21
2
56 50 0
31 21 19
0
0
0
0
1
56 40 1
2
53 45 1
42 33 6
1
46 41 3
1
43 30 10
3
42 39 14
55 44 21
42 34 24
0
0
1
58 45 2
2
67 51 4
60 45 18
0
1
53 40 16
1
55 38 2
1
51 40 18
1
56 34 0
1
51 36 8
0
1
44 35 5
1
50 43 17
1
52 41 14
1
67 54 10
1
41 34 6
3
72 67 4
50 33 13
56 40 23
0
0
2
48 41 9
54 45 15
0
1
30 27 17
0
1
55 48 15
1
39 31 15
2
44 36 16
71 58 23
1
28 25 1
1
56 38 24
0
2
48 43 6
54 45 23
0
0
2
65 63 8
44 33 23
6
64 46 0
58 47 5
44 39 8
79 76 11
46 32 15
53 45 20
1
43 36 9
2
71 63 0
31 26 18
0
1
63 50 8
1
38 25 8
2
57 49 4
51 35 8
1
56 47 24
0
2
71 54 3
50 37 7
0
0
0
1
41 34 20
1
56 50 4
1
49 38 23
1
39 35 13
1
57 48 14
1
57 44 1
0
1
58 46 13
0
1
73 50 23
0
1
60 48 20
1
43 31 10
2
78 65 8
60 43 14
1
57 42 20
3
65 49 6
66 59 7
52 47 16
0
3
53 40 0
63 48 4
64 51 16
2
61 47 6
64 55 8
1
63 50 7
0
5
63 55 1
78 71 3
64 53 7
78 72 17
56 38 24
3
56 53 1
56 56 10
61 40 20
0
1
66 57 14
1
52 51 17
0
1
51 35 15
1
48 35 8
1
72 51 4
2
48 38 5
68 54 9
1
69 57 13
1
56 43 20
1
75 62 0
1
61 47 9
0
0
0
0
3
66 45 3
50 36 15
71 64 24
1
72 51 2
2
41 25 3
72 60 8
1
68 64 2
2
66 45 6
46 34 21
1
69 64 11
0
0
0
1
63 51 11
0
2
63 37 11
76 65 18
0
1
46 36 13
0
0
2
67 55 16
64 51 20
1
64 55 21
1
60 49 15
1
43 31 15
2
68 59 9
56 46 17
2
64 43 8
41 32 21
1
51 34 0
1
56 56 7
5
61 43 3
30 22 4
75 64 8
72 57 15
57 47 21
1
63 53 15
3
66 45 0
79 55 5
67 63 23
3
76 56 0
73 49 3
72 67 5
1
85 68 24
2
72 60 13
50 39 16
1
70 57 4
2
60 46 1
89 77 5
0
1
82 72 23
1
57 51 5
2
64 47 3
57 46 6
1
83 64 17
0
1
82 60 14
3
70 50 4
77 73 19
54 48 21
2
74 45 6
67 45 20
0
1
54 45 20
3
88 69 8
75 57 9
64 49 19
0
2
65 61 9
86 62 18
1
87 80 20
3
80 60 3
52 41 14
90 80 21
0
3
35 28 6
51 42 23
69 50 24
1
61 49 3
0
0
1
99 86 15
3
61 44 11
70 56 14
47 44 19
0
1
41 38 13
2
58 37 11
70 38 13
0
1
66 55 0
0
1
58 54 16
1
68 56 5
4
68 37 5
65 57 7
44 36 11
70 49 18
0
1
84 71 17
0
2
75 58 0
76 60 9
1
64 54 14
2
36 27 7
68 56 14
2
94 80 10
44 31 20
0
2
58 47 4
38 30 6
2
58 39 3
53 54 13
1
85 59 8
0
0
4
73 63 2
82 56 7
83 61 21
68 55 24
2
53 46 10
61 39 15
1
67 65 17
1
65 49 3
0
2
64 49 6
70 64 18
1
67 57 5
3
87 64 1
61 57 2
67 53 23
3
72 56 17
52 43 19
86 64 20
1
69 55 9
3
66 61 0
80 73 3
69 53 4
2
78 68 7
86 66 14
3
63 55 0
59 48 6
81 81 8
2
69 60 6
86 80 17
2
84 48 0
76 60 14
3
62 51 11
87 78 13
81 58 23
0
0
1
77 47 21
0
0
1
80 60 13
0
1
81 71 21
2
60 52 1
83 75 7
1
40 37 23
0
2
62 56 16
105 83 18
1
85 84 16
2
84 72 3
106 109 18
1
76 72 24
3
75 57 5
67 53 15
78 67 20
0
2
80 58 8
74 70 19
1
83 57 5
3
97 59 0
87 62 4
63 42 5
3
95 76 2
57 42 3
75 69 21
2
87 78 0
67 53 21
3
85 72 0
71 55 15
88 79 19
1
58 47 14
2
52 41 5
93 74 8
2
93 69 3
107 77 18
2
102 67 23
69 60 24
3
76 60 1
71 51 10
77 53 20
4
77 53 0
104 81 16
69 58 21
94 55 23
1
70 60 2
0
2
76 48 8
76 71 11
2
82 67 2
55 40 5
1
53 40 11
0
3
109 97 6
71 51 9
76 69 24
0
0
1
58 36 17
1
93 75 0
0
1
123 102 0
0
2
98 63 5
93 76 7
1
69 68 24
3
102 81 5
72 64 11
88 65 19
4
84 56 0
90 76 9
75 61 20
95 60 23
1
69 43 6
0
1
92 78 13
3
89 85 5
58 42 14
71 73 19
4
93 65 5
72 66 10
58 48 14
71 50 15
2
96 67 7
83 66 21
1
114 83 14
0
0
2
43 34 0
106 98 2
2
83 73 3
81 66 15
2
79 67 9
72 61 10
0
2
69 49 14
101 76 20
5
93 74 0
106 100 1
89 67 8
84 65 16
97 83 17
4
100 77 7
69 53 13
61 64 15
71 49 16
1
63 65 1
2
105 77 2
114 95 15
0
4
91 89 0
38 33 7
87 71 8
83 65 11
0
0
2
103 69 9
98 83 14
2
75 60 11
76 64 22
3
92 85 4
102 66 7
70 44 15
0
1
65 51 14
1
97 73 8
0
1
115 95 8
2
112 88 0
82 81 21
1
84 66 8
0
1
107 80 2
3
66 63 5
93 63 14
76 58 21
1
83 58 24
3
98 87 0
96 66 16
95 93 17
1
71 57 7
2
70 55 8
62 44 11
2
86 74 4
110 87 13
3
67 51 2
89 71 18
77 66 24
0
2
75 46 13
97 80 16
3
96 71 1
46 42 2
95 96 16
1
114 89 9
3
120 94 5
61 59 14
84 66 22
2
121 100 0
69 53 13
5
83 75 9
85 65 13
87 60 20
115 98 23
89 65 24
2
83 72 0
82 54 4
2
117 98 14
110 82 20
2
103 102 5
101 75 24
1
111 85 8
1
63 57 3
0
3
61 47 3
95 66 16
81 61 21
2
91 87 22
69 59 24
0
1
41 37 21
1
80 65 4
2
106 88 3
96 74 16
0
4
46 35 0
132 121 4
101 77 11
72 45 15
5
81 67 5
77 59 16
72 49 17
96 82 18
102 84 20
0
0
1
85 62 6
1
102 81 18
3
94 42 1
128 96 15
97 82 23
1
67 50 15
1
110 84 15
1
110 83 5
1
104 91 20
2
149 99 17
109 95 24
1
102 69 3
0
0
1
127 106 10
3
62 44 7
76 65 13
113 104 16
1
92 69 0
0
0
0
0
1
128 108 21
1
97 74 1
1
66 58 23
1
93 64 6
1
99 86 3
4
102 71 0
114 90 5
105 93 14
101 79 15
1
132 117 0
1
107 83 7
1
93 84 12
3
95 63 3
91 59 8
112 103 16
0
2
87 63 10
106 99 23
0
2
63 44 8
104 81 16
1
95 70 21
0
0
0
2
101 87 13
103 75 16
1
126 102 4
2
66 48 0
106 91 15
1
105 67 3
3
109 63 7
107 75 17
92 51 24
2
108 106 9
103 81 11
1
93 69 19
2
113 98 5
99 80 9
1
111 104 15
1
83 79 21
2
102 91 0
80 68 8
0
1
65 54 1
1
82 53 8
2
81 64 5
89 88 22
1
152 150 17
1
121 106 20
0
0
1
122 104 21
1
120 89 1
2
94 77 4
89 69 16
2
84 57 0
112 92 21
2
126 100 0
106 85 3
0
0
1
132 82 11
1
93 78 18
0
1
131 110 8
0
0
0
1
91 65 10
1
105 82 3
2
102 85 7
84 62 20
1
93 66 14
1
90 78 10
0
0
3
90 63 20
126 95 21
103 93 22
0
0
2
99 83 6
124 94 10
3
120 82 5
84 75 13
111 88 17
2
98 91 7
68 54 19
1
114 111 4
1
102 92 19
1
123 98 7
1
83 67 0
2
94 75 10
101 75 16
2
109 89 7
97 88 21
1
139 73 7
1
116 87 1
2
82 65 21
60 53 23
1
76 69 2
1
144 106 0
1
130 94 20
1
111 77 1
1
125 108 4
1
80 76 5
3
125 83 4
117 87 5
131 122 14
0
6
131 112 3
81 71 6
68 55 8
94 77 14
126 95 19
98 82 22
0
0
2
126 117 0
98 86 23
0
0
1
84 70 15
2
71 55 14
120 97 20
0
2
117 96 10
113 97 20
2
112 97 3
82 70 10
1
98 69 17
3
90 67 0
150 119 2
115 68 3
0
2
119 91 1
126 113 2
0
1
114 64 23
3
86 62 3
151 146 4
81 59 16
0
1
125 98 11
1
106 75 1
2
113 94 0
107 91 11
1
115 93 3
1
111 79 23
1
61 53 8
2
111 77 5
75 55 10
1
120 107 3
1
89 75 3
0
0
1
113 92 16
4
107 85 2
107 96 9
139 139 11
46 38 20
1
100 73 3
0
1
103 74 0
1
110 87 8
0
0
0
2
81 70 3
43 34 5
2
132 91 7
112 68 8
3
171 146 7
78 75 16
82 61 23
2
63 48 14
47 39 17
0
1
89 72 7
1
139 118 13
1
126 109 23
1
109 87 19
1
129 116 13
1
108 59 23
1
94 88 11
2
102 83 0
119 90 2
1
138 114 13
2
97 76 3
116 91 20
1
146 98 5
1
102 69 20
1
89 86 17
0
2
152 120 5
127 139 24
1
111 74 7
0
0
1
105 89 7
0
0
2
151 130 5
100 81 11
2
104 72 14
79 56 23
1
73 55 2
1
165 129 9
1
110 95 0
2
99 81 1
179 140 18
0
1
102 81 21
3
124 115 13
135 103 14
112 86 17
3
70 53 4
154 105 15
147 110 20
1
100 82 2
1
93 79 8
3
162 149 0
122 94 3
120 104 4
2
108 93 15
147 143 20
1
128 105 18
1
142 140 24
0
2
164 114 7
133 124 8
1
85 71 15
0
1
95 79 16
0
0
3
133 104 5
111 86 13
132 63 14
2
101 78 1
135 104 9
0
3
128 108 0
133 94 15
135 123 24
4
97 71 0
94 69 4
154 101 18
107 81 19
1
165 133 10
1
93 96 2
2
86 69 7
96 70 23
1
107 69 14
0
2
128 104 8
115 86 16
2
142 97 6
118 118 23
3
135 105 11
138 121 15
125 102 21
2
107 60 0
149 119 15
1
144 93 1
1
111 63 5
2
134 99 1
122 95 9
1
116 95 10
3
99 69 11
110 92 16
124 93 18
1
102 68 5
0
2
108 90 14
130 106 15
1
115 113 4
1
122 99 15
1
90 72 18
0
0
1
106 82 18
1
190 178 3
3
147 122 0
109 101 3
112 71 4
0
2
131 100 10
138 132 21
4
158 136 4
136 103 5
102 74 14
154 101 21
2
209 164 16
116 103 20
2
170 118 7
108 97 24
3
110 92 6
148 113 9
103 89 24
0
0
1
159 159 1
0
4
137 95 2
114 101 5
127 109 10
175 127 18
4
122 117 3
154 127 5
119 103 8
151 97 11
1
170 130 3
2
102 90 7
104 86 16
3
174 132 13
134 120 17
122 132 20
0
0
1
147 137 14
1
83 59 23
0
1
86 66 0
3
170 130 2
116 101 14
171 138 20
0
2
118 119 1
116 83 7
1
154 117 6
1
117 101 8
0
0
2
136 90 17
153 133 21
0
1
75 57 10
1
132 105 0
0
0
1
124 77 21
5
153 121 6
136 99 9
116 107 16
127 113 20
122 83 22
0
4
109 83 0
110 87 10
134 135 18
110 100 21
1
98 91 1
1
114 86 24
3
87 66 7
107 101 11
146 111 14
2
98 67 21
114 105 24
1
140 110 20
0
1
168 144 13
3
204 134 0
95 72 3
164 144 20
1
126 81 23
0
1
160 141 4
0
2
120 87 0
128 112 11
2
73 58 2
133 115 5
3
150 107 5
116 84 7
140 99 11
3
114 87 15
180 160 16
147 87 24
1
147 118 6
0
0
1
150 128 4
1
180 130 0
2
109 92 6
146 117 18
1
104 72 14
3
146 90 9
146 120 10
126 82 21
0
1
157 146 5
0
1
136 120 17
1
116 110 8
2
129 104 5
83 72 15
0
0
0
0
4
167 162 2
153 103 10
180 163 18
92 76 21
0
1
117 88 21
1
111 86 5
1
166 120 16
2
137 65 6
165 98 23
2
182 135 18
151 93 19
1
142 109 14
1
132 97 1
4
115 92 2
118 88 4
112 83 7
166 129 15
2
117 76 0
141 131 10
0
2
103 76 3
156 131 23
1
117 89 14
3
104 91 8
165 146 20
196 169 23
0
3
147 129 4
129 93 7
117 91 18
1
166 120 0
1
122 88 2
0
1
136 104 18
0
2
100 90 5
178 147 21
0
0
0
1
113 87 9
1
138 107 5
0
1
152 142 10
1
140 111 4
2
78 73 8
71 49 14
1
120 106 0
1
138 132 23
6
192 153 6
102 63 8
116 83 13
197 143 14
150 124 19
108 85 23
1
174 127 7
1
156 134 5
0
2
106 88 9
143 114 24
1
101 80 22
3
143 107 2
103 81 5
140 113 15
3
171 115 0
154 120 11
131 114 20
2
103 93 3
129 83 8
1
172 122 20
0
1
119 88 14
2
180 122 4
84 77 5
1
116 91 17
0
0
1
150 136 21
2
135 119 7
141 117 14
4
169 175 5
189 172 14
162 113 18
131 86 24
0
1
159 133 8
0
3
173 160 8
177 132 13
117 94 21
1
129 106 21
0
1
125 109 7
0
1
120 104 9
0
1
189 199 7
0
1
78 63 23
1
106 93 6
1
134 109 5
0
2
149 125 3
149 136 10
1
161 124 17
1
138 114 15
0
0
0
2
158 131 5
169 131 6
0
3
173 151 2
231 155 18
153 110 21
1
196 139 13
1
167 119 14
2
131 100 4
176 149 9
2
65 49 8
173 139 9
0
2
124 92 2
133 126 11
3
205 199 6
176 153 19
151 110 24
2
154 145 1
131 98 10
3
163 117 5
134 111 11
144 129 21
4
188 126 7
149 85 16
182 153 18
145 107 24
3
119 92 15
147 107 18
129 86 21
0
3
138 106 0
157 138 8
139 105 24
0
2
136 121 21
167 117 23
1
152 112 21
2
140 119 1
195 152 3
0
2
146 104 7
139 112 14
2
105 78 0
179 107 19
0
0
0
2
126 95 3
141 107 5
0
0
2
202 231 4
127 105 15
0
0
1
119 106 9
0
0
0
1
158 124 15
1
104 83 3
2
152 128 5
152 100 7
1
177 153 16
2
194 169 3
112 63 4
1
106 101 15
0
0
0
2
147 104 9
176 114 24
1
189 122 21
0
2
105 102 7
133 118 20
1
137 117 18
2
151 122 5
140 111 13
2
199 168 7
136 80 13
0
4
109 91 2
149 104 15
165 155 16
166 152 17
2
213 184 21
175 128 23
1
179 163 2
0
2
153 133 23
193 141 24
3
130 101 1
192 151 2
152 102 18
1
163 135 12
1
179 138 3
1
211 147 1
5
158 140 4
134 103 5
117 89 14
157 137 16
144 100 18
3
157 127 4
104 85 5
126 107 18
1
147 130 1
2
190 152 8
157 126 14
0
0
3
191 142 3
149 111 9
147 88 17
0
