5 6 3 5 8 4 7 8 3 5 8 7 2 8 7 2 4 1 2 7 2 8 8 1 1
1
8 8 22
0
0
3
9 8 10
7 5 18
8 7 19
1
9 5 6
1
7 6 3
0
0
0
0
0
2
11 10 7
12 8 22
1
10 8 22
3
13 13 4
11 8 11
8 5 13
0
0
1
10 8 10
1
8 6 14
1
9 7 0
2
9 5 15
13 11 22
1
13 11 13
1
9 8 15
0
1
8 4 14
0
2
10 7 7
15 13 19
0
1
14 11 13
0
1
10 7 16
0
2
12 9 0
13 10 23
0
2
18 17 4
10 9 7
1
14 9 17
2
14 9 8
14 14 16
1
16 13 11
2
14 12 5
16 11 6
2
15 13 11
10 9 20
1
13 10 5
0
1
9 8 4
0
0
0
1
12 8 24
1
13 10 5
3
17 12 11
11 7 19
10 7 23
0
0
1
20 15 6
1
13 9 7
1
13 10 3
0
2
15 14 11
12 10 22
2
13 12 14
18 14 21
3
15 13 0
14 11 21
15 14 22
0
0
0
1
13 11 4
2
19 19 5
13 11 11
1
20 16 13
0
2
15 13 6
22 19 21
2
23 16 0
14 9 22
2
18 11 1
14 10 22
4
22 13 4
15 12 5
17 15 11
13 11 13
0
3
24 20 1
13 7 13
19 16 21
0
2
22 17 6
15 12 11
1
10 8 6
3
24 16 0
17 13 11
22 19 22
0
0
2
21 18 13
17 13 18
1
22 15 4
0
0
1
16 13 5
0
0
2
18 14 9
28 24 21
1
19 16 17
0
2
14 11 1
18 16 14
1
19 16 6
0
3
27 19 11
21 15 19
22 18 22
1
28 20 8
1
28 22 17
0
1
20 17 19
1
19 13 14
1
21 19 19
2
22 14 3
20 19 7
1
16 13 11
1
18 12 0
0
2
21 17 14
25 22 19
0
1
26 19 22
2
33 24 0
24 17 1
1
29 22 13
3
23 16 7
31 28 10
17 14 14
1
27 19 7
0
3
16 12 0
18 17 10
23 18 22
1
20 18 14
1
15 12 13
1
32 32 7
0
0
0
2
23 12 9
28 22 13
0
1
25 20 22
1
35 27 4
0
0
0
3
12 7 0
32 24 3
25 20 24
1
22 16 10
1
25 19 4
3
26 21 2
20 14 14
32 26 22
0
3
26 20 2
28 20 6
28 21 16
0
1
37 31 4
4
18 13 10
21 17 12
26 16 14
31 26 16
2
37 40 0
26 18 3
2
36 31 1
29 26 4
1
30 24 14
2
33 26 2
22 18 23
1
26 22 1
3
25 19 3
29 22 10
26 24 16
3
35 29 2
36 36 8
36 24 16
0
1
33 25 21
0
4
38 27 2
29 23 10
31 24 11
30 18 14
2
26 22 6
30 26 13
2
28 24 1
38 34 19
1
24 20 11
1
28 22 9
1
35 29 21
0
1
39 30 17
1
34 27 2
2
30 27 3
19 14 15
2
18 16 1
33 28 5
1
22 15 3
0
0
1
33 31 6
1
31 26 11
0
2
27 20 10
36 31 19
1
40 33 20
1
34 22 7
1
39 30 5
3
41 23 3
34 28 10
32 22 21
2
29 24 6
23 18 22
4
35 30 4
40 35 10
31 19 11
31 24 21
1
33 27 19
1
42 42 9
2
35 23 1
37 25 22
1
37 33 10
1
35 30 3
1
34 24 14
1
28 22 0
1
23 19 11
2
25 17 8
35 24 10
2
24 21 0
35 23 22
1
33 20 7
2
25 20 3
49 36 7
3
32 21 0
41 24 9
41 38 11
3
40 36 1
34 28 6
26 18 18
0
1
40 33 13
1
41 33 21
3
36 26 3
43 36 6
44 36 21
0
0
2
29 23 6
39 30 21
2
35 31 10
38 28 12
3
26 20 0
38 33 4
30 21 14
0
1
36 27 6
1
36 27 4
1
42 34 1
1
36 34 7
1
24 19 5
1
33 27 4
1
34 29 7
0
2
47 37 2
51 38 13
3
40 38 4
28 25 8
36 26 14
1
32 16 13
0
1
36 27 1
2
40 28 3
34 27 19
2
40 21 2
31 24 13
2
32 23 10
39 27 22
2
35 30 13
38 32 20
1
29 23 6
4
31 26 3
32 27 5
44 37 13
35 28 19
1
34 32 21
1
29 27 13
1
38 30 12
1
46 38 21
1
38 36 10
1
26 20 6
3
43 24 6
47 38 21
34 28 22
0
2
49 38 3
47 30 22
0
1
51 47 4
1
43 32 6
1
37 28 3
0
1
49 38 8
2
45 39 5
37 28 23
2
23 19 5
32 24 6
1
38 33 13
2
36 27 6
55 34 11
2
46 46 4
35 27 22
1
30 23 16
0
2
37 29 8
43 31 13
1
40 38 13
2
41 32 6
33 23 10
0
0
2
33 26 0
38 31 11
0
0
0
1
34 25 9
1
43 41 11
1
49 36 8
1
51 42 4
1
47 46 10
1
33 25 16
0
1
40 36 14
2
51 37 10
44 35 22
1
48 44 4
1
60 40 18
4
50 47 3
42 33 13
37 25 14
44 36 23
2
63 43 4
47 34 13
2
59 40 1
45 38 16
2
43 30 4
43 39 12
2
39 31 2
51 47 19
1
42 31 14
2
39 38 1
49 48 21
1
54 35 0
1
40 35 22
2
49 35 0
44 40 8
1
37 29 22
2
36 36 7
56 44 13
0
1
42 37 19
1
48 40 6
1
53 43 21
3
45 34 2
48 44 10
39 26 23
0
1
54 50 0
2
35 25 4
34 26 10
2
40 38 11
49 45 21
1
47 43 9
2
49 49 7
44 40 24
2
41 30 21
42 35 22
2
75 51 18
41 28 19
2
37 31 13
53 36 14
0
1
52 49 5
1
49 35 13
2
62 50 1
53 35 11
2
59 48 9
49 44 10
1
40 27 6
1
62 57 3
1
69 49 7
1
19 16 14
1
46 36 19
1
44 37 4
2
62 41 0
38 33 7
0
1
56 45 7
2
44 36 9
40 24 13
2
47 31 14
37 30 21
2
47 31 11
50 34 21
0
4
45 34 6
50 55 7
52 53 13
59 44 21
1
63 53 6
0
1
51 43 19
1
51 32 7
1
36 26 16
2
42 34 13
50 45 22
3
49 43 14
43 29 16
53 43 20
0
2
50 39 3
64 57 21
1
54 35 9
1
39 32 6
0
0
4
47 36 4
55 41 14
55 48 16
34 30 22
0
0
3
48 38 2
66 51 7
67 47 22
3
54 43 3
59 48 4
68 52 20
2
46 25 10
53 46 21
3
58 50 7
55 45 11
42 31 24
1
49 44 11
1
52 42 4
1
41 30 16
2
59 57 10
47 39 19
0
1
48 44 4
1
55 51 11
2
50 36 5
53 45 14
1
51 42 7
2
51 42 4
70 50 21
3
28 23 3
63 42 19
42 31 22
1
57 51 21
1
50 40 9
0
2
73 59 0
64 62 12
0
0
0
1
62 57 17
0
3
37 27 1
56 46 5
43 41 21
1
64 57 14
0
1
38 29 13
1
35 28 13
1
65 56 11
0
2
46 34 4
68 64 19
0
1
62 61 10
2
65 53 4
72 56 6
0
2
53 44 12
57 51 13
1
61 40 13
3
57 31 4
58 49 8
66 48 19
2
69 62 1
76 67 10
3
66 48 3
53 47 22
47 42 23
1
70 55 14
1
54 44 21
1
56 52 20
3
74 71 4
60 52 21
70 47 22
0
0
1
56 43 4
0
0
0
3
51 36 2
77 58 7
69 58 18
1
76 63 2
1
60 59 19
2
64 50 9
67 47 10
5
51 41 2
68 54 12
54 41 16
49 33 19
42 33 21
1
35 26 16
0
1
80 72 14
0
3
62 46 4
80 60 21
60 33 23
0
1
73 55 11
0
0
1
76 57 4
2
80 61 14
85 68 22
2
103 79 4
42 29 6
0
1
60 44 7
0
0
1
63 60 6
2
53 48 9
71 69 11
0
2
63 54 11
64 60 18
0
0
3
65 51 1
67 44 5
62 52 24
1
60 52 10
2
84 52 8
82 63 20
1
98 86 13
0
0
0
4
70 52 1
71 64 3
75 58 14
51 46 15
1
88 66 4
1
95 68 4
1
45 32 5
0
0
0
2
77 58 3
74 62 15
1
75 53 22
2
89 75 10
44 40 11
0
1
58 44 19
0
0
0
5
85 56 4
45 39 10
98 73 11
72 47 14
61 47 22
0
2
95 87 6
79 53 7
1
72 60 19
0
0
2
80 66 13
68 55 18
1
78 72 9
0
0
1
77 60 9
2
101 87 1
91 60 5
1
74 70 9
2
87 68 7
111 79 22
0
5
68 41 0
92 71 3
45 31 4
46 32 5
75 61 7
3
83 38 8
90 71 9
78 78 21
1
81 61 12
0
0
1
62 56 13
2
81 56 6
58 59 14
3
66 59 0
89 63 10
45 37 22
1
65 49 4
3
84 51 5
57 51 8
63 58 19
1
63 45 11
0
1
84 71 10
2
79 67 6
77 62 22
2
73 59 1
73 43 10
2
95 61 1
85 65 10
0
0
1
75 46 1
2
72 59 4
96 59 6
2
76 64 4
89 79 14
2
85 81 1
95 87 22
1
82 54 0
2
84 69 1
71 66 10
0
2
67 59 7
83 67 18
1
36 34 11
0
1
59 49 14
0
2
59 43 2
96 75 6
1
46 35 11
2
80 65 8
85 79 13
0
0
0
1
67 56 13
2
83 71 8
92 87 11
1
68 73 6
1
80 61 1
0
0
1
69 54 0
0
1
85 87 14
3
72 62 1
109 90 6
60 40 19
3
90 77 4
79 64 5
84 69 20
0
0
2
65 60 6
62 50 10
1
104 105 6
0
1
67 57 20
4
66 48 5
69 70 7
71 61 10
66 61 11
1
66 60 15
0
3
99 78 6
78 73 9
77 56 16
1
80 73 2
1
107 77 6
0
2
84 62 6
74 58 8
2
93 67 7
79 66 13
2
94 59 7
98 83 19
1
107 98 13
0
1
65 44 21
0
0
0
0
2
79 54 13
97 90 20
3
88 77 3
94 74 6
68 54 7
1
103 87 21
3
97 81 13
109 71 20
77 60 23
0
1
55 42 9
1
66 45 1
1
67 52 20
2
96 67 11
59 46 21
1
89 53 4
0
1
110 105 20
1
83 62 5
0
2
72 61 3
87 66 4
1
85 77 16
2
94 66 16
61 46 19
0
0
0
0
2
129 117 21
132 109 22
1
71 55 15
0
2
82 68 0
108 81 22
0
2
69 46 2
93 69 21
1
72 53 24
0
3
90 98 10
94 75 18
77 58 22
2
95 80 4
80 72 10
0
3
82 65 4
115 77 7
111 66 21
1
110 76 3
0
0
2
77 52 2
78 56 16
1
92 66 2
1
71 53 10
2
86 59 13
81 54 19
3
83 78 1
81 56 10
88 71 21
2
85 63 19
115 92 21
2
51 35 6
96 75 13
1
100 87 7
1
107 106 10
2
110 80 6
65 50 19
2
116 97 6
142 113 16
4
95 86 2
77 57 6
86 77 7
73 59 12
3
75 62 1
95 76 3
112 109 21
0
0
2
83 53 9
100 81 21
1
89 63 4
0
1
70 46 9
2
92 87 4
58 37 13
3
76 59 14
52 37 16
109 108 22
0
1
66 64 5
0
2
83 66 6
90 64 22
0
1
112 91 5
0
0
1
92 71 7
2
110 84 9
117 79 11
0
1
103 85 4
1
87 84 7
1
66 56 6
2
73 50 4
124 82 16
2
85 69 3
56 47 22
0
2
126 100 7
82 67 21
1
107 96 7
1
114 89 13
1
65 51 2
3
121 105 1
78 68 7
88 73 20
1
113 90 5
0
2
100 90 4
103 90 8
0
3
135 110 13
81 71 16
81 64 21
0
1
66 46 6
3
81 58 7
82 88 12
92 67 14
2
108 77 9
91 91 17
0
1
96 69 13
2
74 73 13
110 73 22
3
96 68 11
94 65 13
75 60 14
3
91 90 7
72 58 13
59 43 22
1
89 54 7
2
70 63 14
66 53 17
2
134 103 4
149 129 11
3
56 48 14
100 76 15
120 112 21
3
91 65 11
113 108 19
66 60 22
1
49 42 17
2
84 59 0
102 100 9
1
120 98 21
3
87 83 1
92 76 3
91 66 10
1
91 70 5
2
80 56 1
69 47 4
0
1
89 69 22
2
88 72 7
96 74 14
1
92 81 5
1
97 72 11
2
98 76 9
66 42 10
1
115 91 21
3
87 80 0
129 106 1
110 82 19
1
103 73 11
0
1
78 60 8
2
104 76 4
81 57 19
0
4
99 86 7
119 115 16
93 76 19
69 54 20
2
84 68 4
72 59 13
1
98 74 19
2
96 70 3
91 70 7
1
121 105 9
1
127 101 18
0
1
76 60 0
3
96 83 6
103 71 19
98 74 22
1
82 67 10
2
96 86 3
99 76 7
0
2
133 105 6
98 72 13
1
93 68 7
0
1
98 85 4
3
94 74 0
104 71 6
133 92 7
1
78 53 6
2
134 101 13
96 65 21
1
87 61 13
0
2
78 57 10
109 94 18
0
1
110 88 6
2
96 83 0
115 74 16
2
118 81 14
123 135 22
0
0
0
0
0
1
104 107 16
2
106 95 17
104 85 22
1
97 74 22
0
1
117 91 6
1
87 80 14
1
129 108 14
0
1
113 80 22
4
107 74 7
93 74 13
126 108 14
108 74 22
1
85 63 5
2
112 97 0
84 60 14
0
1
57 39 22
3
100 87 1
114 94 6
103 89 15
0
0
0
0
1
99 74 7
0
1
127 95 2
1
133 108 13
1
117 106 9
2
116 105 21
52 47 22
0
3
109 105 2
129 76 4
138 106 10
2
89 78 0
114 94 1
1
108 97 7
0
0
2
101 77 15
94 72 22
1
104 52 19
2
114 76 6
116 106 10
0
1
114 85 24
1
87 90 8
1
108 94 9
1
125 84 12
0
1
103 83 9
2
105 81 10
110 88 11
1
51 32 6
1
115 73 13
3
86 75 4
99 81 6
119 91 11
0
0
1
128 118 4
1
70 58 1
1
106 90 6
3
133 98 9
132 133 13
101 91 20
0
3
151 139 1
129 115 16
124 98 17
0
1
136 120 21
0
1
140 125 19
0
1
116 83 6
1
93 69 4
1
85 69 13
0
0
0
1
127 82 7
0
1
143 109 8
0
2
124 99 11
113 92 13
0
1
143 122 5
1
85 56 14
1
126 124 15
2
163 121 11
146 120 13
0
3
77 58 4
117 106 8
92 80 18
3
135 120 6
81 82 10
144 106 19
1
111 66 14
4
95 74 10
105 82 16
116 78 19
105 104 20
4
104 95 8
77 76 10
116 77 13
135 87 19
1
88 68 7
1
124 78 6
2
99 89 3
112 84 8
2
113 70 7
126 91 19
3
133 100 0
103 63 19
107 91 22
1
118 104 5
2
123 116 3
98 81 21
0
1
108 88 6
4
160 112 3
111 100 4
100 67 5
149 120 6
1
111 77 9
2
102 64 10
124 85 22
1
132 112 7
1
101 76 11
0
0
2
161 151 4
82 54 11
0
2
113 118 7
129 113 16
1
122 86 22
0
1
98 105 21
2
131 117 14
140 108 22
1
96 81 19
0
1
116 88 21
2
117 71 12
95 80 15
2
135 118 3
135 107 7
0
3
146 118 7
98 82 11
120 89 14
2
126 101 4
115 96 9
3
110 118 7
109 91 19
111 92 22
1
95 67 9
2
135 96 6
101 71 9
0
2
91 87 10
128 106 16
2
143 103 1
111 74 4
1
141 118 23
1
145 113 17
0
1
117 95 7
4
113 106 0
90 80 4
131 112 19
133 109 22
1
76 57 15
3
143 104 10
114 103 14
159 102 21
2
110 97 3
120 108 19
1
129 99 3
2
104 84 1
144 124 3
1
121 84 5
3
99 109 0
133 113 9
135 146 13
0
1
123 115 7
1
76 59 11
3
130 92 7
167 135 8
117 80 10
2
104 88 6
146 110 7
0
2
135 97 6
135 107 17
1
120 95 15
2
135 104 4
122 87 22
3
123 99 1
144 125 5
137 108 7
3
108 80 3
100 91 7
99 78 13
2
125 108 5
99 76 22
3
187 149 4
96 96 8
96 72 21
2
140 130 4
113 101 7
2
156 117 4
142 119 13
2
179 161 11
145 86 14
0
2
126 104 4
142 122 13
0
1
94 75 15
0
4
129 122 4
170 177 10
106 91 14
185 162 21
1
162 151 19
1
95 88 6
2
186 139 3
125 110 17
1
171 104 13
1
159 142 1
0
2
132 104 7
114 78 21
1
118 93 2
1
135 121 19
1
109 91 7
1
101 88 1
1
93 78 16
2
118 86 6
171 152 19
2
109 90 5
107 78 22
1
144 99 8
1
132 108 19
1
154 99 0
1
142 90 4
2
161 111 4
136 98 21
1
121 84 7
0
3
102 70 5
140 121 10
118 106 11
1
161 132 8
1
158 112 7
0
0
2
116 83 8
91 63 19
0
0
1
138 112 19
0
0
1
115 86 1
2
125 102 3
134 73 15
1
133 102 4
1
81 61 5
1
149 132 1
0
1
135 124 4
1
116 84 7
0
1
146 118 15
2
118 99 6
86 66 16
0
0
2
145 101 10
131 96 22
0
1
106 88 18
1
130 115 7
3
145 118 3
160 136 7
152 129 22
0
0
1
140 132 6
0
0
2
138 105 13
117 91 21
1
136 123 11
2
115 102 5
158 156 13
1
129 105 22
1
138 128 0
0
0
0
0
0
1
79 66 4
0
2
170 126 4
106 54 15
0
1
164 104 19
0
2
117 103 5
166 114 11
6
132 88 4
114 98 6
135 93 10
188 158 11
178 161 14
119 97 19
1
151 120 6
1
112 123 23
1
120 107 14
0
1
138 117 0
2
155 133 11
146 93 22
0
2
164 152 13
141 108 22
1
175 126 13
1
141 113 1
0
1
123 108 1
0
5
85 73 0
173 121 2
143 105 4
124 126 12
125 93 14
2
67 62 13
130 108 14
1
165 144 21
1
107 91 21
0
0
1
200 142 13
0
0
0
2
165 161 6
132 122 13
0
0
3
156 122 9
125 102 19
201 161 23
2
128 106 0
122 80 13
2
162 157 14
147 120 21
2
147 104 3
144 119 4
2
131 101 3
154 123 10
1
135 110 19
1
133 131 17
1
147 116 1
1
155 139 3
0
0
0
1
150 134 6
2
148 120 6
202 141 14
2
150 109 9
135 96 21
3
155 120 8
137 125 9
152 116 21
2
171 144 2
175 113 19
0
0
0
1
153 125 7
1
136 102 21
2
138 113 4
173 156 11
1
118 77 14
1
192 156 11
2
149 121 9
192 139 20
1
150 123 7
2
156 135 1
116 70 19
1
129 92 21
1
185 135 18
3
145 139 0
174 129 10
153 130 18
2
148 116 21
135 105 23
0
0
2
141 137 13
137 117 21
2
112 103 14
180 136 16
1
189 149 6
3
159 114 0
133 91 16
138 100 21
3
103 92 13
134 105 16
138 112 18
2
114 85 4
160 129 18
2
86 67 5
123 101 10
2
102 95 9
150 125 12
3
163 149 13
121 75 14
106 98 16
1
166 144 3
0
1
129 81 13
1
156 124 8
3
180 135 0
90 62 12
98 87 13
0
0
0
1
142 130 19
0
1
134 92 1
0
1
187 148 8
1
142 116 10
1
154 134 13
1
146 137 10
1
145 103 9
1
117 108 14
3
169 150 2
174 128 5
215 140 21
1
203 145 3
2
154 141 8
162 139 22
0
0
1
138 117 3
0
1
185 165 8
2
149 97 10
126 93 19
2
183 157 9
171 147 19
2
159 136 1
160 129 3
3
169 155 1
135 119 4
196 187 21
1
135 83 3
0
1
189 159 0
2
145 120 13
180 168 24
2
121 89 13
200 157 21
0
1
157 131 13
3
134 130 14
109 87 15
169 126 22
1
120 100 7
4
151 122 1
156 100 3
154 137 6
135 92 19
1
135 109 9
1
162 134 4
0
0
5
178 132 1
139 112 6
167 134 7
177 121 22
201 138 24
1
186 129 2
1
188 132 4
3
158 106 3
132 97 11
104 84 21
2
183 174 1
211 175 16
1
151 149 8
0
2
91 59 3
153 124 19
1
250 227 22
3
170 132 0
145 120 13
179 122 19
1
152 126 11
2
137 117 0
186 135 1
3
170 142 3
139 129 7
100 64 18
3
150 125 10
146 98 13
117 88 21
1
157 118 0
3
169 136 4
164 133 9
183 166 11
0
0
1
174 124 3
