8 5 8 1 7 7 6 3 3 4 6 6 8 6 5 3 1 5 5 2 5 4 2 7 2
1
7 5 15
2
9 8 1
8 8 18
2
5 4 0
4 2 21
1
8 5 21
1
8 7 4
1
8 5 5
0
3
5 3 6
6 5 13
9 7 14
1
5 4 12
0
2
11 8 2
8 7 10
1
8 6 9
2
9 7 2
7 6 11
0
2
7 6 8
9 9 21
6
8 6 13
10 8 14
10 9 18
12 8 20
9 7 22
8 7 23
1
8 5 0
2
13 7 7
10 8 23
0
0
3
11 10 0
16 17 12
7 6 20
2
10 6 6
11 9 21
0
0
2
5 4 0
11 7 20
1
13 12 7
0
0
2
9 8 2
10 7 22
2
13 9 0
18 13 20
4
8 7 12
10 7 17
12 7 19
14 8 22
2
9 8 10
14 14 13
0
2
5 4 12
14 12 23
4
15 12 1
11 10 4
12 9 11
15 13 14
2
13 11 6
13 11 11
0
1
13 10 9
2
11 9 8
12 10 11
0
0
1
12 9 14
1
13 10 23
1
14 8 2
1
15 12 5
1
10 9 23
1
15 13 16
0
0
0
3
13 7 6
17 13 11
18 14 18
1
20 16 14
0
0
0
2
9 9 3
13 9 13
0
2
11 9 12
17 16 19
1
8 5 2
0
2
15 12 7
18 19 12
1
10 9 12
0
0
2
25 19 5
10 9 13
1
13 10 0
0
0
0
2
15 11 1
13 9 12
2
25 19 4
22 18 12
1
16 14 6
2
21 17 18
15 12 21
0
0
0
1
14 8 21
0
0
2
25 22 6
20 17 23
0
0
1
20 17 18
0
1
22 15 6
2
15 10 12
21 17 21
0
1
14 11 4
0
0
0
3
24 17 2
26 19 12
12 7 13
3
17 13 5
21 19 12
13 11 20
2
21 19 13
17 17 18
0
0
2
21 17 10
28 25 18
2
14 13 19
24 18 20
2
19 15 2
24 21 13
0
0
2
22 18 14
33 21 20
3
19 14 4
19 15 6
24 15 14
2
18 16 8
28 21 10
0
1
21 17 2
5
33 26 0
10 7 2
25 21 10
24 21 14
24 17 15
0
2
16 10 2
26 21 5
1
25 18 15
2
20 20 6
28 20 23
1
29 23 7
0
3
20 16 4
20 14 8
16 14 24
1
23 22 10
1
28 23 18
1
27 25 13
5
36 30 7
21 19 10
25 21 11
26 24 12
17 11 21
0
0
3
27 25 5
30 25 6
26 22 21
1
27 26 14
3
20 20 2
30 25 4
23 15 15
0
2
24 21 4
20 14 9
2
27 20 2
26 26 23
0
2
18 14 4
20 16 18
1
26 22 8
1
27 23 14
1
18 12 2
0
2
32 22 4
21 17 11
0
0
0
1
24 16 13
3
30 28 0
27 20 11
31 29 21
0
2
21 18 10
35 23 21
1
36 30 17
1
32 23 0
0
3
32 22 2
31 25 3
33 23 15
3
35 25 4
24 20 20
31 26 23
1
31 26 17
0
1
17 13 9
1
18 16 20
0
1
28 23 2
0
1
24 26 23
1
35 29 2
0
1
24 18 0
0
1
23 16 18
6
34 35 1
21 16 2
37 26 5
27 24 6
34 31 10
28 17 17
2
30 28 1
24 18 10
1
37 27 20
0
0
1
40 35 9
1
40 26 12
1
16 12 11
2
35 24 19
26 15 23
4
24 17 9
21 14 11
43 35 13
40 28 15
0
0
0
0
0
2
25 19 6
28 25 9
6
29 23 2
23 16 9
34 28 10
35 32 11
26 25 13
30 28 23
0
2
37 26 14
32 31 17
0
1
33 27 24
2
42 33 17
40 33 19
1
42 38 13
2
34 29 2
37 36 8
0
0
0
1
40 32 20
0
0
2
38 23 1
28 21 4
1
47 42 20
2
38 30 5
37 33 6
1
43 41 15
0
1
35 24 1
0
1
34 29 13
1
40 35 5
1
31 22 14
2
47 41 0
35 28 11
1
31 23 0
1
35 30 2
0
1
33 23 13
1
28 23 13
0
1
36 30 11
1
35 30 13
1
32 27 4
1
33 26 14
1
38 32 10
2
42 38 5
25 19 21
1
44 36 10
1
50 42 5
2
58 44 1
35 26 10
2
43 48 2
49 36 16
4
39 27 4
33 27 6
48 41 7
35 32 14
1
42 32 21
3
43 40 4
51 45 7
37 28 21
2
35 26 22
46 29 23
2
39 35 0
21 15 10
1
39 30 0
1
38 31 13
3
50 43 0
30 22 10
43 30 13
2
30 22 17
38 30 18
1
39 31 21
0
0
1
42 35 10
0
1
38 33 7
2
45 34 2
42 29 5
1
40 30 1
1
36 29 10
0
2
48 37 0
32 23 4
2
42 32 15
48 29 21
1
43 36 8
0
3
36 26 8
42 33 12
52 45 19
3
33 40 6
48 43 11
38 32 19
2
39 28 6
32 24 11
0
2
38 28 4
48 40 15
1
58 32 12
0
2
52 38 4
62 48 5
2
53 38 2
30 21 11
2
47 36 2
40 32 6
1
46 33 6
1
42 31 9
1
46 43 1
1
29 22 14
2
41 39 9
66 66 20
2
59 52 8
36 30 10
1
40 36 10
1
36 36 21
3
30 27 0
38 36 2
37 28 23
1
43 35 2
0
2
31 25 5
44 31 21
0
0
1
53 36 10
1
53 31 5
1
55 42 2
3
65 47 1
40 33 15
57 40 22
2
56 46 1
63 47 20
0
0
2
51 43 4
32 26 10
3
55 41 0
50 35 6
49 41 15
0
3
56 48 2
44 32 9
47 31 12
2
65 58 5
46 35 11
0
1
44 38 20
2
61 48 0
38 31 20
0
0
0
2
45 35 10
38 29 11
1
47 50 0
4
78 72 0
49 36 10
70 68 12
36 29 22
1
59 37 23
0
2
51 42 4
39 34 15
2
49 36 1
56 45 18
3
34 29 13
55 34 21
37 29 23
2
39 31 11
44 31 17
1
59 45 12
2
44 37 2
31 27 12
1
49 41 19
0
2
45 31 5
53 39 6
2
67 52 5
57 40 9
3
55 47 4
51 47 8
25 19 21
1
28 25 4
2
42 29 10
47 45 12
2
43 30 0
48 37 3
1
35 26 0
2
53 47 0
43 31 4
0
1
53 41 21
1
50 38 11
4
76 62 5
31 26 11
73 59 16
55 48 23
4
54 39 10
61 61 12
54 40 13
53 42 24
0
1
42 33 10
0
0
1
43 38 23
2
66 61 12
47 41 23
1
59 37 22
0
1
27 22 11
0
2
50 43 5
61 52 12
1
59 40 18
2
66 59 18
50 45 24
0
1
57 45 1
1
47 35 4
0
1
60 55 13
0
0
1
47 29 12
2
37 24 10
65 57 15
0
1
24 15 5
1
49 46 23
0
1
52 38 2
2
69 49 5
65 44 22
1
53 53 19
0
0
4
55 49 0
60 47 2
54 37 7
59 46 12
2
50 40 2
52 33 18
2
74 63 13
35 26 18
0
1
81 79 14
1
47 40 17
2
47 49 17
54 45 18
3
75 63 10
42 33 11
59 53 21
1
65 46 2
3
64 49 5
62 52 6
64 49 10
0
3
52 37 10
55 54 11
52 47 13
2
66 51 5
72 62 23
0
2
77 59 6
65 48 23
1
77 56 12
2
49 36 13
62 51 15
2
62 48 14
70 40 23
1
63 45 11
1
41 43 9
1
79 63 4
0
1
57 47 21
1
88 73 23
2
52 42 5
57 58 20
2
70 46 1
57 44 12
0
1
50 41 5
1
67 49 4
1
93 75 5
0
0
2
51 35 10
74 57 12
1
61 55 19
2
60 47 11
65 55 12
1
54 49 3
1
62 48 4
2
61 37 0
51 44 8
1
70 57 1
1
66 43 21
3
68 38 4
59 59 10
98 64 18
0
2
54 48 16
55 46 21
3
77 67 2
76 64 12
76 61 20
1
67 48 11
2
68 55 6
60 51 8
3
60 49 2
50 41 9
73 59 17
2
78 70 13
64 49 14
1
70 41 23
2
64 51 2
54 44 11
0
0
1
67 53 14
1
76 58 8
2
61 45 0
40 29 17
2
77 67 1
54 48 9
1
61 38 11
0
1
69 49 9
3
54 58 11
52 42 13
42 30 20
0
1
63 53 1
3
50 45 1
50 42 6
62 51 12
0
0
2
70 53 2
54 42 17
0
1
72 54 24
1
59 45 4
1
70 56 0
1
52 48 2
1
76 66 11
0
1
98 98 5
2
62 53 4
79 62 6
1
85 56 2
1
87 93 23
0
6
61 33 4
65 51 5
51 42 9
52 49 13
63 36 19
70 51 24
0
2
56 44 7
75 61 13
1
57 47 1
0
3
68 49 5
70 46 6
74 66 23
3
80 65 2
66 59 10
59 51 12
0
1
78 64 11
2
59 51 0
81 66 7
2
63 51 4
70 51 8
2
92 64 12
49 36 19
0
4
73 41 6
57 50 7
79 61 11
58 53 15
1
74 64 24
0
1
73 53 14
0
1
73 60 2
0
0
0
3
54 40 13
65 65 17
78 58 23
1
52 46 2
2
70 53 2
69 53 10
1
110 102 9
0
3
71 62 4
47 38 17
73 56 23
0
1
50 37 20
2
62 59 15
47 37 20
2
74 61 8
62 46 12
1
83 65 21
2
50 48 4
83 67 20
2
95 69 9
79 63 13
1
60 52 23
2
67 58 4
77 69 13
0
1
75 48 9
3
53 41 0
70 53 12
75 66 13
3
70 49 2
88 73 4
79 59 22
0
1
77 74 6
0
2
43 34 13
69 63 24
4
72 61 2
54 40 12
67 42 14
64 56 22
3
66 51 2
67 59 10
75 67 13
5
84 64 5
90 84 13
50 39 15
86 55 18
93 81 23
2
66 40 0
55 43 18
3
56 44 0
77 59 6
81 66 14
0
0
1
93 88 7
2
65 42 5
64 53 15
1
66 65 2
1
77 61 2
1
63 45 12
1
74 42 1
0
1
132 125 24
1
117 107 10
2
92 71 23
89 59 24
0
0
1
83 84 10
4
90 73 5
57 51 6
93 62 9
67 61 18
0
0
3
126 105 2
76 58 17
76 44 23
2
70 55 6
68 47 23
0
1
69 53 8
1
65 51 11
1
87 66 0
0
0
2
80 69 4
83 60 17
1
90 70 8
2
82 76 12
73 59 18
1
79 68 5
1
94 76 14
1
66 47 7
4
84 67 2
71 51 10
73 56 12
78 47 20
1
78 74 21
0
1
101 82 6
2
74 60 2
55 52 23
1
90 90 4
1
83 93 12
2
105 101 4
57 40 6
1
60 48 12
2
45 37 11
93 74 17
3
117 85 2
60 47 12
108 80 14
1
97 73 18
1
107 78 10
3
81 67 0
112 105 15
99 79 20
3
72 66 12
105 72 14
101 86 20
3
102 68 15
91 90 21
70 55 23
2
74 51 0
116 95 12
0
4
87 68 7
90 83 12
89 76 18
91 84 20
1
81 74 18
0
2
105 87 4
96 72 6
3
89 78 0
81 62 5
90 81 23
0
0
2
80 55 1
80 66 20
2
83 63 4
77 59 11
0
1
72 63 23
2
37 23 0
92 72 23
1
99 74 0
1
85 66 0
1
116 98 7
1
62 66 0
0
3
62 49 0
73 57 10
61 49 18
2
51 43 12
113 85 18
0
3
92 92 6
106 93 18
80 65 23
1
101 102 2
0
3
118 83 2
87 63 5
92 83 13
0
1
84 53 12
0
0
2
119 71 10
102 82 12
1
101 71 11
3
53 40 7
105 77 10
111 73 11
2
118 104 6
56 34 10
0
0
0
2
78 51 14
69 61 21
1
81 52 18
2
117 93 5
101 80 23
1
79 70 12
1
62 51 12
0
1
49 38 20
2
88 63 12
69 53 14
2
88 61 0
86 59 21
3
77 66 12
77 70 17
110 78 20
1
85 58 9
0
0
3
80 70 2
71 51 18
115 81 21
1
30 27 4
1
67 55 23
2
98 72 9
93 68 11
0
3
99 80 0
97 72 15
130 100 19
2
90 67 13
82 67 17
2
108 76 2
83 47 10
1
99 74 21
0
1
77 64 6
1
116 83 2
3
97 71 9
99 69 18
82 68 20
1
106 95 12
0
1
87 71 17
4
81 69 0
89 83 5
89 86 7
105 85 20
2
81 73 2
80 62 11
3
81 70 2
129 84 11
102 93 24
3
86 76 2
84 76 7
95 88 19
1
105 96 23
2
126 79 14
128 136 18
3
96 64 10
111 89 18
124 94 20
3
101 77 0
93 78 2
91 81 10
3
81 43 10
97 80 14
48 39 18
1
70 54 2
0
0
2
89 71 0
99 85 16
3
94 63 5
129 107 10
127 99 20
1
85 67 18
0
0
0
4
63 40 0
74 72 2
105 85 14
87 65 23
0
2
116 103 11
87 56 23
3
69 48 13
67 54 20
93 97 24
0
1
88 59 0
1
101 77 0
0
1
128 102 15
2
97 77 18
78 53 21
2
94 62 6
115 91 13
2
112 86 9
80 61 15
2
114 99 1
122 87 18
1
108 70 5
2
134 68 14
123 99 18
1
117 106 23
1
68 50 9
0
2
93 75 1
136 115 11
2
114 95 11
114 101 13
1
90 80 12
2
91 90 20
103 94 24
1
96 91 21
0
0
1
137 109 1
1
91 65 11
0
1
119 105 0
1
105 89 20
1
82 73 13
3
98 86 6
95 75 8
124 92 17
0
1
137 119 3
3
115 99 2
125 91 10
104 87 23
0
2
98 72 13
98 90 21
2
84 66 4
101 75 5
0
0
1
101 63 1
0
2
86 61 0
96 84 10
0
4
107 86 1
74 64 7
112 69 11
118 120 13
1
130 133 15
0
1
128 114 14
0
0
2
96 83 1
98 86 21
2
103 64 1
52 34 7
0
0
0
0
1
131 107 23
2
146 111 5
140 113 12
0
0
1
113 109 24
1
98 79 21
1
114 95 15
0
0
2
108 76 2
116 90 9
0
0
1
112 87 8
1
102 81 2
1
133 110 13
1
102 81 23
1
121 82 6
1
112 93 17
1
99 79 21
0
1
139 130 5
2
128 85 12
156 114 22
2
147 134 4
78 55 14
1
95 77 18
1
142 107 14
3
98 90 6
64 47 7
133 95 10
0
2
119 90 2
131 82 5
1
100 99 2
0
5
133 104 2
60 54 11
139 101 12
85 85 21
140 124 24
2
117 76 11
129 98 12
2
93 74 5
80 64 17
2
109 90 11
121 99 18
1
128 91 11
2
89 86 10
86 63 12
0
0
0
2
128 94 15
94 89 23
0
0
1
128 110 8
2
83 78 12
124 100 15
1
103 79 11
2
109 80 5
109 74 20
0
1
144 136 5
2
116 84 12
101 79 19
2
117 99 2
86 56 21
0
2
116 97 4
138 114 12
0
1
138 121 10
3
164 133 7
100 83 18
107 73 21
2
86 71 6
134 100 24
3
139 85 6
95 66 22
117 87 23
1
150 131 18
1
95 63 12
1
136 111 9
2
127 124 18
122 91 21
2
81 59 2
128 101 9
0
1
95 100 20
1
111 95 21
1
157 128 10
1
131 112 2
0
1
111 81 5
0
1
102 68 4
0
2
143 92 2
106 88 5
3
148 106 1
150 140 8
100 80 13
1
114 112 15
1
63 52 9
1
78 87 1
2
107 63 0
94 75 12
2
130 115 2
109 88 21
1
154 118 2
1
121 117 14
2
130 104 8
87 61 9
0
1
132 105 12
1
158 120 20
3
120 111 2
140 123 10
123 110 12
0
1
115 89 23
2
139 112 1
129 102 10
2
82 71 5
158 121 12
1
120 96 9
0
0
4
146 102 0
127 107 5
163 144 17
151 124 20
2
96 74 9
98 66 19
2
126 116 0
174 126 20
1
148 106 1
1
109 67 18
1
144 160 10
2
138 104 3
150 119 5
2
130 120 14
126 95 18
2
108 85 13
121 68 14
0
3
134 120 0
147 130 4
100 80 24
1
89 77 24
2
110 100 2
103 78 19
2
144 117 13
121 122 15
2
139 85 14
73 44 19
1
89 64 4
1
146 111 9
2
110 105 4
111 76 23
0
1
156 121 19
1
122 81 12
1
119 94 6
0
1
163 137 23
0
2
93 72 5
154 115 12
0
1
147 116 2
0
1
159 131 18
2
135 117 13
132 101 24
0
0
2
122 106 4
163 127 5
1
126 107 10
2
155 128 0
122 84 4
0
2
131 97 0
158 151 11
2
166 163 2
101 67 10
2
105 75 12
127 97 16
0
1
148 140 17
1
121 94 2
2
129 100 7
113 100 15
2
113 85 6
78 47 18
1
117 101 13
3
170 148 10
117 104 13
105 78 15
3
114 90 4
123 105 13
162 119 18
0
3
150 108 4
130 104 12
126 116 18
1
99 109 16
1
152 122 0
1
112 103 7
3
146 114 0
111 79 11
111 78 17
0
0
0
1
86 77 6
1
138 102 0
0
0
0
0
1
61 43 11
1
105 101 23
1
151 112 0
1
137 98 4
0
1
106 86 17
0
0
1
132 99 20
1
150 106 13
2
137 111 6
148 120 12
1
130 96 0
2
151 133 5
99 77 7
0
1
113 71 15
2
114 103 6
133 97 19
2
97 93 12
72 46 20
0
1
144 104 6
3
126 104 0
111 89 2
125 100 11
3
114 93 4
167 146 5
118 82 7
0
1
140 108 6
2
107 90 5
134 117 11
2
116 109 5
128 94 11
1
157 122 19
2
143 131 13
146 138 20
2
119 74 10
111 80 18
2
105 80 20
155 87 23
1
194 147 4
1
141 108 6
0
2
181 142 1
158 114 4
0
3
133 91 0
106 82 9
164 102 22
1
149 142 2
1
157 109 13
2
171 102 5
140 96 7
1
93 77 0
2
144 106 11
140 94 14
1
72 52 5
0
0
2
135 107 11
120 90 17
0
1
128 100 11
0
3
120 96 4
155 108 13
138 118 17
0
0
0
3
95 87 12
174 149 13
161 96 22
0
1
140 102 12
1
150 124 1
1
181 170 11
0
0
2
107 86 7
148 127 18
2
145 103 0
157 98 10
2
150 140 2
113 81 17
2
97 82 1
173 149 5
1
87 62 12
0
1
121 113 4
3
116 92 2
91 80 12
133 108 20
1
113 82 4
2
145 122 6
160 147 10
3
134 106 1
125 84 8
137 126 22
2
121 86 20
142 112 23
1
99 90 4
2
143 124 4
138 109 17
1
166 126 21
0
1
137 143 4
2
191 130 2
126 110 14
1
133 96 13
2
176 176 13
138 109 18
1
124 120 2
2
120 93 4
105 72 9
2
128 123 5
118 100 14
2
136 110 2
116 92 4
1
159 143 2
2
172 152 10
156 133 21
0
3
154 149 0
170 102 5
177 130 20
0
0
0
0
1
142 112 12
0
3
160 152 6
138 96 14
123 75 18
1
172 143 21
0
1
176 139 12
0
0
0
1
130 109 4
2
153 132 7
141 101 23
0
1
160 127 6
2
146 111 15
151 120 18
1
131 122 13
0
2
155 138 4
101 82 10
0
1
122 92 24
0
1
109 93 10
2
138 102 13
163 171 23
1
155 133 10
0
0
1
148 134 3
1
171 112 5
0
1
129 97 12
1
160 127 6
1
146 120 1
1
156 132 12
1
132 84 0
3
160 109 0
114 131 11
180 146 17
0
0
2
110 93 1
154 119 13
1
164 131 4
0
2
144 115 2
175 135 18
1
168 133 10
1
133 116 7
0
1
171 139 5
1
152 157 16
0
3
192 136 5
162 94 21
155 147 24
3
146 132 12
194 161 16
219 185 21
2
175 145 6
131 111 12
0
0
2
171 120 9
155 116 11
0
1
170 161 21
2
186 134 9
122 93 21
1
131 103 12
0
0
0
2
109 81 2
168 118 10
0
0
1
166 130 1
0
2
189 183 2
123 116 13
0
1
123 93 10
2
171 156 9
163 125 21
1
148 139 5
0
2
171 132 0
151 129 23
2
138 133 1
111 85 6
1
168 136 0
0
1
127 108 9
2
142 115 15
150 92 17
0
0
1
147 122 1
1
140 109 23
2
160 104 12
163 131 17
0
0
0
3
132 104 0
157 125 7
138 116 21
1
114 109 13
2
136 114 3
226 184 14
2
106 102 5
180 138 20
2
187 154 18
204 178 21
2
117 61 15
192 158 23
1
139 108 5
1
209 188 13
2
151 109 12
151 109 18
3
124 94 8
118 106 13
121 93 21
3
139 94 14
145 109 17
131 110 23
0
0
0
0
0
2
148 88 4
140 138 20
