5 6 6 2 5 7 3 3 1 3 2 6 6 6 6 1 6 3 7 6 8 6 2 1 6
0
2
7 6 0
8 6 24
0
1
7 6 15
1
7 6 11
2
10 10 3
8 6 20
3
11 11 2
8 6 4
4 3 18
0
0
0
2
9 8 0
6 3 19
0
2
8 6 1
9 8 9
0
2
7 5 12
9 8 19
0
2
10 8 18
15 12 21
1
10 7 7
0
1
13 12 18
1
9 7 12
2
12 11 9
11 8 24
1
10 9 0
1
11 7 7
0
3
14 8 2
11 7 6
16 14 21
3
13 8 2
11 7 7
11 8 19
3
13 8 4
11 8 12
10 9 13
1
15 15 19
0
0
0
4
14 11 1
20 16 5
14 14 16
8 7 19
2
12 11 4
9 8 24
0
1
16 14 12
2
20 17 6
13 12 21
3
6 5 1
10 7 5
11 8 12
0
0
1
16 13 16
1
15 12 11
0
2
12 11 2
19 14 16
0
1
15 17 5
0
2
9 9 16
15 14 17
1
13 10 5
3
11 8 11
18 18 14
11 10 24
3
18 12 0
18 13 2
13 13 14
1
17 13 14
1
20 15 6
2
15 13 14
13 10 19
1
15 14 20
0
2
15 9 3
17 12 20
1
13 10 1
1
15 9 18
1
14 9 17
0
2
17 14 5
13 10 6
0
3
13 10 16
15 11 18
9 8 20
0
1
21 16 13
2
13 11 1
20 20 18
1
12 12 6
0
1
17 10 12
1
14 9 17
1
20 16 11
0
2
14 11 1
15 13 4
1
20 17 14
1
15 11 12
3
16 13 8
19 11 14
21 16 24
0
4
17 10 0
19 14 14
19 16 18
19 17 21
1
13 9 19
1
19 17 0
1
21 15 10
1
23 17 12
1
13 12 19
1
23 16 21
0
1
29 27 20
1
13 13 16
2
20 14 13
15 12 20
1
19 16 18
0
0
2
21 18 2
24 18 12
2
24 19 5
18 16 21
0
2
20 16 6
16 12 20
2
23 19 5
16 13 20
0
2
20 15 5
15 12 14
1
16 12 13
1
19 16 4
0
0
2
24 19 20
21 17 22
1
32 23 16
0
2
28 24 5
15 12 18
1
15 6 11
1
33 20 4
2
23 16 13
22 18 20
1
26 18 1
1
24 18 6
1
32 26 14
2
22 16 12
28 22 24
1
21 12 11
1
33 25 2
0
2
30 26 5
27 24 11
0
3
27 25 10
23 16 16
27 19 17
0
0
1
20 15 16
2
22 15 18
21 19 19
1
27 24 9
1
31 24 0
2
24 21 13
29 18 17
1
20 16 16
3
19 14 0
17 13 11
22 16 16
2
35 20 15
24 16 17
0
0
0
1
23 16 13
0
0
1
28 24 15
0
0
2
27 18 5
24 21 24
1
26 22 24
1
41 31 21
3
32 26 5
22 19 12
25 25 24
2
26 26 1
35 32 19
1
29 25 11
0
3
25 19 13
34 25 21
38 30 24
1
28 23 4
1
33 19 1
0
1
33 28 19
1
30 26 0
0
1
30 29 10
3
35 30 5
43 27 20
42 45 23
2
33 27 12
31 28 13
1
22 17 18
2
27 26 5
23 16 24
0
2
31 26 16
33 33 18
1
33 25 23
4
36 27 2
35 31 12
36 31 20
37 26 24
1
33 22 11
0
1
37 24 15
3
32 23 1
40 31 3
32 25 20
0
0
0
3
40 32 3
32 27 16
44 37 23
1
36 30 9
2
36 28 2
31 20 12
1
24 19 20
0
2
36 33 2
34 30 14
0
1
39 35 11
1
35 28 20
1
29 24 19
0
3
36 32 11
42 30 16
33 26 22
0
1
34 26 9
3
25 22 13
42 40 18
40 38 20
1
48 40 1
1
35 27 2
0
2
31 25 10
25 20 21
2
37 26 0
33 22 21
1
34 21 6
0
1
45 35 11
5
30 23 0
36 32 6
36 27 9
41 31 18
44 39 23
0
1
47 40 19
2
39 32 4
28 24 11
1
36 28 19
1
35 29 19
2
44 37 12
33 22 24
2
31 25 0
47 32 18
1
37 30 0
1
37 28 16
0
1
33 31 7
1
22 17 5
0
2
37 37 0
24 19 3
1
36 28 14
1
32 30 14
2
43 25 1
45 38 18
1
46 39 12
1
39 35 13
0
0
4
32 27 10
28 21 18
36 33 19
29 23 20
1
35 27 4
2
18 13 19
45 32 20
1
35 27 18
1
39 34 11
1
37 26 20
2
34 29 13
50 37 16
0
2
42 36 2
49 50 15
0
1
46 32 0
1
34 26 1
2
57 45 16
48 36 20
0
2
33 27 11
44 44 12
1
36 34 7
0
3
38 29 1
58 52 2
30 29 6
2
42 32 12
50 42 13
1
55 43 20
0
1
47 39 16
1
27 24 11
1
42 39 9
1
22 14 13
1
52 47 6
1
46 41 19
0
1
44 29 5
2
55 53 14
45 40 15
2
43 31 6
53 48 20
1
36 30 7
2
31 26 5
54 51 14
1
27 21 13
1
53 52 20
1
48 41 12
1
28 23 7
1
34 25 24
1
66 49 9
1
48 50 16
2
44 35 13
50 37 19
2
45 33 8
34 30 16
1
50 39 18
0
0
3
57 57 0
25 26 2
51 31 11
0
1
54 43 4
4
53 47 5
41 31 18
38 26 21
48 36 22
2
52 39 6
36 24 11
1
46 33 0
1
30 28 3
2
42 34 0
40 34 19
2
47 39 2
42 26 11
3
62 44 11
55 36 16
39 31 20
1
58 42 18
3
51 37 2
49 51 7
36 33 11
2
55 45 17
38 25 20
2
39 35 1
49 37 3
0
4
43 32 1
44 40 14
66 64 16
54 44 24
2
60 55 2
49 38 9
1
24 22 17
3
47 46 11
42 26 18
57 41 19
4
29 20 2
73 67 12
45 39 14
32 27 21
2
38 25 2
64 51 14
3
62 54 1
34 24 5
61 40 6
1
44 39 5
2
35 23 12
50 41 19
2
41 43 5
55 49 14
1
18 15 4
1
52 44 5
3
52 44 4
51 48 22
58 52 24
0
3
61 43 2
45 28 5
60 44 12
1
59 47 13
0
1
56 49 16
1
69 64 6
1
56 44 2
1
50 41 19
0
3
55 43 12
41 32 16
78 59 24
2
53 45 4
54 40 15
2
46 25 15
41 28 23
3
55 41 1
41 34 20
66 43 22
0
1
55 44 17
3
28 19 11
55 50 13
56 38 21
3
39 29 4
47 38 11
42 35 20
1
38 32 7
2
57 46 2
66 46 18
1
50 41 19
2
37 33 2
54 42 16
1
71 55 19
1
46 32 21
2
53 41 21
66 53 24
1
40 31 12
1
45 33 18
0
0
0
2
35 31 2
57 50 12
3
45 34 1
70 61 13
50 40 14
0
2
60 43 14
57 41 21
2
52 41 14
52 41 20
4
69 61 0
57 47 2
46 35 14
53 41 16
1
40 37 20
1
66 56 6
0
1
55 39 5
0
2
57 40 12
33 30 14
0
3
54 43 1
63 41 5
48 42 24
2
64 52 16
50 44 21
1
50 38 10
0
0
4
65 49 0
66 50 5
39 38 10
58 40 19
0
0
1
58 56 4
1
76 58 1
0
0
0
1
56 46 21
1
53 47 4
0
1
67 68 14
1
28 29 17
2
65 50 1
58 45 2
2
54 39 3
47 30 20
4
64 51 1
62 39 5
56 47 11
88 58 17
1
57 50 11
3
66 47 1
77 64 3
64 55 8
1
69 54 21
0
3
51 54 4
58 56 13
71 44 16
0
3
60 41 5
71 67 7
53 38 22
0
0
2
68 52 20
80 64 22
0
1
60 55 2
2
52 46 8
59 40 21
1
48 31 17
1
69 61 0
1
42 34 20
1
58 54 3
0
2
66 44 0
51 43 6
3
84 75 0
64 60 12
86 80 22
2
77 71 14
77 48 22
0
0
2
79 62 2
64 51 19
2
70 65 11
59 42 14
2
60 50 0
93 75 5
2
79 78 0
79 54 24
0
1
69 59 7
0
0
2
46 38 1
83 61 15
1
79 63 7
1
64 56 5
2
69 48 14
38 28 20
0
0
1
88 92 19
1
68 46 22
1
73 49 21
1
79 74 1
1
76 53 12
0
2
89 73 14
67 50 20
1
73 60 1
0
0
1
71 62 13
1
63 47 20
2
77 62 19
82 51 20
1
63 54 19
1
64 47 24
0
1
63 45 20
0
0
3
61 46 1
60 48 2
81 62 14
1
98 54 18
1
64 63 24
1
44 36 2
4
86 56 12
85 61 13
61 41 20
64 51 24
0
2
67 51 12
77 48 18
1
60 42 0
2
73 53 3
74 61 24
1
72 61 0
1
90 64 9
3
48 35 13
87 55 14
85 72 18
1
84 68 6
3
61 49 2
69 58 11
47 42 20
2
67 57 7
85 67 24
1
75 50 21
1
84 75 14
1
65 48 20
0
1
65 57 21
2
47 39 2
61 37 21
0
1
58 45 9
1
71 57 1
0
3
72 53 2
68 56 5
84 68 23
1
60 51 11
2
76 59 11
94 82 17
1
74 43 20
6
73 59 0
69 64 5
85 68 7
52 41 9
74 64 11
51 34 12
3
77 57 0
65 52 4
98 95 5
2
44 39 0
84 64 13
1
63 46 5
0
0
0
1
87 69 18
4
73 59 4
70 64 11
57 49 14
88 69 21
0
1
100 88 24
4
74 68 1
63 62 8
74 60 14
98 77 21
1
67 42 21
0
1
68 61 4
0
1
60 47 21
1
81 60 13
0
2
91 67 2
99 83 18
1
51 40 23
0
0
0
3
111 102 2
60 46 4
59 56 19
2
78 63 14
63 48 24
0
0
1
70 53 16
2
64 48 10
78 59 20
0
1
124 103 24
1
70 53 16
0
1
75 73 11
0
0
0
2
40 32 5
112 96 18
2
89 64 4
76 68 5
1
74 47 0
2
92 68 6
70 54 11
1
72 64 0
1
42 33 2
1
52 37 21
1
73 66 9
0
2
57 52 14
67 59 20
0
0
1
86 67 18
1
84 58 5
0
2
98 84 5
102 67 22
1
73 55 23
4
75 75 2
103 88 12
118 104 17
74 69 20
0
0
3
71 45 0
94 48 5
69 49 20
0
0
0
1
85 65 24
0
3
99 87 12
38 32 19
59 46 22
4
106 75 5
67 52 11
75 62 20
88 62 24
3
81 71 0
66 64 18
67 46 20
2
93 71 9
90 67 14
0
1
77 66 21
1
67 49 8
2
89 69 10
93 80 21
2
91 83 4
88 72 16
2
103 95 11
63 47 24
0
3
106 89 12
88 73 16
105 98 18
2
95 84 11
100 83 16
1
102 90 18
1
98 77 12
0
0
2
75 52 11
71 41 18
2
95 77 0
85 59 13
2
79 77 0
77 46 2
0
1
90 81 0
1
92 83 16
0
1
95 77 1
2
65 51 20
54 45 21
1
69 56 16
5
80 68 5
76 59 14
70 71 20
67 67 21
105 81 24
1
79 71 16
0
1
90 69 13
0
0
3
84 74 1
80 80 11
83 55 18
0
0
1
113 84 21
2
121 97 6
100 79 9
3
110 92 8
74 43 21
72 65 24
0
1
63 60 24
0
2
92 82 12
64 59 20
2
94 75 5
92 54 10
1
81 52 5
2
71 60 5
109 96 20
0
3
95 72 5
101 90 19
106 90 24
0
0
0
0
1
88 75 12
0
2
98 89 2
109 82 17
3
56 47 13
74 52 18
75 60 19
0
1
110 88 6
0
0
3
63 58 6
81 81 11
76 47 21
2
93 66 12
53 47 24
1
111 98 19
1
87 55 13
1
111 101 11
2
100 80 0
107 86 13
0
2
93 77 13
55 43 19
2
84 70 12
85 61 19
0
3
81 73 16
74 72 18
71 55 24
1
88 68 1
0
0
1
96 62 1
3
70 47 4
89 53 6
114 89 20
3
106 91 2
117 104 18
61 46 19
1
76 44 23
0
0
1
119 103 0
0
2
62 52 9
76 57 12
1
76 59 19
2
113 81 3
103 89 4
1
84 65 11
0
0
2
83 65 2
66 51 21
1
122 79 15
2
76 56 3
96 90 18
2
92 54 18
122 88 20
0
0
1
63 58 19
1
96 86 19
1
84 71 2
0
4
89 73 19
59 44 20
119 106 21
134 122 24
1
157 110 16
1
121 116 19
2
71 63 6
113 118 13
2
98 71 13
119 88 24
1
128 111 1
0
1
83 72 4
1
143 122 14
1
131 96 20
1
92 66 2
4
99 63 3
66 57 4
81 70 16
107 70 21
2
94 83 17
107 100 24
2
106 74 12
93 71 14
1
134 120 24
1
111 86 3
0
0
2
105 93 9
106 98 12
3
140 93 17
91 83 19
77 59 20
0
2
95 69 12
79 62 21
0
1
120 85 4
2
118 123 9
111 90 21
1
105 79 18
0
2
119 86 16
97 98 24
0
0
1
72 69 1
0
0
1
94 74 5
0
2
102 89 1
102 76 2
1
105 87 5
0
2
115 66 12
115 99 16
0
0
0
0
2
126 87 2
119 70 5
0
0
1
92 84 4
2
125 89 7
146 119 18
3
98 83 17
87 74 22
111 71 24
3
129 99 11
83 60 22
95 74 24
2
91 87 4
142 118 7
2
65 58 1
153 122 5
1
83 72 16
0
1
77 65 1
2
102 98 9
100 82 10
1
127 113 18
1
108 85 24
3
72 53 3
115 86 11
105 83 14
3
140 108 0
137 123 15
160 130 20
2
102 93 5
133 111 18
2
111 84 2
107 77 12
0
2
75 57 20
83 87 21
1
114 67 1
0
1
131 103 8
0
0
3
96 81 1
103 75 19
100 81 23
1
148 144 21
3
125 107 13
115 105 16
115 96 24
0
0
2
105 76 1
120 116 21
0
0
0
2
111 68 11
122 84 21
1
103 103 22
0
0
0
0
1
83 71 21
1
102 84 10
2
71 57 13
158 151 16
0
0
1
105 85 16
0
1
87 69 13
0
0
1
97 70 14
3
95 69 4
86 60 21
75 63 24
0
0
0
0
2
106 62 0
93 82 21
2
152 119 6
127 109 12
0
2
78 48 6
103 92 7
1
166 150 20
3
114 101 1
160 153 14
108 99 18
3
113 96 2
108 81 3
104 62 21
4
114 65 7
112 78 14
117 98 16
99 84 17
1
97 73 24
1
129 95 4
1
92 50 4
1
101 74 18
1
133 103 12
2
77 65 5
109 92 16
0
0
2
117 92 15
102 67 20
1
108 97 21
0
0
2
98 73 11
71 52 24
0
3
164 133 8
101 76 16
101 80 21
0
1
75 54 16
2
100 79 15
130 122 24
0
2
104 78 9
106 89 17
1
88 65 19
1
132 100 22
1
107 106 14
1
91 76 13
3
89 76 5
124 82 12
145 99 21
1
111 92 2
0
3
115 90 11
94 89 15
92 85 24
1
115 97 2
1
99 67 20
2
147 102 8
148 102 24
2
109 76 21
85 63 22
1
124 96 1
0
0
0
2
134 100 12
111 110 22
2
128 97 11
118 98 16
1
122 107 13
0
0
3
102 98 5
92 72 12
151 128 20
2
134 86 2
100 67 19
2
117 105 14
73 44 18
0
2
138 111 4
100 78 13
1
149 118 14
0
3
134 102 2
117 80 20
83 61 24
2
154 152 12
103 86 18
2
113 95 1
159 134 20
1
137 119 16
2
146 111 7
150 110 15
1
115 70 0
1
137 122 24
1
109 78 0
1
103 70 22
2
100 85 16
146 134 18
1
116 100 19
2
115 94 13
120 93 15
0
2
57 39 5
123 98 12
0
1
108 85 20
0
0
1
108 88 14
0
0
2
124 97 16
123 94 21
1
138 82 15
1
151 116 11
2
87 53 2
111 109 16
2
126 105 5
92 69 7
1
97 92 2
2
148 100 4
126 104 9
2
109 80 11
80 62 14
0
3
149 110 5
136 99 13
93 75 21
1
116 100 21
2
127 81 0
103 88 19
0
0
2
109 100 9
146 124 12
1
117 105 1
1
103 76 3
2
110 101 11
155 120 21
1
106 84 14
3
91 82 0
173 145 11
93 91 12
0
1
155 127 5
1
131 105 21
0
3
83 67 5
115 95 13
132 91 20
2
112 87 0
93 68 21
1
121 113 14
2
157 100 5
157 128 22
3
97 91 6
111 90 18
128 79 20
0
1
135 95 21
1
137 97 16
0
1
151 104 21
0
2
122 97 0
156 131 1
2
123 120 12
88 85 24
1
103 66 21
2
163 136 13
131 91 14
1
124 69 16
1
138 79 14
2
96 82 1
129 102 5
1
140 140 16
1
102 84 19
1
134 120 11
2
129 94 6
108 67 7
0
0
0
2
161 122 19
162 124 20
0
1
102 87 2
0
1
138 128 21
0
0
1
103 86 20
3
144 135 16
107 75 19
151 124 21
2
85 59 0
168 139 5
0
1
140 113 1
1
136 107 5
0
1
120 97 16
2
103 100 13
105 84 16
1
158 117 5
2
127 109 2
92 59 20
0
1
130 112 11
2
160 156 2
117 98 19
2
155 113 17
105 90 21
0
1
144 133 15
1
120 110 12
0
1
117 104 11
1
103 92 12
0
1
147 90 1
0
0
0
2
154 89 1
142 99 20
2
137 122 1
146 111 5
2
171 148 2
131 115 12
2
143 92 8
127 76 19
2
193 146 3
138 110 19
1
76 79 13
0
2
113 102 1
172 135 2
3
162 151 0
132 103 13
133 100 21
1
138 120 19
0
1
172 140 11
0
0
2
170 142 17
129 107 21
0
3
116 97 11
151 106 19
112 94 20
0
1
171 129 16
0
2
161 136 18
133 104 20
2
145 127 6
127 108 20
2
123 87 1
169 163 5
1
161 120 20
2
158 110 10
145 114 20
1
142 114 21
1
88 47 13
2
122 92 1
148 116 12
2
134 101 13
136 98 18
0
2
181 173 2
170 124 9
1
112 90 16
2
142 128 7
45 36 18
0
2
126 113 13
76 57 17
0
1
151 125 10
1
204 149 2
0
0
3
129 114 2
111 82 12
146 113 24
1
146 103 11
1
123 107 5
2
153 122 20
171 134 24
2
161 141 6
154 119 24
1
127 92 17
1
160 118 0
3
99 76 11
156 157 21
145 126 22
2
187 139 1
162 125 19
1
139 102 20
1
167 142 5
3
161 104 5
136 97 9
150 118 16
3
162 146 3
105 80 12
118 111 20
3
165 131 0
120 87 7
190 230 13
1
153 118 2
2
162 96 15
131 120 17
2
138 114 3
151 152 20
0
0
1
165 155 9
0
0
1
178 144 24
0
1
173 127 16
2
156 153 11
156 114 12
1
162 108 13
2
195 127 9
143 129 12
0
2
179 148 9
174 139 14
2
162 144 7
159 112 11
1
123 93 11
1
197 138 14
2
169 140 15
144 93 19
1
121 94 0
2
109 87 4
205 158 19
0
2
182 192 12
211 165 21
3
154 125 2
136 129 14
100 76 22
0
0
2
108 79 9
156 120 14
2
173 142 9
162 131 13
2
170 114 11
152 115 16
0
0
1
178 155 5
0
2
118 69 10
105 72 19
1
128 106 20
0
1
161 140 11
0
1
172 131 24
1
151 123 9
0
4
180 168 0
119 117 6
119 104 7
198 143 21
0
0
3
174 128 0
196 173 6
151 124 19
4
168 110 1
186 147 9
198 156 12
122 131 21
0
2
207 133 1
159 137 19
2
183 144 17
165 161 20
2
167 141 1
169 130 9
1
168 121 14
0
1
217 207 12
1
124 91 2
0
3
188 144 2
147 132 16
157 140 19
2
186 130 14
153 137 16
0
0
3
127 116 0
175 91 13
139 87 20
0
0
0
2
97 72 1
166 113 13
0
2
177 125 18
190 129 20
3
151 88 5
142 120 6
207 132 24
1
185 140 16
2
157 144 1
198 173 11
1
170 164 9
2
164 97 19
157 125 24
0
0
0
2
122 88 16
129 82 21
1
121 106 13
0
3
167 138 5
144 121 20
172 119 24
1
148 122 6
2
131 108 14
120 71 16
0
1
213 196 11
1
247 201 24
0
1
172 176 17
0
1
177 109 16
2
169 167 12
181 122 14
1
164 135 12
