2 4 2 8 5 4 4 3 6 2 7 3 5 6 5 2 4 8 6 5 3 5 4 1 5
3
8 6 3
6 5 6
7 6 17
1
7 6 17
2
7 5 17
8 7 22
1
5 4 6
1
8 7 4
0
3
7 6 1
9 6 10
10 8 12
0
1
7 7 8
1
7 5 7
0
1
9 6 15
0
0
1
8 5 13
1
10 9 15
0
0
3
11 9 2
7 6 6
8 7 20
0
2
12 10 1
11 8 3
1
10 7 22
0
1
8 7 10
1
6 5 4
3
17 12 3
10 10 14
8 7 21
0
5
16 12 10
12 9 11
10 8 13
14 11 17
9 9 18
2
12 10 13
13 9 22
1
9 7 3
2
12 9 1
11 9 15
0
0
0
1
14 11 22
0
1
16 12 6
1
17 11 3
0
0
0
0
0
4
14 12 2
17 17 11
9 5 16
14 11 20
1
11 10 10
0
1
16 10 18
3
19 18 8
13 12 9
17 15 10
1
10 9 18
2
16 13 3
18 12 20
1
14 12 19
0
1
18 17 18
0
1
18 15 14
0
3
15 13 8
19 15 13
20 19 23
1
16 13 9
2
16 11 1
12 10 3
0
0
1
17 12 17
0
1
20 18 12
1
9 6 18
0
2
18 14 6
19 16 10
1
25 18 21
1
22 12 14
1
23 16 16
1
20 14 10
1
16 13 3
3
18 15 1
12 10 14
20 17 24
0
1
16 12 11
1
19 13 11
1
18 11 21
3
19 13 14
19 18 17
21 13 21
1
16 15 19
3
14 11 3
18 11 11
17 15 12
2
14 11 8
24 17 18
2
19 9 6
13 10 17
0
1
17 15 13
3
18 17 4
26 21 5
25 21 21
1
19 14 23
2
20 17 3
19 15 19
1
23 17 1
0
0
0
2
29 23 4
20 17 10
1
19 16 6
0
1
20 17 18
1
31 28 18
0
0
0
1
17 15 14
1
21 17 10
0
1
24 16 18
0
1
25 20 12
3
26 23 7
32 23 8
21 17 19
1
23 17 4
0
1
21 20 1
1
35 29 3
1
22 15 3
1
36 30 14
2
20 17 21
21 18 22
0
1
33 29 18
1
24 19 6
1
29 21 18
1
24 17 7
1
27 22 23
0
0
2
21 13 13
29 21 19
0
0
0
0
0
2
27 20 4
23 20 12
1
25 16 4
1
24 15 3
1
23 21 11
2
25 20 13
29 23 22
1
30 26 24
2
24 20 11
24 22 21
0
1
22 19 19
2
28 23 10
36 28 24
1
37 30 8
2
33 24 2
28 21 16
3
25 19 1
36 31 3
27 25 13
1
30 19 16
0
1
12 10 21
0
4
29 28 4
29 24 8
27 21 14
35 29 24
2
35 22 22
22 17 24
1
38 31 8
1
30 23 10
1
21 17 17
0
0
0
0
1
38 27 14
2
36 27 8
28 23 10
1
29 31 14
2
31 24 7
30 26 17
1
14 12 19
0
1
31 20 17
0
2
35 24 3
36 29 12
1
35 21 15
1
28 23 19
0
2
38 28 2
30 24 7
1
21 17 12
2
30 24 2
33 31 7
1
42 35 13
1
36 25 17
1
25 17 7
1
23 18 8
1
40 28 17
0
1
37 33 10
2
31 18 3
27 20 13
1
38 28 3
1
36 27 7
2
28 21 6
24 21 12
1
38 35 15
1
31 24 24
1
40 29 4
2
35 27 1
45 39 2
1
36 27 18
1
33 34 13
1
37 30 17
1
41 33 10
0
1
46 37 7
0
3
36 28 3
41 36 4
42 34 13
5
28 25 0
33 26 6
36 28 8
29 17 10
46 41 14
2
27 20 12
32 27 22
0
0
1
47 39 10
0
0
4
45 44 1
36 29 3
31 26 8
26 17 20
0
0
2
36 31 1
39 35 5
0
3
38 32 4
37 29 8
41 39 11
1
46 35 20
1
37 28 8
2
35 32 6
33 32 14
1
40 31 1
1
35 27 18
2
39 34 7
56 35 12
2
31 22 13
22 13 17
2
28 22 3
35 26 17
1
40 27 16
0
1
30 23 6
2
37 30 5
44 43 19
1
64 52 16
1
34 29 3
0
1
42 37 20
0
0
0
5
33 34 3
47 29 10
53 40 12
50 56 18
43 34 24
2
33 28 4
56 41 9
2
40 25 11
35 23 19
2
46 37 17
39 33 22
3
41 35 7
40 28 20
40 29 22
1
52 43 24
2
42 36 10
46 34 14
2
19 15 22
35 31 24
0
1
21 13 4
1
54 29 6
2
38 34 3
50 42 8
3
41 35 1
36 28 7
43 34 12
0
1
46 29 3
0
1
44 31 19
0
1
30 22 18
1
53 47 21
0
2
40 41 8
38 26 24
1
56 42 11
0
0
1
56 54 15
2
39 30 8
43 29 20
0
2
39 33 18
56 48 20
1
57 43 24
1
59 48 24
1
51 35 22
0
0
0
1
37 32 17
1
53 42 0
2
49 40 1
46 35 24
2
37 32 3
39 29 22
0
1
46 38 24
0
1
46 40 5
2
47 43 13
44 37 18
1
55 47 8
3
62 57 5
48 30 8
51 36 19
1
52 48 8
1
43 32 13
2
30 25 6
61 50 12
4
38 29 12
35 32 13
51 33 18
40 36 24
0
1
50 42 8
2
51 34 1
43 30 17
3
53 51 0
57 52 18
38 30 20
1
37 28 0
2
45 30 14
55 36 22
2
46 32 7
61 46 15
0
2
43 39 13
61 41 16
1
52 35 21
1
25 24 17
0
3
55 47 16
44 40 19
33 25 20
0
1
57 55 16
1
61 51 18
0
1
47 32 3
0
0
0
1
61 41 22
0
1
66 46 3
2
58 43 6
53 45 7
2
26 20 3
48 38 9
1
45 31 7
1
41 36 16
1
53 39 6
0
4
34 34 2
57 42 4
60 36 11
60 50 17
1
69 59 3
0
2
53 46 15
43 33 22
2
57 50 0
65 48 16
1
50 41 10
2
84 67 0
45 41 24
2
58 57 1
52 35 11
1
63 53 4
1
48 42 9
0
2
72 64 11
39 38 18
0
2
66 47 6
70 52 10
0
2
24 20 3
52 39 6
0
0
0
2
65 57 14
50 43 24
1
71 60 17
0
0
2
51 49 11
61 45 18
0
0
2
76 55 4
68 55 19
0
1
68 57 4
0
1
67 40 7
1
45 37 17
0
0
0
1
41 25 1
1
70 56 5
1
73 60 15
2
59 43 12
70 51 18
1
68 52 8
1
72 69 4
4
63 46 5
75 63 10
74 57 17
60 52 20
0
1
36 35 8
1
69 57 8
2
72 70 10
70 60 18
1
81 70 10
3
79 83 1
71 51 22
65 46 24
2
37 29 8
65 57 17
0
1
59 47 19
1
62 49 9
0
0
0
1
64 55 22
2
76 56 0
65 53 3
1
68 43 16
0
1
76 57 24
0
1
56 46 9
3
63 55 5
52 45 10
76 46 18
3
55 48 6
85 62 15
51 34 21
1
47 39 13
2
70 51 8
68 46 10
1
60 54 16
0
1
63 40 13
1
56 39 16
1
94 82 8
1
70 50 4
2
55 46 8
68 55 13
0
0
2
60 45 0
99 73 8
1
78 64 3
1
55 46 21
0
0
0
0
1
51 30 14
0
1
66 55 6
1
52 38 17
2
70 56 13
72 60 18
2
66 41 3
60 50 17
1
49 32 18
1
90 58 17
1
57 44 12
0
1
55 39 17
1
42 29 18
0
1
68 47 9
1
52 29 18
2
64 52 2
70 46 19
0
1
68 60 3
0
2
64 38 10
59 50 22
2
60 47 4
65 43 24
2
81 69 10
75 55 19
0
2
75 73 15
37 31 20
1
83 71 10
0
1
61 47 17
1
60 51 17
1
56 49 12
1
77 60 3
1
74 62 18
1
78 52 12
1
79 51 5
1
90 69 24
1
75 67 5
1
84 75 1
1
74 63 3
2
68 64 18
81 71 19
1
91 79 2
1
83 81 5
2
62 50 8
88 75 19
0
2
85 79 10
92 71 21
0
1
77 49 18
2
66 52 1
91 69 19
1
74 42 24
0
1
67 61 22
3
57 46 3
77 61 10
89 81 16
0
2
78 58 1
78 72 12
1
79 60 24
0
1
46 31 21
1
79 69 8
3
64 35 17
42 37 19
92 72 22
1
68 54 17
1
57 47 11
2
63 48 6
37 30 24
1
85 59 22
3
93 65 1
86 67 6
101 74 14
2
49 44 20
72 59 22
1
85 86 19
0
0
2
89 62 7
68 56 24
1
81 58 8
0
4
53 44 1
67 46 3
89 90 11
67 57 20
1
61 48 5
0
1
53 37 8
1
58 47 17
1
77 53 18
1
88 74 3
3
77 54 16
63 44 18
81 70 21
0
1
68 45 13
1
84 71 0
2
71 56 8
85 48 12
1
69 57 3
0
1
87 85 22
4
85 58 11
67 48 12
69 60 14
89 83 16
0
0
3
67 50 13
48 43 21
75 59 22
3
63 46 2
91 65 4
76 51 17
0
1
66 55 22
1
71 60 19
1
80 69 20
2
72 64 14
85 60 19
3
55 42 3
78 51 10
79 70 20
4
76 63 2
107 87 11
71 57 16
71 39 21
3
84 77 5
82 67 15
73 58 17
0
1
96 79 6
2
92 60 7
82 61 24
0
3
77 59 13
97 76 19
57 48 24
1
81 53 4
1
79 56 0
1
93 76 1
2
91 74 5
89 86 10
1
77 61 18
2
91 77 4
114 75 8
1
60 49 18
2
107 87 6
86 77 10
1
111 90 21
3
103 67 12
57 45 17
68 60 18
1
46 42 19
1
84 63 16
0
1
116 87 17
3
80 50 8
71 56 9
87 60 13
1
97 79 21
1
98 77 18
2
55 43 10
121 101 11
1
75 64 17
0
4
101 78 6
84 90 13
71 62 16
83 62 19
2
94 89 9
71 62 10
2
45 34 12
77 61 14
3
105 94 9
100 92 11
82 54 14
2
72 49 5
77 79 12
0
1
58 51 20
3
72 60 3
92 73 14
63 54 17
2
71 56 15
108 106 17
2
108 90 10
53 37 21
2
78 68 3
84 78 19
0
1
73 66 18
3
81 57 13
86 72 17
113 90 20
2
81 76 10
65 47 22
2
95 76 5
108 66 6
1
77 70 14
0
0
1
74 71 1
2
116 72 10
102 77 12
0
2
98 75 3
96 63 14
3
72 51 15
89 57 21
88 65 22
2
88 84 16
57 44 19
0
2
105 76 6
93 90 17
0
1
82 67 2
1
107 68 21
2
99 87 17
88 66 18
0
0
2
109 70 11
89 77 17
1
104 69 13
0
1
109 88 17
1
100 87 23
1
98 87 12
1
67 62 11
1
70 60 7
4
98 81 3
88 69 5
85 79 17
74 42 18
3
88 69 4
69 43 10
79 58 12
0
0
2
87 77 3
83 72 12
1
96 66 12
1
77 67 8
0
2
107 68 17
71 76 24
2
127 110 1
81 51 12
0
0
0
3
112 83 12
85 70 16
74 62 20
1
80 60 5
1
57 47 1
3
134 106 10
100 97 13
83 63 18
1
98 85 6
0
2
83 72 3
107 92 17
4
137 107 4
89 63 8
106 88 15
117 99 18
0
0
2
135 116 1
142 129 19
1
99 82 3
2
99 68 5
111 100 14
1
61 54 21
0
0
1
104 64 21
1
69 49 21
0
2
83 65 7
94 76 8
1
106 86 4
2
89 62 4
88 83 5
1
104 83 12
3
101 104 2
88 60 5
107 97 15
1
67 54 16
0
1
100 69 23
0
0
2
94 74 3
72 59 22
2
138 88 12
92 74 14
0
1
92 65 2
3
107 78 2
83 55 3
92 75 8
2
108 74 19
62 43 23
1
91 60 10
2
83 63 3
97 85 18
1
104 81 17
0
0
2
120 100 3
109 74 20
3
91 84 3
122 101 10
85 73 15
0
3
77 55 3
121 96 4
81 70 8
2
88 77 11
91 72 13
1
102 74 22
2
111 89 8
112 93 10
2
104 99 18
99 76 24
1
118 117 17
0
1
118 100 12
1
75 50 16
1
88 75 14
0
2
102 74 4
72 64 16
1
113 85 19
2
91 76 3
105 80 22
1
64 54 19
0
2
113 96 4
80 61 11
1
133 105 3
1
72 55 11
3
99 89 17
112 104 21
119 97 22
1
107 76 11
1
146 121 13
1
86 63 8
1
95 74 10
1
101 79 3
0
1
123 83 24
0
3
99 82 3
111 93 5
101 68 7
0
0
0
1
87 67 21
0
2
122 111 6
113 95 19
1
66 44 22
0
0
1
93 60 24
1
105 75 13
1
135 117 18
2
103 85 10
109 90 11
1
153 103 10
2
77 53 4
118 76 21
1
125 107 19
4
124 105 7
115 92 8
105 72 13
101 89 21
1
108 87 5
2
114 87 13
110 106 18
4
92 81 6
68 56 7
82 70 17
85 71 20
1
98 71 11
0
2
122 103 16
102 74 24
0
0
1
93 73 24
2
81 80 0
112 88 3
2
80 61 17
112 86 18
1
150 133 24
1
96 73 20
1
60 50 20
0
0
2
131 82 11
114 87 16
1
81 63 10
0
1
108 87 17
1
78 60 13
1
135 123 10
0
1
78 64 0
1
101 99 12
1
106 86 16
2
125 94 3
126 109 22
0
2
71 55 4
60 53 23
1
87 73 21
0
1
127 100 22
0
0
3
137 123 8
151 128 10
112 94 21
1
156 98 10
1
124 116 3
2
109 55 5
127 119 12
0
1
121 99 2
0
1
126 115 20
3
109 76 17
103 81 21
121 94 22
0
3
127 99 1
119 116 8
118 88 12
3
98 84 10
81 44 19
140 112 20
1
93 83 1
1
137 116 22
0
0
1
92 61 1
2
130 98 10
86 71 20
2
118 94 18
123 91 20
0
0
0
3
115 77 3
117 104 16
111 99 24
2
116 77 11
127 89 19
0
1
87 57 10
0
0
3
88 70 4
110 64 8
84 67 13
0
4
144 123 12
92 65 16
98 58 18
95 93 21
2
151 148 3
115 70 17
1
129 99 13
0
4
159 111 1
114 103 4
75 57 8
105 82 10
1
107 85 5
2
66 45 5
86 71 12
2
113 83 3
148 133 5
1
98 88 11
0
0
0
0
1
132 95 1
2
66 61 12
83 68 18
0
0
3
134 102 6
140 110 22
141 114 23
0
1
96 85 12
2
83 74 1
127 110 21
0
0
1
125 95 18
2
160 149 12
80 68 18
0
3
120 86 10
146 133 11
117 103 18
2
139 134 5
124 101 12
2
154 134 4
137 137 17
3
152 107 1
129 114 3
123 119 13
0
2
135 112 3
125 100 22
0
1
156 111 15
1
142 98 17
0
0
1
110 92 11
3
157 130 8
109 83 13
126 84 14
0
2
126 95 6
96 85 11
0
4
101 69 3
111 82 4
90 79 10
137 99 17
2
123 117 8
111 89 13
1
106 84 6
1
109 90 18
1
120 100 17
2
123 116 12
107 88 17
2
116 104 10
110 97 22
1
99 74 8
2
82 64 17
125 98 21
1
122 101 13
1
94 79 14
1
175 128 19
1
102 55 20
1
116 85 6
0
3
152 129 10
136 103 14
147 112 22
0
0
1
126 87 4
1
111 62 18
1
147 129 12
0
3
162 119 15
119 73 17
132 127 19
0
1
128 79 21
0
0
1
153 106 20
0
1
127 82 16
1
166 104 22
0
2
116 88 3
106 75 15
2
63 49 8
159 105 24
0
0
1
131 103 22
3
122 91 3
139 119 10
137 117 12
1
95 83 12
0
0
0
1
101 81 10
1
135 96 19
0
0
0
1
82 65 14
1
94 68 16
0
1
158 137 14
1
98 82 9
0
0
1
191 160 15
2
103 64 5
143 125 14
0
3
117 113 4
116 88 6
138 123 22
0
3
140 71 8
114 91 16
116 79 18
2
170 148 4
139 95 15
1
118 96 13
1
151 120 22
1
149 142 18
0
2
148 138 15
114 104 19
2
180 118 13
141 96 18
1
111 102 14
1
115 92 10
1
122 92 6
1
103 74 12
0
3
165 133 10
118 98 14
94 78 24
0
3
97 75 5
154 109 13
126 101 17
1
116 92 20
2
103 93 10
109 96 22
0
1
117 114 21
1
154 141 22
2
157 136 18
148 132 19
2
113 81 8
130 110 18
0
0
1
119 118 15
0
1
116 99 17
3
133 131 8
135 116 12
100 52 24
2
167 105 6
155 97 10
2
179 155 3
182 181 18
2
168 139 3
162 124 6
1
156 118 17
0
1
129 109 10
0
0
0
1
117 71 3
1
174 151 17
2
106 99 4
142 95 13
3
134 89 1
114 94 5
186 159 17
0
1
136 130 10
0
0
1
92 76 16
0
3
116 85 2
114 80 21
136 109 23
1
161 108 24
0
2
150 107 7
80 57 8
1
155 110 18
0
1
156 136 22
1
192 174 10
1
130 96 13
1
88 65 23
0
2
139 108 1
169 142 12
2
129 105 5
117 95 18
0
1
136 105 9
1
171 149 10
1
84 66 24
1
122 81 10
2
119 79 10
177 154 17
1
122 99 0
0
1
191 135 8
1
128 100 17
4
151 129 4
199 165 18
164 121 20
141 123 22
1
141 135 14
1
154 86 4
2
147 107 6
160 116 21
0
1
180 151 20
3
81 48 5
162 146 17
157 130 21
0
0
0
3
138 90 6
141 126 10
123 84 17
0
1
117 91 17
2
125 98 8
137 127 13
3
146 105 2
110 81 12
128 96 14
2
121 84 8
164 123 12
0
0
0
0
0
2
140 123 2
120 90 11
3
175 122 2
149 114 10
110 77 19
3
110 80 12
119 75 16
146 116 19
0
0
1
174 135 4
0
1
135 127 19
2
133 93 17
140 99 24
1
219 170 18
2
209 155 10
157 137 14
1
144 108 1
0
0
0
2
124 96 3
97 90 8
0
1
176 135 13
0
1
231 183 6
1
111 84 3
4
207 178 4
188 155 8
115 76 17
130 106 18
1
165 152 5
1
121 110 12
0
0
1
168 127 9
1
175 141 21
0
0
1
169 124 3
2
155 141 19
152 119 22
0
1
110 82 19
1
149 132 3
1
168 153 17
2
165 119 0
159 108 10
0
3
131 125 5
129 105 7
129 77 16
0
0
0
0
3
162 157 6
176 105 13
177 151 16
1
106 83 12
2
191 109 9
148 161 17
2
114 106 14
163 119 24
0
1
185 146 18
2
138 120 8
95 68 11
1
158 138 10
0
1
119 74 10
2
187 136 18
118 83 22
0
0
4
165 139 13
171 121 14
138 83 17
168 124 18
0
0
0
0
2
169 144 12
176 147 13
0
0
0
0
0
1
209 195 21
2
146 149 14
211 181 16
0
0
0
0
2
146 117 11
134 100 15
1
157 145 5
0
0
1
81 69 15
0
2
160 129 0
145 149 18
4
130 97 2
206 120 4
140 125 12
141 82 17
1
117 73 2
2
155 103 20
164 142 22
1
199 162 11
2
161 148 2
197 167 14
0
0
1
136 123 13
1
167 125 14
0
3
177 123 13
188 165 14
102 97 22
1
192 146 2
1
111 111 1
