6 1 2 5 5 8 6 3 1 4 1 6 4 5 1 3 4 3 3 5 3 2 2 8 6
2
5 4 5
7 7 15
2
9 8 4
9 6 24
1
8 7 17
2
8 8 0
9 7 7
0
3
7 7 11
7 5 13
8 7 18
1
10 8 4
3
11 9 17
9 8 21
9 7 23
0
2
10 8 0
9 8 5
1
10 7 9
0
1
9 8 3
0
2
9 6 2
11 8 17
0
2
8 7 0
12 10 22
0
0
4
9 8 4
10 9 13
8 6 16
7 7 19
1
9 8 20
1
9 6 5
3
8 8 0
11 9 5
11 8 22
1
11 6 22
0
2
8 5 11
10 8 19
2
10 9 5
15 11 23
0
0
1
11 10 19
1
12 10 20
2
15 11 16
10 7 19
0
1
11 9 13
4
15 13 1
10 6 4
12 8 19
8 7 23
3
8 7 3
12 9 11
14 11 19
1
16 13 17
1
8 7 0
2
13 10 5
15 11 13
1
13 12 20
3
15 10 6
16 13 15
17 10 23
1
6 5 17
0
2
16 14 6
13 12 13
0
1
16 15 13
2
13 9 5
14 9 9
3
16 12 4
14 10 6
16 13 13
1
14 13 11
3
23 22 0
11 8 3
12 8 6
1
15 12 11
1
13 10 2
0
0
4
9 8 9
17 16 11
17 15 12
19 15 19
2
15 10 3
8 6 23
1
16 13 20
0
2
12 9 0
16 13 22
1
19 18 15
0
1
15 12 12
0
1
18 14 5
1
20 14 21
1
17 14 11
1
18 21 11
2
18 15 1
18 16 11
2
17 17 9
20 14 23
0
0
1
19 14 5
1
17 14 19
2
18 15 11
19 17 16
1
19 13 24
1
17 10 18
1
21 16 24
1
17 12 11
2
21 15 5
16 11 15
1
22 16 23
0
1
25 21 1
0
3
17 16 4
23 18 9
23 15 16
0
1
26 16 23
0
0
0
0
1
24 19 6
0
1
17 13 12
0
1
18 15 6
1
15 11 21
1
25 18 3
0
1
17 11 13
0
1
27 16 0
1
27 16 17
0
2
24 16 6
29 22 24
0
1
21 14 23
2
30 28 11
26 23 18
0
1
18 15 3
2
20 17 20
17 17 23
3
30 19 6
22 17 12
31 28 14
0
1
32 21 23
2
22 20 9
18 12 24
2
29 21 5
24 21 6
1
21 15 0
2
27 24 19
19 15 20
0
2
31 26 6
29 22 23
0
0
0
0
0
1
20 18 9
0
0
3
30 25 4
24 15 18
29 22 19
1
23 20 11
0
0
2
23 20 3
29 15 6
0
0
2
26 22 4
29 26 7
2
24 20 19
30 22 24
0
1
41 33 23
0
1
24 15 23
0
0
3
27 17 0
30 20 13
34 25 19
2
25 22 11
14 10 24
1
34 31 0
0
2
31 25 16
31 21 22
2
43 29 11
24 24 23
2
33 27 0
31 23 6
2
30 21 4
25 19 17
2
33 25 0
11 9 20
0
1
26 20 9
1
27 24 5
0
1
24 18 16
1
34 26 15
1
31 25 0
2
29 24 0
30 25 23
2
35 37 20
42 36 21
0
0
1
13 12 1
0
2
26 24 0
25 20 5
0
2
31 31 3
23 13 10
1
28 24 16
2
33 24 9
31 26 16
0
0
0
1
34 28 0
1
41 41 17
1
32 18 14
1
40 29 3
1
41 33 20
1
30 20 7
1
35 21 3
1
19 15 24
2
24 23 6
45 30 23
0
0
0
0
0
3
32 30 19
30 21 21
37 35 23
1
25 20 23
2
32 23 9
19 20 10
0
0
2
44 42 19
44 34 24
1
35 32 19
3
31 26 5
42 33 16
42 32 19
3
30 22 6
47 37 11
26 23 22
3
41 38 1
29 20 13
49 46 23
2
45 29 11
36 35 23
0
3
33 32 13
43 28 19
36 33 22
0
3
35 24 0
34 29 20
38 33 21
0
1
35 29 6
0
1
39 38 18
3
41 39 1
41 28 15
29 24 19
0
0
1
30 19 4
0
0
0
0
0
0
0
0
0
1
30 22 18
1
29 23 11
2
42 44 6
35 26 11
1
41 35 0
1
42 33 0
1
48 37 6
2
35 25 4
34 27 15
2
41 31 0
45 43 3
2
48 43 9
34 26 19
2
56 39 16
44 38 20
1
42 34 0
3
38 29 2
42 32 17
40 28 23
2
50 37 0
34 32 17
1
50 49 24
0
3
33 33 5
41 28 10
41 35 16
2
35 32 4
37 39 11
3
56 41 0
49 40 3
36 31 5
1
26 20 7
4
42 39 0
35 33 4
52 38 15
37 20 18
1
45 40 19
1
37 30 18
0
0
1
34 28 0
1
49 37 17
4
57 47 6
34 28 13
40 26 20
43 31 24
2
79 44 5
50 42 23
2
60 43 5
46 29 9
1
54 48 23
0
1
27 19 5
4
57 44 4
34 26 11
42 36 16
46 41 19
1
39 34 6
3
71 53 0
55 42 15
23 19 17
0
0
1
44 28 23
0
1
42 38 24
1
47 39 10
2
50 40 6
31 27 11
0
1
55 35 23
1
33 27 11
0
0
2
50 46 0
56 53 11
1
55 43 23
1
52 45 6
1
32 28 10
2
55 46 8
42 30 23
2
51 36 0
58 46 24
0
1
59 47 6
2
39 28 9
56 50 13
2
50 43 5
56 42 23
0
2
71 60 0
29 21 19
0
1
47 34 5
4
34 23 5
39 29 11
47 31 13
58 32 19
0
0
1
28 23 23
1
49 40 5
2
56 48 14
51 31 19
1
41 24 19
2
49 33 7
35 29 17
2
53 42 12
56 40 23
0
0
2
60 44 0
35 27 24
0
3
54 44 6
49 41 14
49 29 17
1
43 38 24
0
0
0
1
51 33 5
1
45 44 4
0
1
37 25 23
0
2
47 41 4
43 30 20
1
61 51 5
1
61 52 19
1
45 38 3
0
2
63 58 9
62 49 24
2
60 45 5
47 35 23
2
73 56 22
43 31 24
2
56 48 3
38 32 20
4
60 39 13
52 37 19
57 46 20
77 60 23
2
65 57 23
64 51 24
0
1
54 46 6
0
1
39 40 16
1
57 44 11
0
2
62 57 2
44 36 20
2
42 32 15
59 43 23
0
0
0
0
2
47 41 6
75 48 17
1
59 45 17
0
2
39 28 9
61 58 13
0
0
1
49 32 24
3
42 35 2
63 51 5
42 30 22
0
0
0
1
47 32 9
1
57 55 19
2
68 52 5
62 56 6
1
62 42 19
1
74 56 5
0
0
2
67 41 0
74 57 3
0
1
68 46 1
1
43 37 4
2
68 51 5
57 49 19
1
68 57 7
1
63 39 12
1
65 61 16
2
51 45 9
78 69 15
0
1
57 51 5
1
47 37 13
1
50 37 12
3
39 33 0
60 44 5
77 54 11
0
0
1
77 74 3
0
2
64 48 16
45 40 22
1
40 31 19
1
63 43 11
1
58 44 6
1
73 46 3
1
38 28 5
0
0
2
52 36 11
34 19 24
1
55 47 17
3
68 56 4
61 43 9
59 38 13
1
66 41 7
3
56 45 3
62 54 11
60 38 23
0
1
62 53 5
1
94 81 24
1
57 46 18
0
3
57 47 3
58 48 11
76 63 19
1
82 64 5
2
43 33 15
55 50 19
0
0
4
84 69 0
53 52 3
52 39 9
58 39 23
2
55 46 0
44 31 11
0
3
80 51 5
75 61 6
60 50 24
0
0
2
63 47 3
84 74 6
0
2
51 44 7
60 48 18
1
78 60 6
0
0
3
60 56 3
72 64 5
70 60 6
1
56 57 0
0
1
101 77 19
0
4
78 54 16
60 41 19
76 42 21
91 76 23
0
4
65 60 1
79 48 11
58 40 14
65 50 16
0
1
68 61 21
1
64 46 15
1
69 63 5
3
82 90 4
91 63 5
82 65 20
2
79 63 9
64 55 19
2
54 36 5
82 69 24
2
58 45 0
71 66 23
0
1
49 34 4
1
79 62 4
1
70 57 23
2
56 49 3
83 55 9
0
2
78 60 15
69 65 24
4
75 64 0
67 65 16
74 48 17
61 53 24
2
30 25 5
58 49 13
1
74 56 0
0
2
67 51 21
61 40 24
3
77 52 1
63 46 19
95 84 20
1
71 59 9
1
46 35 23
1
53 46 11
1
94 78 13
1
84 69 23
1
57 29 0
2
88 76 11
75 58 21
2
93 83 9
82 69 23
0
2
74 61 21
93 77 24
2
36 30 19
56 50 22
0
0
1
79 72 0
0
0
2
70 56 16
41 34 24
0
1
82 62 24
1
74 63 12
3
67 52 15
97 82 19
64 44 24
3
83 62 0
91 73 11
73 55 17
2
104 73 11
75 57 23
0
1
78 62 21
1
68 56 10
0
1
60 45 23
1
96 78 13
1
65 43 23
1
67 40 13
1
74 64 0
0
1
53 40 18
0
0
1
84 51 8
2
80 65 0
62 56 5
1
57 51 22
0
0
0
2
68 54 3
53 43 4
1
77 58 13
1
81 53 5
1
87 66 13
0
0
1
74 54 16
0
2
76 59 8
88 64 13
0
2
72 61 12
101 76 13
0
0
0
0
4
98 73 1
86 62 11
76 71 19
50 38 20
0
0
0
2
108 75 3
87 86 13
3
110 100 6
95 70 14
79 60 24
0
1
121 92 3
2
73 57 5
76 70 24
0
1
57 37 7
0
2
73 64 0
83 60 21
0
1
102 87 23
1
79 69 11
0
1
109 85 15
0
1
70 50 6
0
0
3
93 54 4
69 50 6
79 50 16
1
88 61 16
1
67 51 12
0
1
94 81 5
2
50 51 4
96 96 11
1
105 100 17
2
102 91 16
96 67 23
1
79 62 9
0
0
0
2
108 96 6
86 72 11
0
1
79 78 4
0
4
82 67 7
105 75 9
53 44 10
68 55 19
1
86 63 19
3
78 73 5
60 56 22
94 72 23
1
88 65 11
3
97 76 6
71 62 15
82 71 17
0
0
1
98 75 12
2
77 68 4
80 60 18
1
89 67 2
0
0
3
82 70 5
94 73 6
98 83 19
0
1
67 45 11
2
108 78 3
80 60 7
0
0
1
84 70 11
2
85 67 0
60 49 16
3
106 94 18
73 48 21
87 82 23
3
130 97 10
72 63 12
121 85 24
2
61 44 17
120 81 24
1
56 37 4
2
137 106 9
74 66 23
1
113 74 5
2
98 92 12
78 54 24
0
0
2
93 89 18
84 67 23
1
78 52 5
1
111 95 3
5
75 72 5
81 60 11
78 57 17
63 40 18
74 64 22
1
60 48 8
1
86 68 0
0
2
97 65 3
79 51 24
2
119 94 3
105 76 19
0
0
3
79 59 9
81 55 11
94 78 13
1
113 95 18
1
109 90 17
4
101 65 5
107 78 11
106 79 19
78 59 24
1
103 72 0
0
2
140 128 12
87 71 23
2
71 59 0
79 68 23
0
1
67 48 12
2
80 67 3
97 79 19
1
89 57 2
1
85 70 18
2
120 125 13
90 86 18
2
78 51 4
104 80 19
1
114 99 9
2
85 58 5
119 108 18
2
96 77 3
67 55 4
1
71 53 10
1
114 89 0
0
0
2
92 70 11
87 64 22
1
108 84 24
2
98 75 3
73 52 9
1
110 76 24
1
106 93 13
0
0
0
1
99 62 3
0
0
1
114 101 13
0
0
0
3
98 81 2
123 118 6
75 62 24
3
137 80 0
137 117 4
68 55 20
2
96 76 11
97 75 14
2
91 73 6
132 111 23
0
0
3
77 54 0
138 105 13
123 108 22
1
79 64 19
1
93 73 1
0
1
103 93 23
3
107 70 5
126 80 18
127 125 22
1
95 79 9
3
77 65 4
91 85 6
99 82 12
0
1
70 60 9
1
126 103 20
0
1
100 67 13
0
3
94 68 0
106 77 12
102 76 23
1
115 68 7
1
122 76 11
0
2
111 80 3
124 97 13
4
85 61 3
52 39 9
100 77 11
95 87 18
2
111 83 13
95 65 19
0
3
99 86 5
56 46 6
107 93 20
3
69 58 6
87 67 11
96 73 24
0
0
1
116 91 11
1
151 127 11
1
94 86 6
1
123 90 6
0
2
119 108 3
94 58 23
1
113 89 14
0
0
2
108 78 0
115 71 23
1
77 74 23
1
121 108 20
0
0
2
104 100 3
113 76 5
0
1
121 74 11
1
125 94 24
1
92 81 21
1
102 65 11
0
2
96 77 6
101 91 23
1
94 78 0
0
1
59 45 16
0
0
0
0
0
2
123 97 8
138 112 11
1
105 91 9
2
87 68 3
119 90 16
0
0
0
1
116 106 12
2
149 121 3
108 83 5
1
88 84 13
3
92 76 4
114 99 6
109 96 13
2
99 70 21
142 119 24
0
1
69 44 5
1
145 109 24
1
73 62 11
1
104 82 10
0
1
79 63 0
1
107 103 19
3
122 83 0
156 147 6
105 94 12
0
0
0
1
96 74 23
0
0
0
1
128 97 3
0
0
1
67 51 17
2
126 106 5
112 93 20
1
87 60 3
1
111 92 8
2
130 108 3
100 68 5
3
136 116 13
84 57 21
118 94 24
1
109 98 5
1
135 113 5
1
110 91 8
0
1
68 52 23
0
0
1
139 118 5
1
122 93 9
0
0
0
2
101 71 16
114 91 21
1
113 96 0
0
1
132 97 5
0
0
2
109 85 5
157 130 18
3
121 69 4
175 130 9
124 97 23
0
2
71 48 4
152 148 5
1
100 94 17
2
136 94 11
132 101 23
2
115 93 2
71 52 11
1
145 134 11
0
2
83 66 5
106 89 24
0
2
136 100 2
104 69 6
1
105 60 2
2
95 80 4
127 112 17
1
127 104 3
2
95 79 1
58 46 11
1
117 104 6
2
107 87 6
95 71 13
0
2
105 83 4
113 94 6
2
118 78 9
96 67 11
1
137 81 13
1
151 98 17
1
142 104 6
1
177 147 1
2
144 114 9
120 104 12
0
1
128 85 20
1
113 86 24
2
118 89 9
89 59 13
1
99 64 9
1
130 113 11
0
2
97 82 7
137 108 15
1
132 97 13
0
2
115 95 2
130 98 11
2
146 117 0
80 68 3
2
117 85 9
75 55 11
1
122 98 3
1
68 54 5
0
1
141 131 19
0
0
4
91 79 9
132 91 11
123 72 19
153 154 23
1
90 63 0
1
105 89 6
4
100 66 0
132 105 7
118 93 19
111 78 23
1
118 98 12
2
90 81 17
135 120 19
4
136 86 3
154 92 11
154 126 20
117 99 21
2
168 148 12
144 93 21
0
1
151 120 4
1
119 98 12
0
0
0
0
0
0
1
121 95 6
1
96 82 0
1
101 94 13
2
113 113 6
156 112 16
1
122 75 23
0
2
155 140 9
144 105 23
1
105 94 11
0
0
2
80 74 6
126 97 11
1
72 75 8
0
4
148 96 0
123 108 4
91 73 13
101 83 18
0
1
109 86 19
0
0
0
1
134 91 4
0
0
1
117 86 15
2
113 83 4
126 92 9
1
182 137 0
3
141 98 4
95 65 13
155 145 19
4
131 117 5
132 113 9
147 128 16
88 72 23
2
152 129 2
85 64 6
0
1
138 119 23
2
136 95 11
119 107 19
2
165 118 5
131 126 13
0
0
0
1
76 62 7
3
89 67 5
138 118 12
141 140 24
0
1
141 95 11
1
128 98 0
0
0
2
127 83 0
92 78 16
0
0
1
126 86 21
2
134 111 9
131 87 18
0
2
136 112 0
142 111 2
0
2
106 90 0
135 113 13
1
98 91 11
0
0
1
131 117 19
2
156 121 3
157 148 23
2
204 157 9
108 87 11
0
1
95 60 16
1
95 75 11
1
165 127 23
2
93 68 4
95 77 23
0
0
2
114 84 13
119 94 22
1
137 106 15
2
132 101 5
128 129 13
2
154 148 0
160 157 5
1
91 76 16
1
131 120 23
0
0
0
0
2
133 121 7
175 107 13
1
141 118 16
2
127 76 5
173 150 6
0
1
216 176 4
0
2
124 88 11
154 121 23
1
167 128 11
1
116 103 0
0
1
152 140 17
1
147 120 5
0
0
0
1
153 103 9
1
179 127 4
1
133 92 4
0
1
146 108 11
0
1
136 93 12
1
127 88 19
0
2
116 102 6
190 140 15
0
2
91 73 11
133 121 16
0
0
3
120 110 4
133 105 11
144 105 19
0
3
136 78 5
134 105 8
160 142 16
1
134 99 8
1
113 100 1
1
140 94 7
1
129 87 9
0
0
2
92 77 0
163 94 3
2
129 103 23
130 134 24
1
168 115 13
3
98 93 5
127 110 13
138 105 15
3
147 118 6
164 127 10
174 126 17
2
154 121 14
145 106 19
1
144 139 10
2
118 89 6
64 61 20
1
149 114 13
1
115 101 9
0
2
127 105 15
133 110 18
1
185 152 11
0
1
144 127 3
2
169 137 9
145 116 16
0
1
96 83 14
1
168 166 11
0
2
100 72 12
152 96 16
2
175 110 6
163 127 17
0
1
72 58 15
1
188 152 19
1
172 135 11
1
165 108 12
1
127 101 24
1
125 116 0
3
155 137 11
158 124 16
180 175 19
1
147 134 22
0
0
1
167 135 5
2
176 171 17
124 84 24
1
140 134 13
0
1
140 114 13
0
0
2
159 141 6
137 111 18
3
182 139 6
146 102 9
144 114 24
3
216 154 15
158 118 16
147 133 17
2
111 79 4
149 122 20
1
177 157 4
3
224 177 0
167 157 4
118 88 11
0
1
134 105 12
0
1
167 115 2
2
153 111 6
151 122 22
0
0
2
132 112 12
138 98 19
2
135 116 4
139 127 23
1
140 131 8
0
1
144 108 23
0
0
1
138 102 3
1
174 139 13
0
2
120 92 5
175 158 23
0
0
2
125 118 4
116 76 20
1
128 108 5
1
167 151 5
3
213 148 0
165 155 17
114 97 23
0
2
139 114 5
107 82 20
1
159 111 13
3
134 127 4
151 116 7
172 124 16
2
141 103 5
127 116 16
1
144 102 23
1
118 81 6
0
1
131 108 3
1
181 123 6
0
2
163 150 12
145 130 23
1
123 77 23
1
135 109 12
2
159 140 6
153 138 23
2
156 125 0
162 119 8
0
0
1
224 155 0
1
141 107 22
2
178 121 19
118 84 20
1
190 158 13
0
1
157 129 6
0
1
101 83 0
0
2
219 168 5
174 141 23
1
124 90 18
1
153 125 11
4
92 87 11
116 96 16
138 133 17
164 150 23
1
240 202 13
1
146 119 0
3
199 165 0
133 102 5
161 115 18
0
0
0
3
196 151 1
146 121 3
170 167 5
1
158 135 3
1
212 151 9
1
181 180 19
0
2
167 120 3
151 117 4
