1 2 2 7 5 3 4 4 3 2 6 2 1 6 4 5 3 6 6 1 2 8 6 6 1
1
8 4 7
1
8 6 13
0
1
7 6 17
0
1
8 6 1
2
6 6 21
9 7 22
1
7 5 5
1
9 7 21
0
1
6 4 21
1
7 6 7
0
1
9 8 22
0
2
9 7 14
9 7 15
1
9 6 15
1
12 8 23
0
1
11 9 23
0
3
9 7 5
11 7 14
12 9 15
1
12 8 15
2
10 7 18
11 10 23
0
1
10 9 13
1
12 9 15
1
13 10 22
1
12 9 3
2
10 8 4
10 8 6
0
3
12 8 3
15 12 6
13 13 18
1
14 10 23
0
1
10 8 18
1
15 13 5
0
0
1
14 11 23
1
14 11 3
0
2
11 9 5
17 13 23
0
0
0
1
17 16 15
1
11 10 12
1
13 8 14
1
11 11 16
1
18 13 6
0
2
16 11 6
13 11 21
1
19 14 1
3
14 12 7
11 11 17
15 12 23
0
0
0
1
14 10 23
0
0
0
1
18 15 14
1
17 9 10
1
15 11 17
0
1
11 7 12
3
20 16 12
19 19 23
18 15 24
2
16 12 3
14 12 23
0
1
18 12 19
2
17 12 17
12 10 22
1
17 12 10
1
22 17 21
2
17 12 16
19 15 19
1
20 16 21
0
0
1
16 13 18
3
19 14 10
13 12 18
27 28 21
0
0
1
16 11 21
1
12 9 10
0
0
1
20 14 17
3
16 13 7
21 16 8
25 19 16
1
20 16 21
1
21 13 16
1
20 14 2
2
22 20 7
19 15 15
1
18 17 18
1
21 18 7
0
1
18 13 23
0
1
24 19 18
0
0
0
0
0
1
20 13 15
1
18 13 8
0
0
1
8 6 12
1
20 18 23
1
29 26 21
1
27 20 17
0
1
26 21 14
1
26 18 15
2
21 16 17
21 18 21
0
1
20 18 17
0
1
21 17 4
2
24 17 5
25 21 6
0
0
1
30 22 18
0
0
2
31 25 16
29 24 18
3
31 25 6
30 22 17
23 20 23
0
0
2
37 34 17
19 16 20
0
4
28 22 15
16 12 17
28 18 21
21 18 22
1
31 22 18
3
30 22 5
24 21 11
26 15 21
3
30 24 14
20 15 21
25 16 23
1
17 12 23
0
3
25 17 3
31 24 21
18 16 22
0
0
1
34 31 1
1
24 21 22
1
36 27 21
1
31 23 5
3
29 29 8
30 25 15
33 21 16
3
28 24 4
31 26 9
30 26 18
2
20 17 18
47 42 20
0
2
21 14 3
30 22 9
2
25 20 6
40 36 15
2
31 20 15
35 28 16
0
2
25 22 3
33 26 15
0
0
0
1
31 24 17
1
44 34 17
2
26 22 13
32 25 21
1
25 12 5
0
0
0
1
34 33 5
1
28 21 0
1
26 22 8
3
37 29 3
35 29 15
32 24 24
1
24 24 23
1
38 28 17
2
33 32 10
46 33 22
1
31 29 13
1
31 24 9
0
2
35 32 3
30 23 19
1
39 33 23
0
1
44 26 3
1
33 35 21
0
1
33 32 17
0
1
37 31 13
2
28 23 7
45 33 10
3
31 25 13
40 34 17
29 25 22
2
26 22 16
29 23 18
1
48 42 3
1
36 29 7
0
0
1
26 27 15
1
21 17 3
1
42 38 4
2
43 35 21
25 19 23
1
40 33 10
2
31 22 13
28 25 16
0
1
49 38 4
0
1
38 20 22
1
16 14 23
0
1
43 34 21
3
37 30 7
42 37 16
43 32 17
0
2
45 37 3
41 34 5
0
0
3
37 32 3
41 31 7
38 28 17
0
0
1
37 27 4
0
3
44 35 9
41 41 12
35 32 15
2
39 30 4
45 25 18
2
24 18 3
46 35 22
0
2
25 20 13
53 42 15
1
35 22 21
2
55 44 6
41 41 8
1
43 32 22
0
0
1
43 38 23
1
35 26 15
1
32 17 20
1
47 41 7
1
39 30 6
0
0
1
42 24 3
1
21 14 4
0
0
1
42 28 19
2
34 30 6
40 31 21
2
58 42 7
41 34 20
1
32 22 10
2
49 47 3
39 29 7
0
1
28 26 22
1
41 29 18
2
32 28 15
50 45 19
1
50 32 5
0
2
28 22 11
41 41 21
2
46 40 1
33 24 2
2
42 38 7
52 41 10
0
1
32 24 4
0
1
34 29 7
0
1
56 43 6
2
41 34 15
48 46 22
0
0
0
1
45 21 15
1
48 35 17
1
46 33 10
2
40 32 12
47 33 23
0
1
49 45 17
1
59 50 3
0
1
59 42 22
2
44 34 6
50 39 14
1
49 36 23
0
0
0
0
1
35 26 23
1
34 26 17
1
38 31 22
0
1
46 37 3
1
41 25 3
1
48 28 3
0
1
53 35 15
1
65 51 13
1
42 41 21
0
0
0
5
65 66 10
47 38 13
43 36 14
54 35 16
37 28 21
0
0
1
56 45 10
1
42 26 15
0
1
44 42 10
0
0
0
0
2
39 39 16
55 49 18
2
47 36 10
63 55 24
0
1
38 30 24
2
61 47 13
59 45 22
0
1
48 41 15
0
2
43 40 3
50 41 6
3
33 19 3
45 40 4
49 34 14
0
1
36 24 12
1
56 42 17
0
2
65 49 6
66 41 11
1
49 31 13
1
50 36 21
2
58 49 21
63 50 23
0
0
1
65 53 11
1
51 41 3
1
60 52 23
3
51 42 1
55 46 20
22 16 22
3
45 44 1
41 32 3
68 56 22
2
54 48 3
42 35 14
1
50 35 3
0
0
0
0
0
1
48 36 8
2
56 47 4
68 66 9
0
1
88 58 19
1
39 30 10
0
1
57 42 18
1
53 51 6
0
0
2
35 22 8
84 75 24
2
31 28 3
58 40 10
0
0
1
61 58 15
1
69 61 10
0
1
64 49 7
3
64 57 14
46 43 22
85 68 24
3
72 66 1
67 43 6
38 30 18
0
0
2
50 34 10
49 31 13
3
70 50 7
40 31 18
58 46 20
1
41 42 6
1
67 44 15
1
58 42 4
3
63 47 11
78 65 12
68 52 17
1
56 42 10
1
77 72 22
0
0
4
81 64 3
61 54 6
62 53 11
43 32 22
0
2
55 41 13
72 60 21
0
1
37 31 3
1
52 46 7
0
1
59 44 13
1
53 42 3
2
81 60 8
47 40 21
0
0
1
47 25 16
0
2
69 55 6
63 49 17
0
1
62 56 15
0
0
1
47 41 4
0
0
1
63 45 10
3
99 90 3
75 60 7
56 54 10
2
73 49 14
65 57 21
1
63 58 15
1
66 51 17
1
50 42 1
0
3
78 69 1
63 47 18
81 69 22
2
62 60 17
62 43 22
1
63 46 2
1
59 45 10
0
1
79 63 10
2
63 41 3
40 34 13
1
69 62 22
1
66 52 13
0
0
3
55 50 4
70 65 5
77 67 15
1
52 37 6
0
2
66 60 10
63 49 22
3
65 55 8
56 52 16
50 46 21
2
75 58 8
62 54 21
2
90 65 14
72 58 18
0
4
54 38 3
43 26 4
57 51 9
90 78 16
2
79 53 2
75 58 13
1
52 31 2
0
1
47 33 7
1
72 63 23
1
89 86 3
1
53 42 15
0
0
1
63 55 3
1
63 57 17
2
75 58 11
70 74 18
0
1
94 73 17
0
1
70 50 6
0
2
74 50 10
71 46 18
1
73 57 21
1
89 72 21
2
91 61 5
94 67 21
1
72 70 21
0
1
80 57 21
1
72 55 21
1
91 72 4
3
59 42 2
87 69 18
87 64 20
0
0
1
69 54 13
1
57 38 4
1
66 53 22
1
58 39 10
0
0
3
78 55 1
70 51 3
63 51 18
0
0
3
69 53 8
94 58 10
57 48 14
1
61 43 14
1
66 45 22
3
64 58 17
61 57 21
40 37 23
2
77 41 1
59 46 7
0
0
2
66 55 6
113 96 13
1
51 38 7
2
49 35 3
73 61 15
0
2
69 56 3
56 59 10
3
73 60 4
81 67 20
57 48 21
1
95 73 22
1
56 44 19
1
91 66 13
1
67 54 4
2
84 67 10
80 71 23
1
55 50 22
0
2
94 80 15
42 31 18
0
2
78 52 4
76 64 15
0
1
109 80 23
2
79 68 9
104 110 22
2
71 59 10
55 48 14
1
95 65 18
0
1
86 72 3
0
2
71 57 17
101 64 23
0
1
87 60 7
0
2
65 40 7
73 52 21
2
88 78 20
86 70 23
0
1
101 83 13
1
103 88 21
2
77 59 9
69 45 15
0
2
116 94 7
88 72 18
0
0
0
2
71 61 8
62 56 15
1
102 83 23
0
2
69 47 9
69 53 23
0
1
93 84 21
1
92 91 6
1
77 69 10
0
3
75 66 6
99 69 7
82 78 8
0
1
84 73 19
1
88 89 5
1
106 95 18
0
1
66 45 4
3
103 73 1
67 53 2
91 71 4
0
0
0
1
66 60 16
1
96 68 13
1
81 49 18
2
61 44 18
89 85 21
0
2
89 77 7
91 72 18
3
105 68 3
61 49 6
85 70 23
1
67 55 18
3
92 75 4
83 71 8
72 54 15
1
91 61 9
2
107 97 17
83 55 18
1
81 61 16
2
79 55 9
91 74 20
1
44 30 14
0
2
112 85 7
70 50 22
0
2
83 70 13
72 66 21
0
0
2
98 65 3
81 49 23
1
63 54 3
0
1
105 93 6
1
80 67 4
0
3
95 63 3
86 75 8
92 94 21
0
2
73 60 7
74 63 23
1
81 72 13
1
82 56 19
0
1
79 74 7
2
85 68 4
112 84 10
4
92 94 1
108 97 10
113 95 13
95 61 21
3
101 99 3
88 88 18
73 59 21
0
1
89 75 5
1
102 107 10
3
86 62 10
94 84 15
83 70 21
1
90 74 16
1
93 73 18
0
1
106 78 22
1
75 48 15
1
104 74 13
0
1
104 89 14
1
108 93 14
2
86 71 7
68 48 10
3
78 44 0
93 71 18
95 83 23
1
64 55 21
0
0
0
0
1
116 98 4
1
59 51 4
0
1
72 57 16
0
2
96 85 4
89 80 5
0
0
1
140 133 18
0
0
0
1
132 112 3
2
85 60 5
127 111 10
0
2
83 68 5
73 58 16
1
81 76 22
3
104 74 8
104 83 17
102 71 18
0
3
81 76 3
88 60 9
45 32 17
0
0
1
96 70 2
0
2
74 70 13
53 53 22
2
102 80 3
115 89 8
1
127 120 4
0
3
87 72 3
116 109 15
79 60 16
4
100 62 7
94 80 8
97 89 15
131 93 18
0
0
0
1
110 102 16
0
2
95 87 13
88 70 23
1
102 87 22
1
82 67 21
2
92 79 3
83 68 8
0
1
117 83 21
0
3
70 45 7
85 87 15
132 106 16
0
0
2
113 92 3
91 62 21
0
2
117 96 3
108 88 14
1
114 99 16
1
131 110 20
4
82 63 5
58 36 10
105 71 13
107 95 21
1
130 85 13
1
102 72 15
0
0
0
1
115 87 11
0
2
103 91 8
110 80 11
1
91 72 21
1
79 66 21
1
99 88 23
2
98 73 5
77 57 17
0
3
103 72 7
90 68 13
85 71 18
0
0
0
0
2
96 69 5
99 74 21
1
83 76 15
2
93 76 2
104 85 22
1
118 84 11
2
99 107 15
95 72 21
0
0
0
1
93 77 17
1
111 87 18
2
130 97 15
150 130 17
2
119 84 4
96 76 8
1
91 83 17
2
113 103 3
151 137 17
1
124 99 13
1
128 88 7
0
1
120 108 6
3
127 110 3
157 117 11
77 55 21
0
2
148 139 3
89 64 7
2
116 92 1
78 58 6
2
118 100 13
154 139 14
1
115 80 15
1
101 81 14
0
1
84 61 15
0
1
139 110 22
1
142 120 24
1
116 89 3
0
2
109 89 8
117 87 13
4
65 56 3
88 56 11
155 102 15
90 82 18
0
2
143 102 8
120 97 21
1
84 70 3
0
0
3
93 60 3
100 74 17
87 92 22
0
1
100 80 17
0
1
119 106 15
2
133 107 22
97 86 23
1
111 86 23
0
0
1
71 56 17
0
1
119 110 7
2
165 143 13
127 98 18
0
2
130 93 7
144 124 11
0
1
105 80 21
0
1
90 72 18
0
1
139 107 7
0
2
119 102 6
120 65 18
3
103 85 0
149 107 14
119 92 15
0
1
130 103 9
3
81 59 8
148 115 10
135 102 22
0
2
99 86 10
84 85 17
1
115 99 9
1
137 113 21
1
96 62 13
1
108 92 14
1
148 133 23
0
0
1
155 123 23
2
135 90 10
126 105 16
1
85 60 10
1
144 105 21
3
91 83 17
99 68 18
123 86 23
0
0
2
161 123 2
99 79 16
3
114 86 3
122 100 10
121 103 20
1
117 96 5
2
115 86 8
57 49 14
1
106 79 13
1
107 82 3
3
139 100 2
117 99 15
90 67 22
1
130 87 20
2
111 104 10
155 121 21
1
97 68 1
1
134 109 7
1
115 107 1
2
60 42 17
135 112 23
1
104 87 21
0
1
136 87 4
0
2
127 96 12
102 70 18
1
126 79 20
2
124 109 5
102 69 8
1
133 110 21
0
0
0
0
1
115 106 17
1
81 69 23
2
128 105 3
106 78 17
1
127 91 0
2
101 85 3
135 122 17
1
136 108 14
1
151 99 13
1
157 130 23
4
136 77 6
68 61 9
93 53 17
103 87 21
1
93 82 13
2
139 114 7
119 92 13
0
0
0
0
0
1
140 131 0
0
1
93 92 1
2
131 112 17
104 85 18
0
0
1
121 106 22
3
137 120 14
84 62 18
120 86 22
2
103 60 3
139 102 16
1
130 98 24
1
148 103 18
2
135 135 15
106 69 22
0
2
153 130 9
132 100 10
0
1
130 113 13
2
90 54 15
114 111 16
2
165 162 10
149 97 22
1
164 122 2
1
121 102 17
1
140 111 18
0
2
140 116 22
122 102 23
0
1
71 56 16
1
107 82 2
0
0
0
1
85 77 4
1
120 111 17
1
104 83 21
0
0
1
102 92 13
1
103 76 18
2
121 95 15
123 81 23
0
0
2
125 107 5
92 85 7
1
111 98 6
0
1
159 133 5
0
0
1
121 92 21
3
154 146 10
107 111 13
151 134 17
2
115 108 8
148 107 10
0
3
156 131 5
140 96 16
148 105 20
0
2
97 83 7
148 124 21
2
127 113 7
101 65 11
0
1
121 79 3
0
1
153 128 5
1
131 119 10
1
104 73 6
3
136 129 7
159 106 16
129 120 17
0
2
131 98 3
149 118 4
3
104 69 7
137 105 12
147 131 24
1
158 137 10
0
0
1
109 90 22
0
0
1
136 84 22
0
0
0
0
1
148 128 20
1
133 97 6
1
166 118 17
0
2
195 144 4
126 91 23
0
0
0
0
0
1
101 59 21
2
103 58 4
136 102 23
1
125 110 23
0
1
131 111 21
1
127 131 3
0
0
0
3
91 63 8
90 61 16
103 70 18
1
118 64 3
1
141 127 19
2
115 84 10
115 84 18
1
132 122 1
3
94 99 3
167 133 17
99 64 18
1
112 91 21
0
2
118 90 15
169 136 18
0
0
0
1
88 63 3
0
1
122 100 23
1
127 95 17
1
149 118 21
0
1
164 105 3
0
1
149 92 23
1
101 81 4
1
149 111 16
1
125 110 13
1
96 80 21
1
166 118 21
0
1
122 92 21
0
1
77 44 5
2
78 63 21
138 113 22
1
115 91 15
0
0
0
1
169 158 22
4
148 139 6
162 134 7
186 105 15
158 102 23
1
148 119 17
1
99 62 4
2
198 143 6
117 104 17
0
2
117 94 15
154 147 22
0
1
202 171 15
1
199 183 6
2
134 106 5
136 116 17
1
119 93 17
0
1
157 133 13
0
0
2
172 140 10
124 81 21
1
137 90 3
2
171 142 3
118 77 10
1
112 101 23
1
195 140 7
0
1
118 75 16
1
159 137 3
0
2
156 134 5
190 159 13
0
2
145 111 9
195 142 22
1
126 85 17
0
0
2
145 113 13
106 76 15
0
1
126 98 18
0
3
165 136 3
190 161 16
178 155 20
0
1
117 114 15
1
157 122 14
2
141 116 0
129 109 15
0
0
0
0
0
2
151 111 3
121 90 21
2
167 112 8
114 99 15
0
1
233 189 13
0
2
198 149 4
180 146 14
0
1
154 139 18
0
0
1
158 149 10
0
2
123 83 6
158 110 10
1
156 128 21
1
158 107 22
0
3
145 129 8
179 126 18
160 120 19
1
107 84 20
1
116 84 17
1
170 130 18
3
167 116 13
168 130 16
191 156 17
3
133 96 3
136 90 10
164 119 22
0
1
138 101 21
0
0
1
201 185 6
1
178 154 4
2
182 143 2
117 72 4
1
148 113 14
0
2
145 128 17
143 98 23
0
0
0
2
101 74 1
156 110 10
0
0
1
134 123 1
1
190 177 23
1
104 58 10
0
0
0
0
2
151 109 15
161 149 17
0
1
238 245 10
0
2
148 92 4
187 113 17
0
1
129 115 1
0
1
110 82 17
2
122 96 3
171 145 6
0
0
0
0
1
92 92 5
2
179 147 10
154 126 15
1
123 90 14
0
2
116 79 16
169 136 22
3
164 129 4
106 90 10
118 96 23
1
179 161 21
