2 6 2 5 5 7 3 8 3 2 1 4 8 2 2 1 5 4 3 4 8 5 1 2 2
0
1
6 5 12
0
1
7 5 12
2
9 10 6
7 7 20
2
8 8 16
8 8 17
3
8 6 6
8 5 12
5 5 18
0
1
10 10 0
0
0
2
14 12 9
6 5 17
1
10 6 19
0
0
1
9 8 15
0
0
1
9 9 17
0
0
1
14 10 13
1
10 7 24
1
8 7 20
1
11 8 4
1
10 9 5
1
11 8 21
3
14 11 0
10 8 5
8 6 24
1
10 8 18
0
0
1
9 8 13
0
0
0
1
13 11 9
2
13 10 5
11 9 19
0
1
10 9 3
1
10 10 3
0
1
13 9 2
1
15 13 14
0
2
11 7 5
18 13 7
0
1
11 8 1
1
14 12 1
1
19 10 17
1
11 8 3
2
16 14 1
10 8 12
0
3
12 9 11
16 13 19
18 11 21
0
0
1
12 10 19
0
2
14 10 13
17 12 20
0
1
20 18 10
1
12 11 21
2
18 15 8
17 15 17
0
1
19 18 16
2
16 14 17
20 16 19
0
1
17 12 4
2
13 12 7
14 8 22
3
15 11 13
24 17 20
20 17 21
0
1
17 15 7
0
0
4
21 17 7
16 12 12
19 13 14
25 21 20
3
20 17 4
24 21 15
23 16 24
1
11 10 20
2
18 14 11
15 9 21
1
22 20 12
1
17 13 17
1
25 19 8
0
1
23 22 13
2
25 22 4
15 9 11
0
2
27 18 5
22 18 14
0
1
18 11 0
2
22 20 19
20 15 20
0
0
0
0
0
3
19 13 5
27 23 18
18 14 20
1
14 11 6
1
26 19 18
3
22 17 9
22 22 18
16 13 21
2
23 17 4
18 13 15
1
21 16 16
1
21 14 20
1
26 21 1
1
28 23 11
0
1
20 15 11
0
0
1
23 20 7
1
21 19 3
2
26 18 1
15 11 4
2
19 16 3
34 35 23
4
24 18 8
31 25 9
26 24 12
23 21 20
0
0
0
0
1
30 23 20
0
0
2
31 23 3
28 20 20
1
28 22 17
1
24 16 4
1
31 30 16
1
19 14 16
3
21 15 7
31 26 12
17 11 14
2
26 18 1
28 24 18
1
30 26 16
1
27 24 18
0
0
0
0
1
28 25 17
1
22 16 1
1
28 24 1
2
14 11 12
34 23 15
0
1
31 26 20
2
34 32 3
39 27 20
1
26 21 1
2
21 18 1
27 25 20
2
29 22 4
37 25 16
0
0
1
26 22 8
0
1
21 19 7
0
1
26 24 7
0
0
0
1
25 23 4
1
29 24 23
0
0
0
0
2
29 24 3
35 30 17
0
1
33 20 24
1
29 18 1
0
0
0
0
1
35 30 19
0
1
39 31 9
0
1
24 17 17
0
0
1
22 20 21
5
44 35 3
31 25 6
29 23 13
31 22 14
28 20 21
2
27 25 1
41 29 21
1
47 35 20
1
30 24 3
2
30 24 4
43 40 12
2
32 25 6
39 37 12
1
30 24 4
2
33 25 3
31 26 20
3
22 19 5
42 40 7
34 26 21
0
2
37 32 3
42 38 4
3
35 31 3
41 34 4
33 28 5
0
2
28 20 12
30 24 18
0
1
30 22 16
1
40 27 11
0
2
40 35 2
49 48 24
1
36 26 11
2
33 26 3
35 28 14
1
31 23 20
1
37 23 17
0
1
48 38 3
0
0
0
0
0
1
30 28 7
0
0
1
39 31 23
0
3
43 24 3
41 42 17
32 25 20
1
32 29 13
0
3
47 32 9
28 18 10
40 31 12
0
1
27 21 3
0
1
49 38 1
2
42 40 0
44 42 11
1
41 32 7
3
25 19 4
36 31 7
52 45 11
1
26 22 5
1
33 26 23
1
43 36 5
0
1
33 27 20
0
2
41 29 3
40 28 14
0
2
50 38 18
39 35 21
1
49 31 7
1
38 32 11
0
1
50 39 0
0
1
29 24 12
3
53 40 1
31 28 6
42 35 7
0
0
1
43 35 7
0
0
1
57 47 1
1
35 25 5
0
2
40 37 1
36 28 12
2
49 37 17
35 24 20
1
34 26 0
1
46 39 20
1
55 41 0
0
2
45 37 8
50 51 21
0
1
35 28 5
4
55 40 4
56 49 5
37 33 6
57 47 19
1
45 32 20
1
44 32 4
1
48 30 1
2
44 31 13
55 28 16
1
41 28 5
0
0
0
4
52 34 2
42 32 5
46 37 11
33 28 18
0
0
2
36 30 5
34 26 10
0
0
1
39 27 19
1
35 25 4
1
36 28 5
1
49 36 16
4
47 33 1
50 35 7
57 37 11
56 49 14
0
2
37 28 4
51 47 21
1
51 30 23
1
44 32 6
2
56 38 1
61 53 7
0
4
52 49 3
44 39 6
54 47 17
52 37 24
1
57 54 11
1
37 30 20
1
66 57 22
2
56 33 3
40 35 12
3
51 47 5
76 55 19
50 40 20
0
0
1
41 30 3
0
0
1
49 37 0
2
71 48 12
46 40 18
0
0
2
55 41 5
60 58 12
0
0
2
47 31 1
48 42 4
1
37 25 1
1
56 40 7
0
1
50 38 1
1
59 40 11
1
52 43 11
1
56 47 9
3
59 52 3
70 53 7
47 40 17
0
1
62 43 6
1
70 70 20
2
63 56 7
68 64 22
1
56 48 10
0
1
57 37 0
1
52 45 0
1
59 41 18
0
1
39 35 19
0
1
61 63 20
1
44 36 7
1
41 35 14
1
49 36 7
0
2
65 37 2
43 30 23
1
70 60 16
1
47 38 20
0
1
35 23 16
1
70 60 5
0
0
3
62 58 1
61 61 12
49 37 18
1
60 48 3
1
80 59 15
1
72 64 16
2
59 44 3
31 26 16
2
57 47 16
67 50 24
0
0
2
62 46 7
35 31 13
1
54 40 7
2
54 50 1
40 39 4
1
81 62 12
1
64 51 13
1
63 57 11
2
70 53 11
63 50 16
0
0
0
1
65 48 21
3
69 42 5
43 46 6
53 45 19
0
1
43 36 4
1
56 39 6
1
63 53 21
1
76 64 3
1
69 45 1
1
56 46 21
0
2
75 68 2
58 38 11
0
1
31 19 18
1
65 46 3
4
50 39 7
43 38 12
87 72 20
57 41 21
0
2
63 40 7
64 59 8
1
63 45 18
2
79 68 5
63 74 12
1
52 43 5
2
47 36 11
53 50 21
1
78 49 23
0
1
72 66 19
1
83 68 7
0
0
0
1
66 53 20
0
0
0
2
78 70 5
76 52 23
1
76 66 15
0
0
1
90 73 22
0
2
70 67 11
67 60 16
0
1
60 47 5
3
82 63 1
53 51 7
62 56 14
1
85 51 8
0
2
49 31 3
79 51 5
1
81 52 16
0
4
49 30 1
60 56 7
67 50 8
68 62 19
0
1
64 42 2
0
0
1
51 35 6
0
0
0
3
55 41 3
62 55 17
90 63 20
0
0
0
1
76 50 19
0
0
0
0
1
54 47 20
1
76 53 20
0
2
38 26 4
65 40 20
4
79 61 0
90 73 1
46 38 2
98 102 17
1
85 80 20
1
75 81 21
0
0
0
1
81 56 19
0
1
43 40 13
1
76 65 17
1
57 57 16
0
2
60 56 11
41 30 20
1
81 60 7
1
72 59 20
0
1
78 57 1
1
63 38 6
0
0
2
85 53 1
61 51 7
1
45 35 11
2
100 64 8
80 64 16
2
88 74 3
71 57 12
0
3
76 55 12
93 76 14
73 68 23
1
66 56 10
3
77 57 4
83 68 7
60 43 21
2
68 59 17
52 49 19
1
80 64 21
0
0
0
1
65 56 10
1
98 75 10
0
0
2
69 60 5
96 75 12
3
66 63 3
95 88 7
85 61 11
0
0
0
0
0
1
80 77 6
1
119 95 7
0
3
78 54 2
90 71 5
76 67 17
1
81 64 7
1
87 69 11
0
1
114 78 7
1
69 58 20
0
2
63 40 3
84 62 12
1
90 83 4
0
5
82 62 3
69 71 5
81 64 12
93 79 13
63 45 19
1
78 68 16
0
0
0
1
71 61 2
1
67 66 12
1
58 51 19
1
78 72 1
0
1
73 59 5
0
1
71 53 12
1
91 67 1
0
1
79 61 2
1
86 69 4
0
0
1
81 66 21
2
70 57 6
90 76 7
2
75 81 1
83 71 7
0
1
83 77 12
1
95 75 19
0
1
87 77 18
1
75 56 5
1
55 43 5
1
63 56 20
0
1
96 96 21
0
0
1
114 84 12
1
88 64 19
1
77 51 12
2
102 73 12
76 71 16
2
64 58 12
105 84 13
1
74 61 13
0
3
78 54 4
92 87 11
74 64 21
0
0
0
0
0
2
124 91 1
99 87 7
0
0
1
85 71 11
2
65 52 7
100 88 13
0
3
97 75 2
79 56 9
94 67 21
0
0
1
91 60 3
1
85 75 3
0
0
0
1
98 88 4
0
0
0
2
112 90 7
70 64 21
1
102 81 4
3
114 88 2
93 83 7
99 74 11
0
0
2
86 67 16
98 74 21
0
1
86 56 17
0
1
102 88 14
1
33 30 20
2
85 62 4
64 58 20
2
113 98 4
92 74 23
0
0
2
73 56 1
105 86 7
1
109 103 20
0
1
77 60 21
0
2
58 48 21
133 106 24
1
97 97 17
1
85 67 23
0
1
104 89 20
2
69 53 6
98 67 7
1
102 71 24
1
115 77 11
1
82 59 12
0
1
113 79 21
0
0
2
86 69 5
94 76 11
1
125 116 0
1
114 85 16
2
81 62 10
91 82 18
1
80 75 20
3
57 42 3
80 66 5
109 92 20
2
75 56 7
85 71 23
0
0
1
67 46 21
0
0
1
91 66 7
0
1
96 77 4
2
53 36 3
119 80 23
0
2
91 75 7
61 44 12
2
75 52 7
107 96 21
1
136 100 12
1
72 49 19
2
102 76 1
77 48 5
0
1
118 78 12
2
102 99 2
133 91 24
0
0
1
115 100 10
1
75 63 3
2
121 76 7
94 76 16
1
100 78 1
1
128 90 12
2
104 99 7
80 74 13
0
2
74 50 5
106 80 24
1
121 70 17
0
2
80 63 5
103 77 17
3
69 62 1
78 48 12
78 72 23
3
88 77 1
122 95 12
105 78 13
0
1
89 60 24
4
94 70 6
116 91 16
93 72 20
95 82 21
3
131 118 7
67 57 20
74 55 21
1
118 92 21
1
116 88 7
0
1
109 87 3
2
95 77 7
91 75 20
0
1
107 93 20
1
90 57 4
0
0
1
77 63 5
1
116 91 24
0
1
91 73 12
1
101 79 13
0
1
102 82 13
1
49 34 8
0
3
138 118 9
117 84 20
106 79 22
0
3
100 97 1
104 73 3
87 87 7
0
1
143 102 2
1
81 66 23
1
139 109 21
0
1
93 68 21
1
103 83 18
2
105 93 19
85 73 20
0
1
100 76 14
0
0
1
81 63 3
1
142 93 16
3
112 104 3
100 82 7
83 56 22
2
91 65 1
95 85 23
1
131 104 8
2
109 79 0
85 71 13
0
2
76 63 1
97 81 20
0
0
2
120 117 8
150 117 13
1
115 99 20
0
3
123 76 3
70 66 5
85 72 8
2
103 111 12
89 73 20
1
60 41 1
0
0
0
1
107 73 20
0
1
108 85 20
1
148 104 1
3
125 108 3
56 38 7
122 97 21
2
71 63 2
110 80 7
0
2
72 56 7
109 87 13
1
108 87 1
1
132 96 21
2
83 58 0
104 98 21
1
154 131 1
0
0
1
110 86 20
4
111 75 6
109 94 8
111 79 17
128 131 24
2
100 70 15
110 92 17
0
2
108 86 1
146 119 18
3
108 89 7
117 117 8
108 85 20
0
1
77 64 20
0
2
100 84 3
114 98 5
1
106 82 17
0
0
0
2
95 76 2
187 120 24
2
145 107 14
100 66 22
0
1
167 146 7
0
0
0
3
64 54 5
119 99 13
126 80 19
1
133 117 8
1
97 96 6
1
76 69 17
1
128 88 12
1
109 74 3
2
99 68 16
100 91 21
1
137 107 21
1
120 103 18
1
72 70 14
3
111 81 2
89 78 7
107 112 23
3
125 109 4
86 74 12
151 97 17
3
123 92 1
115 96 8
142 103 16
0
0
1
140 115 21
1
119 89 5
1
90 72 3
0
0
2
155 118 20
148 120 21
1
115 108 3
0
1
149 106 4
0
0
1
90 69 9
0
1
123 87 22
1
120 89 5
0
0
1
148 137 18
1
81 46 1
1
118 107 12
1
107 91 4
1
140 121 23
1
90 77 5
3
144 130 3
100 82 5
106 92 18
0
0
0
2
142 85 4
136 85 16
0
0
1
130 127 21
1
109 79 14
1
116 80 3
0
1
163 127 12
0
2
130 109 3
100 80 20
0
1
118 104 0
1
131 124 21
2
121 102 8
123 88 12
1
123 82 15
0
1
114 75 12
0
0
2
72 55 1
157 139 9
1
116 107 1
0
2
143 96 7
122 75 23
3
147 120 1
94 76 2
124 93 4
1
105 98 6
0
1
94 67 7
2
145 126 17
96 95 20
1
144 114 8
2
143 98 5
126 120 6
1
119 98 7
0
1
143 109 7
2
113 96 8
159 135 11
0
2
116 102 4
143 107 7
2
101 78 12
174 104 19
4
86 60 1
130 94 3
91 72 5
73 53 8
2
97 70 2
117 80 7
1
101 69 9
1
179 124 12
1
110 83 3
1
122 103 20
2
150 111 17
113 87 20
2
119 90 7
102 86 19
0
0
1
157 129 12
0
1
172 157 19
0
0
1
103 76 12
0
4
178 163 0
125 105 3
158 119 12
141 87 24
0
2
156 111 5
146 97 23
0
2
147 121 7
109 111 12
1
107 97 7
2
85 65 3
159 112 21
0
1
153 114 11
0
2
157 134 4
108 79 22
0
0
1
101 97 20
0
3
147 129 1
139 122 2
144 117 17
1
137 111 21
0
1
138 124 9
0
0
0
2
90 82 1
176 162 19
2
142 115 6
126 91 11
0
1
152 103 0
1
121 104 17
0
0
1
109 118 1
1
103 80 19
0
1
121 111 7
2
151 145 3
98 70 8
2
154 123 12
138 116 21
2
115 93 1
176 163 20
0
2
105 95 5
138 114 7
2
119 94 5
114 98 19
0
0
2
133 118 4
160 117 12
0
1
122 80 13
2
139 115 4
100 73 6
1
158 122 20
0
0
1
175 108 23
1
106 84 1
0
1
149 135 5
1
192 147 20
1
125 108 13
1
102 95 1
3
123 91 4
122 121 15
149 149 20
0
2
157 132 5
153 140 16
1
177 161 18
2
78 70 7
139 130 11
0
1
135 100 4
3
155 143 5
109 71 8
161 139 20
0
2
100 81 8
104 92 16
2
118 85 5
144 108 12
3
142 121 4
188 186 7
193 143 14
2
162 140 7
152 131 12
0
2
143 112 8
81 68 20
2
144 111 1
162 118 3
0
0
0
1
128 119 7
1
169 117 4
2
132 114 5
158 134 12
0
0
2
96 83 4
145 138 12
1
198 168 7
0
0
1
115 76 16
0
0
1
118 80 11
2
116 88 5
142 102 18
0
0
0
0
1
122 107 13
1
125 85 2
3
171 130 3
98 68 7
106 89 11
1
112 112 7
2
122 94 8
106 86 16
1
105 62 5
2
126 113 7
208 125 12
2
173 161 9
150 137 12
1
123 97 17
1
104 98 5
1
105 74 7
1
162 142 4
1
124 122 20
1
149 110 8
1
118 68 19
4
143 125 6
149 145 7
177 150 16
126 96 19
1
148 122 8
0
0
0
0
0
0
2
137 106 3
81 61 17
2
165 122 14
133 120 19
1
169 118 7
0
0
0
1
92 79 20
1
147 119 1
2
143 120 1
195 151 12
0
1
131 121 6
2
169 137 3
99 88 5
2
144 121 20
118 106 22
1
129 109 7
1
128 88 11
1
173 151 5
0
3
133 115 6
191 162 16
172 157 20
1
145 99 16
0
1
161 112 16
0
1
198 182 2
0
0
1
110 74 1
1
134 114 19
0
2
117 87 11
205 181 12
0
0
1
202 147 3
0
2
167 156 2
118 79 8
0
0
1
149 111 1
0
2
176 119 2
133 81 7
0
2
143 103 19
170 130 20
1
167 128 23
2
125 101 1
177 136 11
0
1
218 181 1
0
0
2
172 135 5
195 131 16
1
123 115 17
1
171 159 20
2
103 80 17
147 127 20
1
126 117 7
2
175 140 11
148 122 13
0
1
150 116 12
3
132 116 1
177 141 4
169 152 20
1
173 150 20
2
175 94 3
208 125 9
0
2
145 129 7
190 138 23
0
0
2
141 111 5
159 109 19
0
1
128 112 18
1
184 147 8
0
0
1
137 117 20
0
0
2
151 149 1
126 99 16
1
166 118 23
1
155 103 13
2
97 86 5
137 95 14
1
161 143 1
0
0
1
126 99 12
1
179 135 6
0
0
1
140 119 18
2
158 118 17
149 120 19
0
