7 2 8 4 6 4 1 1 1 1 4 1 2 3 7 6 6 8 6 5 3 7 4 4 6
0
0
1
10 9 15
0
1
8 7 21
0
2
8 7 8
9 9 24
0
2
9 9 7
9 7 18
1
9 8 18
3
6 5 3
6 5 15
9 8 18
1
11 9 21
3
10 8 1
8 6 10
8 6 20
1
10 9 17
0
1
13 10 19
1
8 5 21
1
11 8 10
2
5 4 2
10 7 10
1
10 8 0
1
10 8 5
0
2
8 7 4
13 9 21
0
2
9 8 21
13 11 24
0
0
2
11 9 14
10 10 17
0
1
9 6 18
1
12 9 10
1
10 7 14
0
1
10 7 24
1
8 7 13
3
10 6 2
10 9 4
16 13 21
0
1
15 12 14
2
10 7 16
13 13 22
1
18 15 17
0
1
17 13 3
0
0
0
0
2
15 12 2
12 9 14
0
2
10 8 15
16 13 20
0
0
2
13 9 2
15 14 19
1
14 10 18
0
0
0
2
16 10 16
16 13 24
0
1
16 15 14
1
12 9 0
1
20 14 14
3
23 18 2
12 8 5
19 17 20
0
0
0
1
9 6 4
1
18 18 19
1
19 13 19
2
15 13 17
17 14 21
2
20 14 10
20 21 18
2
16 15 13
25 20 14
2
18 16 5
20 15 20
2
20 14 12
22 16 21
1
16 15 4
0
1
25 19 24
1
19 15 21
2
11 8 3
17 14 23
0
0
3
14 9 2
20 17 15
24 21 18
1
22 16 20
2
20 16 6
23 19 12
3
14 10 5
15 9 13
15 11 18
0
1
24 19 17
2
22 16 0
20 16 18
0
0
1
21 18 20
1
22 20 24
1
23 21 3
1
19 18 1
0
0
1
20 17 15
1
27 17 21
1
22 15 4
2
25 18 4
21 21 24
2
21 15 20
24 21 22
0
1
25 17 14
1
31 30 16
0
0
2
24 18 15
28 17 24
1
24 24 16
0
1
28 22 4
0
2
22 13 14
27 21 21
1
23 18 2
1
19 16 0
2
16 12 2
22 20 7
1
27 26 3
0
0
0
1
21 18 22
1
21 15 5
1
26 17 13
1
22 18 10
0
1
20 16 24
1
31 29 0
2
30 21 20
34 22 21
1
16 14 0
0
2
36 30 9
26 21 19
1
22 19 21
2
14 12 5
26 19 22
2
29 23 4
29 21 17
1
34 23 19
1
30 22 8
0
1
39 33 19
4
29 27 0
26 20 4
30 25 13
29 22 15
2
24 18 9
28 25 17
1
34 23 20
3
23 15 0
32 22 5
23 19 15
2
34 22 12
28 25 16
1
24 23 24
0
0
1
29 22 0
0
2
26 22 5
21 16 24
1
31 22 2
2
22 17 2
37 25 17
1
26 22 4
1
36 25 4
3
42 31 3
28 20 21
30 26 24
1
41 29 5
3
27 23 6
27 21 11
34 22 21
1
43 35 0
2
35 28 8
32 25 17
1
29 20 22
1
19 16 0
0
1
31 20 24
1
34 30 17
4
33 25 9
31 21 13
29 22 17
29 24 19
0
0
0
0
0
1
37 35 14
0
0
2
38 29 10
34 26 24
0
1
32 25 22
1
42 30 11
0
1
35 19 15
1
43 35 10
1
28 19 22
1
19 15 19
2
31 22 2
26 24 4
0
1
35 26 13
1
36 21 14
0
1
39 29 3
0
0
1
31 26 20
0
0
0
2
46 44 15
32 30 22
1
43 37 22
0
2
39 28 3
35 28 22
2
29 24 14
48 29 16
1
30 26 4
0
0
4
34 29 6
40 30 14
48 30 15
32 26 21
2
25 15 5
41 39 17
1
27 17 21
0
1
28 22 24
0
1
38 29 16
0
0
1
46 43 19
0
1
36 28 24
1
52 49 12
1
52 40 0
3
47 31 1
38 27 5
41 38 24
1
44 31 1
1
38 30 23
2
33 23 13
46 40 17
0
0
0
1
39 30 15
0
1
37 25 24
1
50 40 1
0
2
45 41 3
37 33 19
1
40 31 4
0
0
2
51 44 21
60 53 22
0
0
0
1
52 45 14
2
57 55 4
53 47 14
0
0
2
43 36 19
29 21 24
2
37 30 4
41 36 13
2
39 36 4
31 19 14
1
46 35 16
0
2
25 17 9
29 26 14
0
5
44 39 16
51 36 18
47 34 20
38 27 22
36 26 24
1
60 46 23
1
59 45 21
1
36 28 1
2
50 40 5
57 49 19
1
42 27 5
1
52 41 16
1
45 39 2
2
38 29 1
51 45 23
2
42 32 15
49 33 22
4
38 36 2
47 34 4
59 42 19
35 31 23
2
45 31 4
45 37 14
0
3
34 30 0
26 24 17
48 40 22
2
53 51 15
41 32 22
4
55 46 5
38 33 13
50 45 14
37 32 24
0
1
40 34 18
1
47 40 17
0
1
51 34 18
2
32 28 15
55 56 17
1
64 41 4
1
44 34 19
0
3
39 25 18
39 34 22
35 29 23
1
50 47 2
1
42 43 1
0
2
52 29 14
42 29 17
1
43 31 16
1
49 43 23
2
55 43 13
44 42 15
1
53 37 5
2
56 47 12
48 32 17
1
48 36 14
0
2
45 36 0
67 48 15
0
0
4
55 40 2
59 57 10
65 39 17
50 40 18
1
52 42 17
1
59 48 21
3
55 46 16
52 39 18
51 42 19
1
47 48 14
1
39 32 14
0
2
46 34 15
59 38 17
1
34 29 19
2
51 37 2
52 47 10
2
46 30 4
53 46 13
2
69 66 2
63 41 5
1
50 42 5
2
55 45 10
58 51 24
3
56 47 3
61 48 4
56 52 21
2
44 33 17
63 47 21
2
78 55 0
59 54 24
2
50 45 2
68 48 20
1
62 57 24
1
63 46 22
2
60 44 16
38 34 20
0
1
54 37 0
1
64 45 18
2
31 24 6
55 53 18
1
51 39 2
0
1
22 20 0
0
0
0
3
51 38 2
52 44 8
38 36 24
2
65 57 14
40 29 21
0
0
3
45 38 4
47 33 18
47 32 23
1
68 49 15
2
47 40 0
60 51 23
1
60 41 17
0
0
0
2
52 35 2
64 42 10
3
70 55 16
68 43 17
61 51 22
3
63 46 2
56 37 15
65 51 24
1
57 46 17
1
70 56 16
2
49 33 10
59 44 23
0
3
67 44 12
48 41 17
46 41 18
0
1
54 42 21
1
64 56 22
2
76 54 14
50 47 15
0
2
60 46 4
34 31 19
1
63 48 5
2
48 43 0
60 57 12
2
59 41 10
56 51 17
0
1
80 77 15
2
47 34 17
49 38 19
0
0
0
0
2
60 42 4
47 40 18
0
0
3
62 46 2
42 37 7
49 31 15
0
0
2
59 41 16
62 45 24
1
71 63 4
0
2
38 31 14
63 37 21
1
56 39 16
3
72 58 14
75 49 18
67 60 21
0
0
2
58 36 19
67 54 22
1
81 67 21
0
2
58 53 8
61 42 16
1
71 62 21
1
64 54 0
0
0
2
75 65 3
53 41 17
2
67 43 7
102 97 11
1
54 39 14
1
68 54 21
2
62 43 2
59 34 24
1
55 41 24
0
1
81 48 16
2
51 44 13
92 79 17
0
0
0
0
0
0
0
1
69 47 12
1
69 57 15
0
1
35 32 2
3
84 81 2
81 68 4
51 38 15
2
77 58 13
84 71 18
2
59 43 16
47 36 19
1
81 57 17
2
60 48 16
75 58 17
0
1
60 43 2
1
63 44 14
1
77 69 0
0
1
81 65 19
1
54 35 24
1
65 42 18
1
44 37 1
2
73 50 3
78 66 14
1
82 64 24
1
63 66 2
2
56 52 2
54 49 3
1
43 33 19
1
82 61 14
2
74 68 10
65 53 21
0
1
86 71 18
3
45 34 0
62 45 16
90 71 19
0
0
1
63 54 21
1
79 68 4
2
63 42 12
77 61 21
0
0
1
69 52 12
0
2
58 58 14
72 58 21
2
67 50 0
72 65 21
1
80 54 12
2
80 79 4
48 37 13
2
57 48 3
72 58 21
0
1
73 59 17
0
3
65 43 0
47 42 6
80 55 21
2
66 52 13
66 49 18
1
40 39 11
2
66 60 11
47 48 23
3
86 61 19
52 40 22
73 61 23
0
1
104 59 22
0
2
56 45 18
94 74 23
1
81 67 3
1
100 74 5
2
71 60 3
82 58 5
0
0
2
69 53 2
78 75 9
1
76 54 10
0
2
76 65 14
101 79 18
0
2
69 57 14
69 56 24
2
79 75 15
75 64 24
1
86 70 14
0
1
98 86 19
1
83 70 14
2
94 82 2
86 67 20
1
70 59 24
0
0
3
76 64 13
55 43 16
90 82 21
0
3
75 60 10
80 57 14
64 60 15
1
95 85 23
1
77 62 23
0
2
82 57 5
62 46 15
0
0
1
100 77 2
1
61 47 17
2
92 74 0
86 79 2
2
64 52 2
67 58 6
2
77 64 14
97 67 21
4
102 83 2
61 55 13
66 49 16
106 92 17
1
100 91 0
1
83 71 16
1
44 43 18
1
60 48 23
4
85 74 2
98 88 8
84 66 20
69 51 22
1
83 77 23
3
86 69 3
101 83 7
92 74 24
0
3
114 68 3
99 60 4
55 45 13
1
78 60 16
0
1
71 56 4
1
106 106 18
2
65 56 10
69 52 22
0
1
64 45 14
2
75 57 15
81 74 20
0
4
69 45 0
52 32 16
96 66 17
73 62 24
0
1
81 78 4
0
2
79 61 4
87 78 5
2
92 74 16
62 49 21
1
75 61 17
1
101 96 17
2
106 67 19
73 76 22
0
0
1
84 48 13
1
78 62 5
1
45 33 10
0
1
73 50 4
0
1
108 94 24
1
73 58 14
1
85 63 23
1
67 46 16
5
95 67 2
101 81 5
66 54 6
105 74 8
101 84 17
1
98 75 19
1
107 84 0
1
79 60 12
1
81 68 4
0
2
56 44 13
69 56 21
0
2
70 60 21
101 57 24
1
91 62 22
1
87 51 0
3
84 81 9
73 57 15
100 86 18
1
90 87 3
1
88 80 20
0
3
92 67 5
70 63 18
85 70 20
1
94 71 19
0
2
116 102 2
88 77 15
3
78 60 2
98 78 15
100 71 21
0
3
79 80 0
85 67 17
89 84 19
1
96 83 16
0
2
72 55 5
83 67 10
1
81 48 21
1
64 55 15
1
97 85 16
0
2
87 57 2
90 72 10
1
89 59 16
0
1
119 108 0
0
2
83 74 4
75 57 22
0
2
115 95 9
111 98 14
3
107 65 14
126 105 18
106 77 21
1
115 81 13
1
70 62 3
2
83 62 1
96 79 5
0
2
97 95 13
93 68 18
1
114 79 15
2
79 70 14
69 46 21
1
106 73 19
3
110 82 0
98 76 17
102 75 21
0
1
103 68 13
2
60 58 9
92 68 14
0
1
123 96 21
0
0
2
111 124 2
95 81 13
1
80 45 16
2
99 93 0
101 73 22
0
1
83 65 17
1
105 91 23
2
107 63 0
92 83 2
0
0
0
0
0
2
93 79 6
107 91 15
0
1
109 74 21
2
84 63 7
113 91 10
2
79 60 3
132 110 6
2
112 74 2
106 92 19
0
3
92 68 0
104 100 10
80 68 14
2
102 81 18
89 75 23
1
115 79 24
0
1
93 70 14
0
1
99 87 19
3
130 121 5
70 67 18
97 71 22
3
100 66 0
85 62 14
90 87 23
1
71 52 0
1
50 42 9
1
121 92 5
0
0
1
126 106 5
0
2
132 102 3
101 64 5
1
106 77 11
1
95 74 5
2
97 65 0
97 93 22
1
87 75 16
0
1
120 95 24
1
105 90 14
0
2
107 92 2
81 70 16
0
1
84 59 16
0
1
114 109 16
2
112 87 0
86 67 5
1
135 126 21
2
90 70 16
115 68 19
1
94 82 3
1
73 57 0
0
0
1
92 55 15
2
92 72 21
123 79 23
1
138 107 16
1
117 96 18
1
123 112 24
0
1
99 80 15
0
2
109 98 3
88 79 5
1
118 94 14
1
77 60 4
0
1
82 66 12
1
132 101 23
4
98 89 4
118 89 7
97 90 20
71 58 21
0
0
0
4
171 109 2
127 76 9
119 101 13
97 97 15
2
107 81 2
106 71 19
1
117 99 0
1
85 59 0
2
89 72 15
72 48 16
1
103 87 15
0
0
0
1
120 116 15
1
79 69 14
4
114 108 4
117 95 12
137 91 21
125 94 24
1
119 106 16
1
95 79 17
0
0
1
116 86 14
1
87 81 8
0
1
80 65 2
0
0
2
48 39 9
89 68 12
1
133 86 10
0
0
2
100 56 12
100 96 19
0
0
2
88 67 14
111 92 21
0
0
2
107 100 0
130 101 1
0
1
119 85 14
1
129 85 8
0
1
145 125 10
1
90 76 19
0
0
1
103 92 1
1
145 110 0
2
91 86 2
124 88 23
1
115 70 24
1
100 62 21
0
0
1
120 73 2
1
140 114 14
0
3
116 96 2
145 117 10
89 65 18
2
103 79 13
132 120 17
1
109 69 22
5
56 47 2
164 123 15
123 109 17
121 110 18
120 97 19
3
90 64 14
110 78 17
89 77 19
1
112 74 5
2
116 72 21
92 77 24
1
148 116 9
1
111 84 15
0
0
1
108 89 22
0
1
111 91 7
1
123 106 14
2
99 82 3
146 121 21
0
1
111 91 21
0
0
3
145 138 6
96 69 10
128 106 23
2
91 70 5
132 81 14
0
2
115 70 3
124 103 5
1
101 85 14
1
126 125 4
1
76 48 4
2
120 95 16
89 69 17
1
142 124 7
3
116 95 0
137 95 7
117 92 20
0
0
3
110 76 0
132 130 12
102 95 18
2
125 88 0
126 102 20
0
2
112 67 16
137 121 20
0
0
4
136 118 0
157 109 3
120 91 5
134 82 20
0
1
139 93 14
0
2
120 100 10
113 76 24
5
115 77 10
97 87 11
148 108 12
108 82 16
137 111 21
0
0
1
128 73 17
0
3
104 97 0
111 69 14
132 83 19
2
122 105 3
87 63 22
0
1
147 140 19
2
103 102 17
137 120 19
1
98 88 3
0
3
86 60 12
129 111 14
114 68 15
1
173 157 2
0
2
120 115 1
104 84 16
2
108 95 5
66 56 17
0
2
173 119 0
121 96 21
1
117 89 2
0
0
1
174 138 14
0
1
140 129 16
2
84 55 1
113 104 16
3
104 83 17
130 100 18
92 83 20
1
138 118 13
1
120 94 4
0
0
1
169 126 16
1
112 89 24
0
0
3
67 56 0
148 107 3
171 148 9
1
109 90 7
0
1
132 133 2
0
1
133 85 24
4
120 78 2
144 113 17
163 139 19
98 89 22
1
169 113 21
1
124 95 14
1
112 84 16
1
137 112 4
4
110 107 5
124 89 12
105 88 14
119 101 24
0
1
145 110 17
0
1
100 95 22
1
115 108 12
1
101 79 21
0
1
157 118 7
1
146 113 2
0
1
104 77 14
0
0
0
0
0
1
155 149 3
3
112 83 4
135 120 15
147 134 24
0
2
157 131 19
83 91 20
0
1
163 123 7
2
136 143 18
137 124 22
0
2
123 88 14
117 94 21
2
111 83 2
137 96 10
1
105 90 3
1
109 86 23
1
118 84 23
1
148 110 15
1
171 169 16
3
111 95 14
150 100 22
149 112 23
2
175 106 19
165 131 22
3
148 106 1
152 123 18
175 152 22
3
122 115 0
114 105 5
132 108 18
1
154 134 16
1
114 85 24
0
0
0
1
148 149 15
0
0
4
95 86 0
131 97 3
145 145 4
114 94 19
2
91 75 15
145 110 18
2
143 115 14
125 106 16
0
3
153 104 5
155 123 10
176 196 24
0
0
1
109 97 16
2
114 97 14
150 99 17
4
138 115 2
129 97 4
126 78 17
124 107 18
2
103 88 20
137 102 21
1
109 95 18
0
1
169 127 7
0
0
1
76 61 16
0
1
174 160 0
0
3
133 106 13
139 105 19
91 58 21
1
109 91 16
2
141 116 15
134 88 17
0
3
151 128 0
132 131 16
145 142 21
0
0
1
153 105 2
0
1
132 103 2
2
89 80 17
131 90 22
1
176 123 2
3
155 149 1
167 162 2
142 117 23
0
1
123 93 20
1
153 99 22
0
1
124 108 2
1
173 166 16
0
3
129 129 0
92 68 15
130 123 17
0
1
115 92 16
1
145 132 5
0
1
139 122 6
1
148 143 0
0
3
152 117 0
172 141 16
147 106 24
1
157 100 3
1
177 180 18
1
162 141 22
3
107 81 0
121 111 5
160 140 21
1
151 118 6
3
156 148 0
154 115 4
149 138 17
1
157 85 16
0
2
103 87 0
120 67 12
1
144 129 23
1
116 80 17
0
2
151 117 8
123 98 17
1
154 121 21
0
2
160 116 12
144 103 21
0
0
1
173 136 23
2
190 166 0
139 127 5
2
145 111 2
163 148 22
0
0
2
145 123 6
147 112 17
1
113 99 0
1
72 52 10
1
192 160 2
0
1
229 177 21
2
173 136 3
137 76 23
3
91 84 0
158 105 4
139 101 22
0
0
2
108 89 2
158 124 18
2
219 168 2
99 76 5
0
3
197 142 0
128 103 2
157 122 16
2
167 148 12
145 123 20
1
143 107 12
1
179 117 0
3
147 119 0
185 167 13
121 100 24
2
128 133 11
160 147 24
0
0
2
149 132 2
113 120 19
1
169 111 4
1
154 95 14
2
132 104 1
141 105 24
1
135 104 17
2
137 123 5
191 188 8
1
138 88 16
1
128 93 0
0
1
111 101 6
1
185 161 3
1
147 105 24
4
132 97 10
94 72 12
121 78 17
155 89 24
0
2
173 128 4
129 109 17
0
0
1
186 150 4
1
90 71 0
2
127 111 14
66 47 21
1
129 124 23
2
94 69 13
166 142 23
2
192 180 2
123 88 14
1
169 117 16
3
94 74 6
57 52 19
169 144 24
0
0
1
104 110 23
2
136 107 11
120 94 19
1
174 143 19
1
148 124 16
2
201 141 18
169 162 23
1
147 112 15
0
1
130 81 21
0
1
144 130 1
0
1
194 133 23
2
149 119 0
156 136 5
0
1
121 110 1
1
201 131 4
1
194 169 20
1
179 147 0
3
132 91 2
133 109 3
157 122 17
0
1
132 100 5
2
208 183 4
153 88 20
1
155 110 18
1
158 120 16
2
163 125 14
153 124 22
1
206 171 3
1
193 178 4
1
144 99 17
1
167 150 22
0
2
141 122 18
183 153 20
2
176 128 18
147 114 21
0
0
2
176 100 5
103 74 19
4
144 135 2
163 138 14
140 85 22
231 194 24
0
1
178 131 4
2
157 123 9
147 105 24
0
2
133 99 1
182 138 2
1
181 140 21
0
1
139 93 17
1
192 180 5
0
1
141 109 7
0
0
1
126 118 19
1
177 130 9
1
174 124 24
