4 5 6 3 7 5 1 7 6 8 8 3 5 5 3 5 4 7 5 8 7 6 2 4 5
3
7 6 1
4 3 4
7 6 6
3
5 3 5
4 4 15
9 4 18
1
9 7 13
1
6 4 17
1
8 5 24
0
0
0
1
10 9 19
0
2
7 6 4
9 8 11
1
9 7 22
1
10 8 17
2
12 8 0
10 6 4
4
10 7 1
11 10 2
10 8 5
12 10 13
2
10 7 12
13 11 20
0
1
10 9 2
1
9 7 0
0
0
2
15 13 5
11 10 18
1
14 10 4
1
7 5 20
2
11 10 8
13 11 13
1
9 8 1
2
14 12 1
7 6 15
0
0
0
2
12 8 0
11 9 13
1
13 7 4
3
15 12 2
10 9 16
12 10 18
0
1
15 14 10
0
2
13 11 21
13 9 24
1
12 11 19
0
0
3
11 8 8
10 7 19
16 11 22
2
13 8 20
19 13 21
1
12 13 10
2
12 10 10
12 8 15
1
11 9 17
0
0
1
23 19 24
2
14 10 8
11 9 19
0
0
0
1
19 14 20
0
3
14 11 4
23 18 12
22 19 16
1
17 14 16
1
15 14 9
3
16 12 7
17 12 8
10 7 15
0
1
15 11 0
2
16 12 2
24 17 23
2
19 14 9
21 14 17
1
10 8 2
1
23 20 24
1
16 12 7
3
14 13 3
15 13 10
10 6 21
1
16 13 8
2
8 7 12
22 16 16
0
2
22 22 12
15 12 23
2
20 21 3
24 24 6
1
16 11 10
2
21 17 15
20 16 19
4
20 19 4
16 13 5
20 17 15
24 18 20
0
3
20 15 9
20 17 20
16 13 22
1
21 15 7
0
0
1
20 11 21
1
16 11 17
2
25 19 10
13 9 17
0
2
21 19 1
17 13 20
2
18 15 8
20 17 17
1
19 13 24
2
25 26 9
12 9 11
1
14 10 8
1
16 11 9
2
17 12 3
16 11 7
0
0
0
1
21 20 18
0
1
23 20 9
3
25 21 10
20 20 16
15 12 17
0
1
16 13 10
1
21 18 24
2
27 21 7
31 22 19
1
23 20 4
3
30 23 4
27 22 10
27 23 14
1
27 25 7
1
23 22 19
1
20 17 23
0
0
0
1
14 11 12
2
18 15 20
20 13 21
1
21 13 1
0
1
23 16 24
2
15 13 10
17 16 16
2
23 20 5
21 17 9
1
27 23 5
1
28 22 16
2
22 19 13
28 26 17
1
25 22 2
3
20 13 8
27 24 10
36 29 15
2
23 19 9
28 21 21
1
27 25 3
1
25 18 12
0
3
25 23 16
29 26 20
21 18 21
6
21 18 3
24 19 4
28 21 7
31 21 10
15 10 13
23 16 24
0
1
18 15 12
0
1
25 21 8
1
27 25 12
4
31 25 8
29 26 9
35 37 18
21 21 19
1
31 27 21
1
25 23 15
1
20 16 4
3
20 14 10
25 23 13
32 29 17
3
36 30 3
28 18 7
33 25 21
0
2
28 21 14
21 21 16
0
1
30 27 9
1
23 19 23
1
34 29 2
2
18 16 10
18 14 20
2
28 21 4
25 19 7
1
19 14 9
1
27 23 10
2
27 22 3
21 14 20
4
28 21 4
25 23 5
30 18 9
22 19 21
0
1
28 22 14
1
30 19 23
2
32 24 10
28 23 19
1
31 26 9
2
29 24 11
31 24 16
1
20 17 18
1
25 22 14
3
27 25 10
20 14 17
33 26 19
0
1
37 34 0
1
34 25 7
1
31 23 17
0
1
23 19 9
0
0
2
40 29 9
42 40 13
1
37 30 17
1
35 35 16
3
26 20 5
16 13 17
32 24 21
2
36 31 2
39 29 10
1
41 40 19
1
36 27 9
2
35 28 7
27 20 9
2
34 21 14
30 24 21
1
32 27 7
2
31 24 17
31 22 23
1
40 28 5
1
43 35 16
1
32 25 16
1
35 32 10
0
3
38 31 4
35 28 7
37 21 15
1
35 36 4
1
32 26 9
0
0
1
35 32 21
2
28 21 0
34 26 19
2
22 20 12
39 30 18
0
1
37 30 4
1
36 27 4
0
1
32 24 8
0
0
1
39 30 15
1
45 31 16
2
42 34 3
37 29 20
2
19 14 7
33 28 19
2
42 28 3
39 31 12
1
36 29 11
0
1
39 27 2
1
34 24 9
1
44 36 21
1
39 31 2
2
38 36 8
32 29 15
3
42 34 5
36 29 9
50 38 21
0
1
35 32 21
1
33 30 4
0
0
2
50 32 16
36 34 17
1
26 23 19
3
40 30 7
46 41 18
31 20 21
1
33 27 23
1
20 13 10
1
34 25 5
2
41 24 8
41 31 19
1
30 24 9
0
0
2
52 51 8
31 21 23
1
43 36 18
0
4
38 31 4
45 37 5
33 29 8
16 15 13
2
39 25 0
46 38 8
0
3
42 39 9
33 25 13
34 27 19
1
49 40 21
1
51 41 8
1
38 35 4
0
2
35 27 4
38 30 19
2
48 48 9
38 34 17
1
46 33 11
2
46 36 5
53 37 17
2
36 26 0
33 33 23
0
1
48 36 13
1
37 24 18
1
47 40 13
3
42 31 0
47 35 8
43 28 17
0
0
0
3
35 29 5
33 30 7
51 38 9
0
3
47 41 9
44 39 19
44 36 20
1
65 55 5
3
39 36 9
58 42 12
40 32 15
1
45 41 9
2
48 51 5
42 36 7
0
1
57 48 12
0
4
30 25 5
50 50 11
50 41 13
55 48 17
1
50 30 23
0
2
45 38 2
51 45 24
1
31 24 2
2
35 22 1
59 52 4
3
37 30 15
38 37 23
43 30 24
6
35 33 0
31 29 4
36 26 7
62 44 10
63 59 12
36 27 17
1
36 29 11
0
3
52 46 8
63 55 10
44 30 17
2
49 40 20
47 34 24
1
40 42 20
1
32 29 16
0
0
0
2
44 33 10
58 46 12
4
46 34 12
35 32 13
50 44 22
47 38 24
2
47 33 2
51 43 16
2
18 15 13
57 44 20
2
43 39 1
45 36 9
0
1
53 41 10
3
53 46 10
52 35 13
43 30 19
0
2
40 30 10
52 47 23
1
37 32 5
2
33 30 10
57 46 19
1
40 30 20
1
48 32 19
2
48 36 12
56 49 15
0
0
0
0
0
1
45 29 24
2
54 48 5
58 48 7
0
0
1
50 34 10
1
62 47 8
2
63 52 8
52 47 21
1
53 44 7
0
0
0
1
60 51 10
1
56 43 19
1
44 38 13
2
55 37 21
52 41 24
4
65 57 8
47 35 14
33 24 16
57 37 19
1
46 42 2
0
2
60 53 8
46 39 21
2
62 57 9
78 69 16
2
60 43 1
40 25 14
0
3
51 33 2
61 48 10
59 46 14
2
66 57 17
58 43 19
0
1
63 51 19
2
69 59 13
68 47 16
1
59 30 12
1
65 43 5
1
68 65 21
1
47 35 7
1
62 47 10
0
1
61 52 7
0
1
62 49 7
1
64 58 22
0
1
63 62 18
3
62 57 8
52 35 10
58 45 24
2
56 57 9
36 25 10
2
52 34 8
80 56 15
0
1
53 45 20
2
59 45 3
69 50 10
1
77 58 7
1
64 40 3
1
60 53 7
1
62 49 15
1
50 31 23
1
74 58 10
1
60 48 10
1
54 40 0
1
76 51 12
1
75 58 10
0
2
52 34 4
69 68 19
0
2
57 46 12
61 61 13
1
75 50 17
0
2
56 49 15
79 62 21
0
0
3
61 56 12
47 30 16
78 69 19
1
50 43 12
4
51 41 1
51 40 4
51 38 8
60 45 15
3
63 44 3
74 57 11
76 61 21
2
61 59 7
79 67 10
4
72 67 2
42 40 7
50 42 10
63 58 21
4
46 31 4
67 39 12
57 42 14
59 47 15
1
60 55 20
3
99 82 2
56 33 17
76 59 19
2
59 42 9
41 35 24
1
95 73 18
4
55 40 4
75 58 5
69 50 13
53 34 17
2
66 56 9
40 31 21
3
71 55 12
68 62 15
56 47 24
0
3
56 43 15
73 57 17
42 38 18
0
1
70 49 2
0
0
1
85 72 0
2
57 37 15
60 51 19
2
54 48 9
72 53 19
1
59 45 0
0
1
69 52 4
1
65 55 9
2
44 40 3
51 36 5
0
2
64 42 1
61 48 15
1
73 65 17
2
76 49 1
64 48 20
1
66 60 10
4
80 62 5
71 57 7
74 55 9
65 64 10
0
2
57 42 2
74 52 24
2
78 56 4
62 51 15
1
77 53 20
2
52 36 9
64 54 15
1
57 46 21
1
70 54 21
2
67 50 10
68 57 19
1
48 37 19
3
64 57 12
76 66 19
90 86 20
1
77 66 1
3
76 62 7
68 61 12
79 51 21
2
78 69 1
72 57 24
0
2
62 52 5
49 36 10
1
84 66 8
0
2
68 58 0
78 52 24
1
75 64 2
1
54 43 19
0
3
66 54 8
76 51 16
64 50 17
1
67 47 13
2
75 74 4
52 31 8
2
54 42 11
83 68 23
0
1
87 73 13
1
66 39 7
2
70 45 19
65 45 23
1
65 47 19
4
60 42 1
66 51 4
65 55 10
89 74 15
3
86 77 15
70 48 16
53 39 17
0
2
46 41 21
76 54 24
3
74 56 8
47 41 16
99 89 22
1
72 55 9
0
0
1
81 66 12
1
80 57 18
2
70 59 23
67 60 24
1
77 50 14
4
66 58 0
85 71 1
55 38 18
66 59 21
3
60 61 7
71 46 9
88 75 21
2
75 65 6
75 76 10
3
58 46 7
75 52 11
63 52 19
1
87 72 7
1
59 38 2
1
79 57 2
0
1
78 66 19
1
79 57 3
2
129 133 7
90 74 16
1
104 89 21
1
79 74 19
0
1
72 57 17
2
74 69 1
88 78 23
1
101 73 8
0
0
0
1
69 78 5
2
87 64 7
80 75 15
1
85 67 7
1
66 49 15
3
72 43 4
74 62 10
41 34 12
1
89 82 0
2
84 68 13
75 65 14
0
1
64 44 13
4
60 51 9
110 98 18
79 69 19
62 43 21
0
1
93 72 16
1
75 72 19
0
3
68 55 4
45 39 14
87 71 15
1
59 43 17
0
2
95 81 7
73 45 16
3
64 46 7
99 73 9
70 66 21
1
64 45 10
1
91 77 23
2
92 82 5
82 67 7
3
90 66 2
87 72 10
68 57 11
0
1
103 74 2
2
64 48 5
92 82 13
1
98 82 19
0
0
2
93 75 4
91 77 20
1
73 76 17
1
87 67 12
0
0
2
99 83 15
85 66 21
1
55 35 5
0
0
2
55 47 4
101 85 7
3
63 53 5
62 51 17
70 46 18
1
97 61 12
2
80 69 8
67 56 21
1
108 72 19
0
0
1
94 64 18
2
63 59 2
85 78 15
2
80 68 1
80 65 24
1
126 93 1
0
0
1
95 85 11
1
105 86 8
1
82 71 2
1
68 65 1
0
3
95 82 7
82 65 16
112 96 19
2
85 73 14
84 68 20
1
66 48 0
3
77 56 1
92 72 9
92 76 15
1
59 43 22
1
101 99 19
1
72 56 18
3
98 76 1
80 86 9
101 92 10
1
64 58 2
1
86 65 5
2
132 114 13
91 76 17
1
83 55 19
0
0
4
55 56 9
106 65 19
90 74 21
106 98 24
0
1
66 48 2
1
94 84 4
1
123 117 17
2
90 68 10
85 73 24
0
2
87 79 17
88 51 19
3
103 104 5
90 78 15
89 72 24
1
111 88 10
0
1
85 62 9
0
2
106 91 10
82 66 20
2
91 67 17
82 60 19
1
96 80 19
1
67 52 19
3
55 48 3
75 61 8
65 48 10
4
60 54 14
58 45 15
103 70 18
74 59 19
0
2
72 48 15
78 56 17
3
74 40 5
82 50 15
93 72 23
0
0
2
57 46 18
80 57 20
1
79 67 2
1
84 64 10
3
105 93 8
117 92 10
120 89 14
0
1
112 81 6
1
91 81 4
2
79 80 1
80 75 21
0
4
99 91 3
106 89 7
103 70 8
74 49 9
0
2
124 85 0
103 72 13
0
2
112 90 1
76 70 7
3
71 54 7
67 56 16
83 76 24
0
1
92 71 17
1
90 71 18
3
82 66 17
87 61 19
90 62 21
2
60 47 1
88 84 4
4
108 97 5
121 114 9
67 51 15
79 62 19
1
133 116 8
3
102 82 0
86 53 2
103 94 23
2
96 81 9
104 88 13
1
105 76 24
3
67 57 0
76 59 19
89 68 23
1
122 88 3
2
89 65 5
98 70 13
1
110 97 22
2
91 72 0
138 116 1
0
2
105 89 16
109 106 20
0
1
104 101 9
2
91 83 8
86 62 15
0
2
83 62 1
105 84 17
0
2
63 53 3
91 53 9
1
100 75 19
0
1
100 72 4
2
115 94 9
96 77 17
0
3
80 78 2
47 39 19
91 66 21
2
105 97 2
130 90 11
3
142 122 1
75 53 18
107 85 20
0
3
86 65 1
83 45 9
100 83 15
1
91 62 4
0
0
2
78 58 15
124 118 18
2
100 74 5
87 62 12
3
113 83 9
108 90 11
100 76 14
1
121 88 8
1
85 86 21
2
79 60 7
65 47 21
1
75 72 8
2
121 104 1
90 68 18
2
131 99 9
106 78 12
1
47 38 0
1
95 65 20
1
115 105 3
1
102 86 20
1
97 72 8
0
1
134 112 15
1
101 73 19
0
0
2
110 85 13
86 70 18
0
2
97 81 9
106 83 22
1
116 111 20
4
77 67 4
113 75 5
74 60 12
95 76 14
1
103 85 10
1
120 106 9
0
0
1
82 50 2
5
107 57 2
87 56 12
115 84 14
124 98 18
70 56 19
3
91 57 3
80 64 7
115 86 9
0
1
114 84 23
0
0
1
105 88 10
1
101 73 14
2
125 89 12
96 78 14
0
1
85 57 16
2
81 51 7
87 68 19
1
112 92 9
3
139 123 2
91 71 12
88 74 20
1
142 92 2
1
97 86 12
1
89 71 10
2
125 109 4
136 131 20
0
1
116 79 8
2
59 53 13
108 73 14
1
102 91 9
1
108 88 7
2
61 47 13
80 63 15
0
5
120 104 1
116 99 5
93 78 9
121 85 11
122 103 17
1
66 58 17
1
91 68 3
1
115 86 9
2
149 91 2
114 94 18
0
2
118 98 1
110 101 4
1
104 65 14
2
115 62 8
86 69 20
0
0
1
80 59 24
0
1
115 98 7
0
0
0
2
104 63 14
129 81 16
1
147 128 21
2
122 137 12
116 91 24
0
2
83 68 14
113 92 19
1
81 64 4
1
141 103 18
2
115 69 21
139 98 23
1
111 94 7
1
126 92 13
0
1
113 71 19
1
128 105 11
1
96 70 9
1
98 90 9
0
0
0
0
1
100 93 17
0
0
3
126 101 1
142 139 2
138 112 15
0
1
101 87 24
0
0
1
109 77 9
5
97 65 5
130 102 7
122 90 15
89 82 18
96 88 19
0
1
123 93 20
1
102 77 18
2
102 77 4
92 80 19
1
77 66 9
1
70 63 1
0
3
106 67 9
67 56 16
93 78 19
2
83 67 17
107 92 18
1
57 51 22
1
136 110 2
0
2
103 92 9
116 91 18
0
1
146 121 9
1
116 95 11
2
134 115 18
111 89 19
1
129 93 10
1
154 132 10
0
0
2
65 45 16
115 104 23
0
0
2
86 71 12
100 85 24
1
109 80 17
1
114 104 9
1
138 70 23
1
122 100 8
1
136 118 4
1
149 117 2
0
2
141 128 0
122 116 12
1
120 101 21
1
149 117 17
1
130 99 16
0
0
1
76 65 19
1
107 75 7
3
140 99 2
122 115 14
106 89 21
3
133 99 1
87 59 5
115 106 21
0
2
159 117 20
97 78 24
2
133 115 7
99 80 11
0
0
0
1
135 99 9
1
101 81 17
0
3
121 85 1
162 131 12
158 126 14
0
4
129 95 13
169 139 15
88 60 22
124 80 24
0
1
121 81 14
0
1
141 105 1
1
128 113 9
3
46 31 1
78 68 4
106 91 17
1
187 136 20
0
0
2
132 116 8
109 102 23
0
2
116 121 7
113 68 15
1
115 85 12
2
123 119 1
97 86 19
0
2
125 117 4
159 115 9
2
88 84 9
114 96 24
2
73 72 2
123 103 22
0
1
130 123 22
1
133 112 7
0
0
1
160 146 24
1
120 76 23
2
145 111 8
110 92 10
2
126 78 10
126 113 20
1
123 97 18
1
118 92 10
0
2
143 96 8
126 94 13
1
101 74 19
1
116 87 14
2
110 90 10
142 131 24
0
2
130 94 4
83 63 7
0
3
106 88 3
156 114 5
171 156 19
2
123 93 4
121 90 21
2
121 81 7
175 126 17
1
170 117 9
0
0
1
155 134 9
1
101 83 21
3
91 66 10
146 128 15
146 147 23
0
0
3
111 67 0
125 101 10
119 98 23
0
1
130 105 7
2
109 86 11
109 90 20
0
0
2
136 99 7
139 104 19
1
146 94 18
0
1
152 131 21
0
1
82 72 3
1
173 127 8
1
125 87 15
3
86 72 2
134 95 4
110 80 19
2
104 78 20
161 156 21
1
133 87 18
1
156 161 15
3
175 118 8
126 97 15
143 96 24
1
172 134 10
3
94 80 2
129 103 14
132 108 18
1
110 93 24
0
2
125 73 9
144 107 24
0
2
130 103 9
87 78 12
3
109 95 9
116 103 10
104 82 12
2
114 85 5
126 92 21
0
1
115 91 9
0
3
177 155 6
143 82 8
143 120 15
2
86 70 10
161 142 19
4
143 101 6
90 72 8
52 43 17
159 123 20
0
1
121 101 8
3
107 89 18
174 103 20
116 87 21
2
114 84 1
108 84 24
1
142 102 16
0
0
1
93 92 13
2
107 107 9
112 72 12
2
161 130 17
167 136 18
2
148 108 4
137 102 9
3
108 57 0
116 102 1
182 120 23
2
117 75 0
126 94 9
2
129 137 4
162 149 18
1
135 96 12
3
142 107 7
136 104 11
125 112 22
4
111 80 5
166 122 8
133 103 15
128 110 19
3
175 149 10
138 110 17
131 92 20
0
1
77 49 18
0
1
185 140 10
1
158 133 15
3
154 137 1
135 109 2
181 101 10
3
140 107 7
153 119 16
131 95 23
4
182 170 5
171 165 15
147 109 16
100 102 19
1
152 127 4
0
2
101 67 4
124 100 5
2
185 129 4
152 131 10
2
154 108 14
90 49 20
0
3
160 122 5
131 112 7
148 108 13
0
1
102 105 8
1
161 159 15
3
113 75 7
132 112 8
100 73 16
1
133 93 7
1
178 147 8
0
2
148 126 4
138 120 19
0
1
148 141 3
1
175 156 18
1
129 100 17
1
105 76 12
1
179 144 4
1
165 151 12
1
121 101 24
1
143 113 9
2
143 102 3
168 117 8
1
134 106 2
2
144 120 20
113 82 21
0
3
103 84 8
162 146 13
148 102 18
1
139 101 7
1
127 97 7
3
154 125 7
145 136 15
100 71 24
0
3
111 101 3
145 105 12
145 105 19
1
123 76 18
2
109 78 9
117 103 18
2
181 141 10
174 162 13
1
147 99 20
0
1
167 125 10
2
152 94 7
146 128 17
2
153 130 12
142 107 20
1
104 101 19
1
121 99 17
2
131 81 15
166 159 17
4
105 70 2
177 144 4
139 91 15
110 87 20
2
147 153 2
159 117 13
3
144 115 5
182 136 14
133 111 20
2
148 130 15
171 137 19
1
125 84 0
2
105 76 10
126 94 20
2
176 116 2
217 148 4
0
1
137 110 4
0
2
121 91 15
170 130 20
0
1
158 115 2
2
134 101 7
189 150 23
0
2
173 130 1
159 143 8
0
1
139 100 16
2
141 123 4
124 102 19
1
122 97 2
2
125 104 0
118 95 16
3
129 81 7
148 120 11
205 183 13
1
110 109 17
3
100 71 1
175 174 20
137 120 21
1
161 134 12
0
3
152 94 9
149 125 10
143 93 12
1
137 101 24
0
2
187 188 1
146 128 10
2
163 108 5
123 112 22
0
0
3
162 131 4
164 116 10
141 101 16
0
1
109 84 7
1
145 108 24
1
145 103 5
1
126 99 3
1
115 90 5
0
3
140 97 11
183 156 18
138 130 23
2
132 99 9
171 136 14
1
169 136 3
3
196 153 2
115 106 8
208 145 9
1
104 85 11
3
149 152 4
224 150 17
155 107 20
2
79 52 7
135 86 21
2
185 177 12
163 106 17
1
119 114 19
0
1
142 105 2
3
95 79 11
207 182 12
184 156 15
1
101 82 16
3
149 127 5
123 94 7
112 95 13
0
1
96 71 7
0
0
2
141 122 8
128 124 9
2
135 99 9
132 132 19
3
224 171 3
147 142 4
175 180 15
1
168 113 17
0
1
169 113 23
3
164 142 3
160 129 4
122 107 11
0
3
149 133 0
164 144 8
195 178 16
1
143 95 1
1
148 152 4
1
193 144 18
2
134 113 0
142 133 20
1
185 95 20
1
164 86 7
1
139 132 15
2
186 141 7
201 197 24
2
145 111 7
169 154 9
0
1
152 94 6
1
164 145 10
2
161 154 0
190 141 14
1
124 87 15
3
196 152 14
136 117 17
189 171 19
2
123 85 4
200 136 18
1
165 125 9
0
0
2
159 125 8
186 176 17
1
175 120 14
3
136 110 1
156 164 3
119 106 9
