3 6 8 1 7 1 7 2 7 1 8 7 1 5 6 1 1 7 6 6 2 6 5 8 8
0
0
1
9 7 22
1
7 7 23
0
2
11 6 19
8 7 22
0
0
3
7 5 8
8 7 18
10 7 19
2
13 10 4
9 8 11
1
8 6 23
2
9 7 8
8 7 17
1
11 8 0
1
9 8 17
1
9 8 2
0
1
8 6 22
1
10 8 19
3
11 9 6
7 5 12
9 7 24
2
8 7 11
7 5 21
0
1
12 10 10
0
2
11 9 4
11 8 19
0
0
1
9 8 2
0
1
10 7 8
1
14 9 23
1
10 7 23
0
0
2
11 9 19
9 6 20
0
4
12 12 10
12 11 13
8 7 14
12 11 15
0
1
10 7 18
2
13 10 4
10 6 24
0
1
10 9 1
0
1
17 13 23
2
9 8 8
14 11 23
1
13 11 8
0
4
13 10 2
14 10 5
12 11 11
15 13 18
2
17 15 6
16 12 21
1
14 15 24
0
1
12 9 1
1
14 11 14
0
0
1
16 15 13
2
14 13 2
26 24 14
0
2
16 14 2
16 16 18
0
2
16 13 2
15 14 23
1
15 13 11
2
17 11 4
19 18 18
0
1
18 12 6
2
23 21 8
21 14 21
2
11 10 1
15 13 21
3
16 13 2
22 17 10
16 14 19
1
17 13 0
1
13 10 19
0
2
15 15 1
19 14 10
2
24 17 0
22 20 24
2
11 10 18
23 19 23
2
19 15 21
16 13 22
0
0
0
1
21 19 4
1
24 17 2
0
2
19 17 8
15 12 9
2
13 9 0
16 14 17
0
0
1
19 17 24
0
1
23 15 22
0
0
0
2
21 22 2
14 13 18
3
22 17 0
21 18 1
25 18 10
2
19 12 1
18 12 6
2
21 17 4
30 20 24
2
20 17 6
24 20 19
0
3
20 13 4
28 22 6
21 15 16
1
16 16 17
1
17 15 0
2
22 19 17
25 21 24
1
21 24 6
1
22 20 11
2
17 15 17
21 14 18
0
2
20 12 5
19 13 13
0
1
24 24 19
0
1
26 22 24
0
0
2
25 21 14
17 14 21
0
2
20 18 17
33 21 18
0
0
2
38 35 4
25 22 10
3
20 10 8
24 19 11
14 11 24
2
27 24 2
26 18 7
1
29 25 2
1
29 26 1
1
35 19 1
0
2
23 21 8
27 23 23
2
22 17 1
26 27 23
2
26 23 2
21 16 14
2
22 17 4
24 24 10
3
18 17 4
21 18 6
25 20 8
4
36 33 18
17 14 21
32 30 23
32 26 24
1
21 17 18
1
19 18 13
0
1
31 28 17
0
1
27 22 21
4
27 20 2
26 15 6
39 29 13
35 30 17
1
27 20 24
1
24 21 20
0
1
32 20 8
0
1
24 19 13
0
0
1
29 26 18
1
40 21 6
1
27 19 6
1
25 21 21
2
34 27 6
23 17 11
1
25 20 2
1
36 28 10
3
30 25 1
29 22 8
40 29 18
1
31 25 19
0
1
21 16 4
0
1
29 21 4
0
0
3
37 33 4
27 20 8
38 32 22
1
28 20 22
1
37 27 23
1
37 29 13
1
44 31 4
4
36 25 2
26 23 17
29 24 18
25 21 21
1
34 27 6
2
27 20 2
45 31 18
2
19 17 13
37 34 24
1
42 35 22
3
37 26 17
28 25 19
42 32 24
0
3
22 14 13
30 21 16
14 11 23
2
30 24 11
42 31 19
0
2
48 49 2
24 15 10
4
38 28 11
27 18 14
31 24 19
33 20 21
2
28 25 11
38 30 17
3
28 21 1
25 19 8
35 21 11
4
40 25 0
27 19 6
34 27 22
37 28 23
2
26 25 10
30 27 21
2
37 26 7
35 27 10
3
46 48 18
39 40 19
40 31 22
2
34 22 14
26 17 24
0
3
33 28 11
29 24 18
37 26 22
2
34 30 11
51 46 13
2
29 22 4
38 25 13
0
0
0
2
25 20 10
27 20 22
2
36 24 2
35 29 17
1
34 30 8
1
32 22 6
2
33 27 4
28 22 14
1
39 31 17
0
0
1
45 41 23
1
36 28 4
0
0
0
0
0
0
2
38 33 2
29 24 6
1
35 34 8
1
41 24 0
2
46 36 4
25 22 19
1
24 21 22
0
3
31 22 8
49 45 13
40 33 24
4
42 34 11
33 24 14
61 57 15
36 25 24
0
3
26 18 1
41 25 8
42 35 23
3
42 34 2
55 38 7
38 23 24
0
2
52 42 21
53 40 24
0
2
46 40 4
43 39 17
0
1
48 34 2
2
41 31 15
38 32 17
0
0
0
1
44 38 11
2
39 32 11
43 36 19
1
39 28 22
1
50 26 23
3
37 30 6
47 37 18
38 34 23
1
41 34 24
0
3
53 44 8
53 35 17
39 23 23
2
51 50 2
41 34 21
0
0
1
54 50 24
0
1
59 49 17
2
51 38 18
51 48 23
1
36 30 10
0
0
1
12 8 2
2
52 48 17
39 33 19
1
37 32 18
0
1
40 26 17
0
0
1
43 31 4
0
2
58 56 0
38 27 10
2
53 42 1
41 34 11
1
49 44 21
1
28 27 24
1
34 29 6
0
3
50 41 6
47 29 14
51 44 24
1
47 37 6
0
2
48 35 4
43 39 24
1
53 42 10
0
2
48 36 2
46 40 6
0
3
48 34 4
57 50 14
47 35 17
2
49 35 15
58 47 17
2
43 31 9
57 35 23
0
0
0
1
57 46 0
3
64 50 2
34 26 6
66 55 21
1
50 41 19
3
49 40 1
62 36 22
52 40 23
0
0
0
0
0
1
39 23 18
2
56 45 6
45 43 10
1
57 46 22
2
51 40 8
44 38 11
0
2
62 51 8
49 37 21
3
46 35 6
67 51 22
46 40 23
0
1
60 50 20
2
54 42 8
48 40 13
0
1
64 38 22
0
2
34 24 2
49 39 10
1
30 23 23
1
51 41 6
0
0
0
2
45 35 10
52 42 13
2
48 31 1
40 36 11
4
68 45 0
50 45 6
38 28 23
45 36 24
1
52 40 6
1
49 35 4
1
47 31 2
1
50 41 7
2
51 44 1
64 51 10
2
59 52 13
50 32 22
2
68 42 1
32 29 12
2
52 34 6
53 56 18
2
52 41 2
55 43 4
1
60 47 14
0
1
63 43 21
3
45 39 8
65 58 14
68 52 21
2
54 49 10
57 43 17
1
56 40 19
3
64 55 8
57 41 14
46 40 19
0
1
71 56 17
1
58 42 3
1
58 40 14
1
46 37 4
1
55 38 21
1
61 52 24
1
44 27 21
0
1
68 58 11
1
75 52 19
0
1
49 29 24
0
3
62 55 10
33 23 11
47 45 23
0
1
49 38 20
1
61 40 13
2
64 44 6
64 56 10
1
58 38 8
2
78 64 6
47 35 16
3
55 50 1
40 36 11
64 51 23
2
40 41 10
24 18 21
2
90 71 4
52 38 8
2
57 41 4
55 40 15
1
65 51 4
1
54 45 18
2
57 46 12
71 46 23
0
2
48 43 8
39 36 21
0
1
53 48 1
0
1
64 46 14
0
0
1
73 73 22
2
73 62 10
63 53 24
2
57 44 8
52 44 18
1
58 39 11
1
48 34 11
1
56 53 13
1
49 32 22
0
2
54 50 6
43 35 14
1
72 59 10
1
71 48 6
2
74 65 4
84 80 23
2
80 64 4
71 63 18
0
0
0
2
56 40 1
63 40 6
0
5
55 45 2
57 41 13
67 47 14
66 60 17
78 64 18
2
54 36 13
57 49 23
1
59 47 24
0
2
57 45 14
58 52 18
3
50 37 8
68 58 11
79 70 13
3
77 71 6
65 43 8
64 44 17
1
56 45 24
3
66 58 1
54 34 11
67 44 24
2
64 52 6
44 38 24
0
1
46 33 10
1
78 59 13
2
60 49 6
102 83 17
0
1
45 41 10
1
49 38 13
1
57 42 0
0
1
62 52 14
4
80 71 2
54 33 11
63 47 17
68 64 18
2
72 60 14
76 61 18
2
82 59 7
65 65 18
2
87 61 10
63 59 11
1
82 69 0
1
85 61 21
0
2
86 56 0
77 59 21
2
72 56 14
61 45 22
0
1
82 62 10
2
53 41 0
71 61 24
0
0
3
46 36 15
57 45 22
78 62 24
0
0
0
1
76 71 18
0
1
67 50 13
2
61 48 18
64 46 21
1
67 52 1
0
0
1
87 70 17
0
1
72 69 17
1
59 48 23
1
91 75 13
2
75 50 19
77 64 23
1
62 51 22
2
76 69 15
78 62 18
2
86 67 2
91 77 17
1
60 53 14
0
1
59 51 4
2
69 50 7
68 50 21
1
95 71 4
1
68 55 17
1
58 53 7
0
0
2
103 92 0
37 26 18
1
68 56 24
3
81 68 1
74 68 10
52 52 11
1
61 58 10
0
1
56 46 23
2
80 72 0
73 55 5
1
38 23 11
2
72 66 6
78 68 18
2
78 65 2
52 34 4
1
95 77 14
4
80 55 8
88 81 9
83 64 10
89 80 19
3
81 64 7
50 45 10
85 66 19
0
1
84 63 11
2
102 86 18
81 59 23
1
56 42 24
2
96 87 20
100 82 22
2
97 75 10
83 58 24
1
71 42 1
0
2
99 82 6
112 83 8
2
90 75 0
89 94 10
0
1
94 79 4
0
1
56 31 12
1
80 58 13
0
0
3
51 46 6
65 47 17
56 41 22
3
91 67 14
72 50 18
98 88 21
2
93 73 4
99 84 23
1
66 67 23
3
96 68 4
68 62 13
45 36 18
0
2
77 58 10
90 70 12
0
1
82 89 2
1
97 68 17
2
74 66 4
73 61 7
1
83 75 24
0
3
86 70 1
83 60 10
71 49 13
0
1
60 59 24
2
91 76 6
80 62 10
1
66 41 6
1
87 57 23
1
91 73 1
2
80 63 1
90 70 24
1
89 72 2
0
0
3
90 67 4
71 63 21
73 61 24
2
86 65 1
97 72 14
2
68 57 6
70 52 17
2
105 87 0
68 41 13
1
96 78 21
1
57 45 10
1
90 56 10
2
90 68 11
84 71 17
3
125 93 6
70 53 13
85 71 19
1
119 103 6
0
1
80 65 0
2
77 62 2
81 66 7
0
1
76 53 23
2
121 91 2
96 88 10
1
96 100 21
2
82 62 14
82 65 21
1
64 65 19
3
91 84 11
96 76 14
92 98 21
1
37 27 1
2
92 76 2
63 53 18
0
2
76 53 2
80 57 4
2
82 63 6
64 50 9
1
60 46 0
2
88 73 8
65 65 11
0
1
88 71 7
1
104 81 4
1
125 100 24
1
127 89 4
2
90 76 7
91 75 23
1
81 69 12
0
0
2
63 51 1
70 50 17
2
81 56 4
82 48 19
2
81 74 6
82 63 24
1
105 83 10
1
64 46 7
2
89 71 8
108 81 13
1
40 31 6
1
64 57 21
2
50 41 2
91 78 11
3
47 39 10
81 69 19
99 70 22
1
89 72 6
2
65 59 8
98 77 21
2
72 58 11
106 80 24
0
4
113 96 1
79 61 4
74 78 14
84 56 19
1
108 101 22
1
82 72 23
1
94 73 24
1
64 48 11
0
1
64 56 22
2
119 84 2
56 46 8
0
2
63 54 1
96 73 5
0
3
83 70 1
110 95 10
83 64 21
1
102 87 10
1
75 51 6
0
2
79 60 21
68 52 24
0
0
2
82 60 4
102 70 17
3
76 55 0
87 64 8
110 86 14
1
48 38 10
2
71 42 6
86 81 10
3
92 77 13
86 49 14
103 80 15
1
64 70 10
1
87 80 18
1
82 59 24
1
60 44 17
0
2
100 74 6
92 78 7
0
1
105 90 8
0
0
2
94 82 0
61 55 2
0
0
1
89 86 17
0
1
97 92 8
2
90 69 2
88 80 7
1
86 76 0
0
1
78 59 6
3
117 83 17
93 75 18
96 60 23
1
102 89 1
0
0
1
84 71 10
0
1
89 62 21
1
67 43 14
2
61 53 6
78 60 23
1
86 54 8
2
87 68 17
42 38 21
1
62 47 11
0
3
105 73 11
82 54 14
96 83 21
5
149 109 4
69 58 8
100 85 13
106 98 14
112 85 23
1
102 83 21
1
81 65 10
2
71 48 6
72 51 22
1
96 76 4
4
89 65 11
84 72 17
58 46 18
103 86 21
1
71 46 11
0
0
0
3
75 63 2
89 65 10
98 88 14
3
108 72 2
111 90 10
99 64 19
0
0
1
96 91 21
2
114 94 21
128 87 24
1
94 64 19
0
2
74 59 2
95 92 19
0
2
79 65 22
68 67 24
1
117 89 11
0
1
97 74 4
3
66 54 4
114 99 6
112 108 22
1
150 99 8
1
101 79 13
0
0
4
113 95 0
122 110 4
79 55 11
115 80 23
1
96 91 22
4
122 96 0
108 88 10
96 66 17
64 59 19
1
78 61 19
0
0
4
113 88 0
81 63 6
94 88 13
99 72 24
1
103 62 19
0
1
98 80 8
1
121 103 23
3
98 76 0
82 72 22
114 76 23
2
84 63 8
60 46 24
0
1
92 80 14
2
99 76 21
126 105 22
1
132 101 14
2
133 94 4
110 74 22
0
1
85 61 14
1
116 78 4
2
111 105 0
102 81 11
1
112 93 12
2
66 53 7
131 121 8
2
96 91 5
83 64 8
1
128 116 11
3
117 79 1
113 87 13
144 107 14
1
126 80 11
2
131 92 19
138 139 23
2
47 39 4
125 95 24
0
0
3
131 109 1
95 84 17
78 74 20
1
90 69 14
1
104 58 21
2
109 86 2
118 110 23
3
131 108 10
84 83 11
80 66 17
0
2
102 94 6
146 84 10
0
4
71 51 14
86 68 17
96 81 18
131 112 23
1
112 83 0
0
2
86 71 6
124 87 11
0
1
108 97 11
2
109 81 2
120 103 17
1
77 50 24
1
99 90 23
0
0
1
118 84 2
1
84 81 19
1
109 91 2
1
77 57 13
0
3
143 99 2
110 87 9
118 114 10
0
0
0
2
116 96 0
113 98 23
1
131 88 14
4
119 98 0
114 79 1
108 75 10
128 110 17
0
1
74 68 6
1
133 105 0
2
113 93 10
125 107 14
1
104 78 22
2
97 66 9
146 109 19
1
104 85 1
3
107 63 10
102 81 11
135 110 19
0
0
2
110 94 7
125 89 19
1
67 55 21
2
125 116 2
111 84 24
0
2
82 77 6
106 84 17
2
112 70 3
119 108 10
2
110 89 8
84 76 10
3
142 123 3
100 91 10
122 91 18
0
0
0
1
128 86 1
1
60 49 19
0
3
100 78 10
113 96 19
117 107 24
1
86 71 8
2
98 85 8
119 93 17
1
90 73 8
2
122 114 1
79 65 5
2
155 98 2
75 63 23
1
118 93 8
0
2
149 105 6
159 111 8
2
125 75 0
111 83 11
0
0
1
117 70 2
1
113 93 18
4
113 101 3
72 73 10
140 104 21
124 99 24
1
169 156 11
2
116 97 1
130 83 22
2
108 70 1
134 114 11
0
2
90 61 10
94 54 21
1
108 80 21
1
151 97 24
0
2
82 60 2
125 93 4
1
159 113 17
1
104 68 24
0
0
0
2
105 78 3
109 76 8
1
133 109 14
0
1
135 99 4
3
128 106 1
158 135 21
96 75 24
2
120 106 0
136 128 1
0
0
0
0
2
134 127 17
113 81 21
2
121 83 10
117 93 18
1
194 173 11
1
113 84 23
1
131 112 4
0
2
116 97 4
156 124 11
2
121 100 4
43 28 10
2
155 139 6
97 82 17
2
129 87 2
97 87 21
0
3
102 81 8
109 91 18
117 71 23
2
131 83 8
149 115 21
2
153 111 2
155 134 10
1
126 87 10
0
0
2
101 63 1
143 127 10
1
113 96 6
0
3
114 81 11
118 83 23
144 95 24
0
3
102 64 1
129 101 17
115 105 24
1
127 94 18
2
143 114 0
90 74 11
1
164 162 23
0
1
101 76 6
2
125 73 8
140 105 21
2
102 79 11
126 85 19
1
150 149 23
2
108 101 11
143 105 18
1
179 170 17
2
95 68 8
166 116 19
0
0
0
2
174 146 1
101 84 10
2
145 121 2
97 69 13
0
2
137 147 11
98 79 21
1
116 107 23
1
124 96 6
0
3
130 87 10
73 59 13
112 74 22
2
131 75 2
107 87 4
2
112 81 10
147 114 17
0
1
156 138 24
1
99 105 4
2
124 107 18
139 103 22
0
2
155 158 4
157 115 23
3
126 92 4
116 109 11
139 105 13
0
1
136 115 14
2
129 119 19
123 98 23
1
152 148 10
1
163 122 12
0
0
0
1
132 109 14
1
133 103 6
3
137 94 17
98 83 18
114 104 23
1
165 128 4
0
1
179 148 11
0
1
127 98 10
1
191 192 19
0
1
130 134 0
1
140 124 17
1
115 106 4
1
132 96 19
0
2
166 139 17
142 108 23
0
2
112 94 11
141 108 21
1
141 113 17
0
0
2
119 103 1
143 115 24
1
75 44 23
0
0
2
141 104 2
164 138 17
2
94 81 21
170 128 22
2
128 89 10
133 103 13
0
1
104 79 18
0
3
126 106 4
131 115 12
178 140 13
0
1
172 159 23
1
121 78 1
2
127 113 3
121 84 23
2
120 77 0
106 85 24
1
192 136 20
1
150 130 8
1
142 98 4
1
138 121 24
3
152 133 1
123 98 7
163 140 15
2
147 102 10
111 102 22
2
162 133 17
122 86 18
1
144 139 19
0
1
123 102 4
1
173 123 10
1
133 121 11
0
0
1
135 104 6
0
1
155 119 23
0
1
187 161 1
1
126 89 8
2
178 141 4
168 157 10
0
1
115 92 17
2
173 129 4
100 82 14
0
0
3
109 90 1
185 178 2
179 139 4
1
131 89 17
1
157 147 6
2
96 81 2
131 84 14
1
131 94 6
1
123 87 6
0
1
150 124 6
3
130 109 6
135 115 8
212 162 21
5
124 99 0
141 118 6
113 110 11
163 129 18
177 161 22
0
1
97 79 0
2
155 80 8
146 116 12
0
0
2
136 107 11
183 144 24
2
102 83 11
161 116 18
2
132 102 4
137 128 8
2
94 76 1
188 162 8
0
1
121 109 22
0
1
176 147 11
2
112 85 8
170 137 24
1
179 170 11
3
182 152 11
133 79 20
122 87 22
2
122 118 10
170 134 17
1
180 132 13
1
165 133 14
0
2
133 112 1
144 106 12
1
139 93 22
1
160 111 13
0
2
150 140 4
163 131 14
0
0
1
147 115 2
0
1
177 140 21
0
0
0
2
169 147 15
90 65 23
2
179 165 7
104 98 11
1
88 69 10
0
1
171 158 6
2
142 121 4
134 96 5
0
2
108 88 2
90 83 23
0
2
158 132 2
208 229 20
2
153 128 0
117 112 23
3
152 110 2
192 116 8
199 148 23
3
109 79 11
109 89 14
149 131 23
0
1
125 111 13
2
151 102 11
159 132 19
2
123 88 2
186 141 8
0
0
0
1
135 112 12
1
200 150 18
2
147 122 2
134 101 20
0
2
193 140 9
155 138 21
1
135 105 24
1
147 119 10
1
165 141 11
0
2
191 162 1
136 96 21
0
2
164 127 10
135 118 21
1
164 144 13
1
141 94 13
1
183 162 6
0
2
122 124 0
179 142 13
1
116 97 19
0
3
218 156 12
114 86 17
171 147 23
2
152 115 11
149 107 21
3
153 90 13
181 154 23
138 126 24
1
134 90 14
1
162 130 23
1
112 68 6
3
141 115 4
172 121 13
125 113 14
1
153 125 21
0
0
1
183 124 10
2
158 97 10
148 130 24
3
175 131 10
147 136 22
207 153 23
0
2
109 88 5
132 113 8
1
168 145 1
1
127 104 17
2
153 111 2
152 120 23
1
121 110 2
2
111 83 1
137 102 6
2
161 133 1
135 105 13
1
121 81 6
2
130 109 2
180 161 19
0
0
1
138 111 17
2
114 94 14
165 126 21
1
216 150 24
0
2
157 119 14
152 151 19
1
131 108 18
1
176 160 4
0
3
107 93 1
180 158 10
206 129 19
2
122 104 1
190 112 24
1
167 146 2
0
2
179 146 4
163 109 20
1
137 119 6
