6 5 7 8 2 2 2 5 2 7 8 4 4 4 8 8 8 5 3 7 1 5 4 7 3
0
0
3
8 7 0
8 6 2
8 6 3
3
8 7 4
8 4 18
9 6 22
2
9 7 0
10 9 24
4
8 5 2
8 6 11
9 7 14
8 7 24
0
1
9 7 0
1
11 8 17
0
2
8 7 10
7 6 21
1
7 5 11
1
10 9 15
1
7 5 0
1
10 8 9
3
8 7 16
8 7 19
14 11 24
2
8 8 8
7 7 21
2
10 8 2
7 6 10
2
14 12 10
10 7 14
0
3
10 7 0
6 5 16
11 9 18
2
14 12 15
10 9 19
4
9 7 0
10 7 2
17 10 13
6 4 23
1
9 6 11
1
11 8 0
2
10 8 2
10 7 19
0
1
12 11 16
1
8 5 15
1
12 11 3
0
3
8 6 2
9 7 3
12 10 11
3
12 10 10
13 11 15
9 8 21
1
11 9 18
2
11 8 12
13 13 15
2
10 7 2
11 8 19
1
8 5 10
1
11 7 9
0
2
12 9 13
14 11 16
3
11 9 10
12 10 14
18 15 16
0
2
18 13 0
13 13 12
1
15 14 24
1
11 9 21
2
17 14 10
10 8 21
0
3
17 17 1
13 8 10
9 7 16
1
12 10 3
0
0
0
3
17 14 10
15 11 12
11 10 15
0
0
2
18 15 7
13 9 11
1
15 11 22
1
11 10 14
1
13 9 13
0
3
14 10 0
17 16 1
22 16 9
0
1
19 15 21
0
2
12 8 10
20 11 19
2
18 17 1
18 15 16
0
2
19 15 11
19 15 22
2
16 12 10
17 13 21
1
14 14 14
0
3
12 7 4
22 13 10
18 13 11
0
0
0
2
15 13 11
17 11 15
1
18 14 7
2
19 15 0
20 14 21
1
19 16 0
2
18 13 7
25 16 11
0
2
17 11 0
22 15 22
1
18 13 15
1
15 15 17
1
25 21 23
4
21 18 0
18 18 2
19 14 7
13 10 10
3
13 11 15
9 7 16
18 16 19
1
16 13 2
2
20 14 9
14 12 10
4
17 13 11
21 18 14
21 18 19
25 23 23
1
27 24 22
0
2
18 13 3
22 19 13
1
22 15 16
0
1
16 10 13
1
25 19 3
1
20 15 10
2
27 20 16
18 17 18
2
29 20 4
30 25 21
0
1
13 12 3
1
27 21 18
2
19 15 10
19 15 14
2
22 18 19
31 30 23
1
18 14 15
0
0
0
3
20 14 13
23 21 15
26 20 19
2
23 16 12
29 26 16
1
14 11 3
4
28 22 10
15 13 14
23 19 16
21 15 21
1
24 18 17
1
18 18 9
1
24 18 19
2
26 21 13
26 19 19
2
28 22 15
31 22 23
1
25 20 24
1
16 13 10
1
24 20 6
2
19 12 2
32 20 16
3
25 18 7
24 20 13
26 21 24
3
23 21 6
15 12 9
27 24 22
0
1
28 25 7
2
24 20 10
22 18 13
2
29 23 7
19 14 15
2
25 22 15
30 25 24
1
20 16 10
1
38 29 7
1
29 22 17
0
1
33 26 0
2
35 26 7
27 14 18
0
2
32 28 18
22 17 21
0
2
26 26 0
31 25 12
1
36 32 3
2
17 12 1
27 21 16
1
29 28 15
1
27 25 16
0
1
29 23 2
3
37 30 10
26 23 14
26 20 15
2
32 27 2
36 24 11
0
1
21 18 22
1
33 33 9
1
41 34 24
1
23 15 5
1
18 14 15
3
31 21 9
38 33 13
32 29 17
1
40 37 13
3
33 18 6
25 22 15
37 33 23
1
30 22 7
1
37 30 7
0
1
32 25 10
1
33 27 2
2
40 36 2
28 23 15
0
0
1
27 22 0
1
26 21 11
3
41 31 1
32 21 17
33 28 18
0
3
29 22 10
30 18 14
34 28 21
0
3
26 23 1
37 25 10
31 25 23
0
2
33 24 3
32 28 18
2
19 13 3
22 14 10
2
13 13 2
23 21 4
2
36 25 11
27 23 15
1
40 37 13
1
40 32 18
1
41 32 14
0
3
35 31 10
30 26 14
43 40 15
0
1
43 24 23
3
33 25 2
35 27 12
37 27 16
0
2
36 34 11
31 25 16
1
54 40 14
2
27 17 9
30 24 21
1
29 22 21
1
36 32 0
0
4
44 35 3
30 22 13
42 38 16
30 21 19
2
34 26 15
36 22 19
1
31 22 3
1
23 19 10
0
3
44 31 3
63 53 14
31 30 19
1
31 27 13
1
41 36 9
2
43 37 1
32 29 2
0
0
1
31 27 3
0
1
45 40 3
1
34 27 17
0
3
40 32 3
42 35 13
38 26 16
1
34 30 14
2
39 31 15
32 21 16
0
2
43 33 3
42 35 10
2
42 31 3
43 29 5
1
50 45 2
1
36 30 0
3
51 38 3
39 42 12
39 25 19
0
3
32 24 2
40 36 15
43 39 16
2
44 39 20
24 19 24
2
30 24 11
41 29 23
1
33 32 9
1
44 42 18
4
41 43 3
40 33 13
34 32 16
45 43 22
2
44 36 1
42 32 15
0
2
41 30 15
53 40 21
1
44 35 19
1
52 45 14
1
47 37 19
2
39 34 14
49 36 23
1
30 25 0
2
47 41 5
55 41 15
1
33 27 18
1
32 26 13
1
43 39 6
1
51 45 16
1
35 31 14
1
34 27 0
1
31 25 14
0
0
3
40 33 1
36 22 10
44 37 17
0
1
42 37 2
1
52 41 16
0
3
52 43 9
42 37 10
34 25 15
3
44 30 18
40 25 21
56 39 22
3
39 26 3
58 47 9
41 32 11
1
36 30 10
1
49 41 12
3
29 21 2
43 28 11
46 43 19
3
49 46 3
53 44 18
38 32 19
1
44 41 13
1
32 27 7
3
45 34 12
67 63 16
48 34 17
3
49 47 1
50 56 18
32 20 21
1
54 52 14
2
47 38 9
60 47 16
2
40 27 0
60 45 10
1
44 41 12
0
0
1
38 33 0
2
49 39 7
45 28 21
0
3
38 26 2
46 35 3
47 47 16
2
51 40 16
53 46 19
1
37 32 17
1
38 30 19
1
45 39 10
0
0
1
47 45 7
0
1
61 40 7
3
49 36 10
45 40 15
39 30 16
0
1
38 31 10
1
42 27 9
0
0
2
58 50 7
64 58 11
1
54 39 0
1
49 38 2
1
60 50 16
0
0
3
53 36 7
44 28 19
65 52 23
2
41 32 2
59 41 17
1
47 44 10
0
1
58 51 23
1
68 67 2
1
69 55 15
1
36 28 16
2
43 27 2
56 39 10
2
61 40 7
30 25 14
0
1
55 58 13
1
55 53 21
3
67 54 9
51 38 10
56 39 18
2
56 52 15
66 49 16
0
3
76 53 0
43 35 9
49 32 21
2
40 27 14
39 29 16
2
56 47 0
57 59 21
1
65 48 14
0
0
2
65 65 14
65 45 15
1
41 33 10
0
1
49 32 14
1
58 49 17
1
41 32 15
0
1
63 48 11
0
2
61 42 0
70 63 19
0
1
52 44 3
0
1
54 43 15
0
2
60 49 3
63 57 16
1
67 59 23
1
57 49 14
2
51 32 2
38 29 10
0
1
70 62 16
0
1
66 49 16
2
52 38 14
62 50 23
0
1
58 40 15
3
49 44 3
71 70 8
55 47 22
0
2
42 38 9
51 38 23
1
53 35 12
2
34 26 23
41 29 24
2
72 50 9
46 37 14
1
80 68 2
4
41 30 11
69 45 14
65 53 15
51 47 19
3
68 47 1
48 40 17
52 42 23
2
60 47 13
62 48 22
0
1
58 39 0
0
2
64 57 2
80 67 6
0
3
79 58 1
29 25 3
62 59 14
0
1
55 41 16
0
0
4
57 52 6
81 50 14
55 40 16
45 36 21
1
79 66 4
1
89 78 19
0
0
0
1
45 44 2
4
64 35 7
62 62 14
68 51 20
68 50 21
1
68 53 15
2
77 58 0
42 23 1
2
55 38 3
57 39 10
0
0
2
65 65 1
60 53 14
0
1
70 53 0
0
2
67 51 2
84 68 12
1
63 53 7
1
46 30 8
0
1
61 40 10
1
75 69 0
1
71 62 18
1
76 63 19
1
64 57 10
3
80 59 9
69 68 10
56 35 14
1
79 68 3
2
66 51 3
74 56 20
2
63 49 2
71 56 11
0
3
81 64 0
71 59 16
58 40 22
0
0
0
0
2
63 57 7
76 60 15
1
101 83 23
1
69 45 16
1
49 42 14
2
88 67 10
60 46 15
3
70 65 2
88 67 13
56 50 19
2
49 39 9
68 51 23
2
79 51 4
53 46 21
0
3
79 61 10
58 49 14
45 29 24
0
0
2
47 42 10
41 30 13
0
2
62 49 15
70 59 16
0
2
55 44 9
71 60 22
2
64 43 12
42 34 23
2
55 45 9
46 38 16
3
80 73 6
75 70 9
81 62 19
1
69 50 23
1
78 71 19
1
46 36 0
1
75 60 23
3
88 82 2
68 54 7
62 55 17
0
1
82 66 12
1
64 54 10
0
3
55 48 3
80 64 7
74 65 17
0
0
2
80 60 3
40 34 23
3
83 56 5
92 70 9
55 50 16
3
79 65 14
67 39 23
51 40 24
1
33 26 2
2
85 70 2
88 81 9
0
3
63 43 1
60 52 14
53 39 16
3
72 68 15
69 61 22
68 37 24
0
1
66 66 8
0
2
88 72 2
79 71 24
1
75 64 16
0
1
103 90 0
0
0
1
80 71 13
1
77 64 8
1
73 60 19
1
76 49 14
1
62 47 4
0
2
94 57 4
92 62 12
2
89 62 21
91 82 23
2
69 55 3
72 53 23
3
74 51 1
102 81 3
78 61 21
0
1
83 64 7
2
85 71 7
77 66 22
0
1
83 71 15
1
54 50 6
0
2
71 54 10
80 71 21
0
1
81 54 3
1
66 48 11
2
75 69 14
75 73 16
2
80 66 9
74 54 15
2
83 74 0
114 105 18
0
1
80 59 15
1
80 53 16
1
92 55 17
0
1
65 53 1
1
81 65 10
0
1
87 88 19
2
61 47 2
102 87 16
1
101 92 0
0
0
1
72 69 15
0
0
1
77 57 16
1
87 63 10
1
51 40 5
3
79 67 2
79 79 7
133 108 18
2
83 62 1
79 58 15
0
1
77 74 2
2
69 62 3
109 88 14
5
91 60 1
81 54 2
93 74 9
84 93 17
93 74 18
0
0
2
67 56 22
104 78 23
2
95 75 6
100 89 23
2
81 57 0
92 75 23
0
0
1
52 46 3
1
72 50 2
0
1
90 82 11
1
133 105 14
1
86 59 18
0
0
1
62 68 23
2
78 62 3
68 51 23
1
101 72 3
1
69 51 17
0
2
98 87 15
96 63 21
2
107 74 10
96 66 11
3
77 55 10
72 63 17
106 73 23
1
69 46 13
0
1
90 68 14
2
93 74 11
91 67 15
1
103 77 3
0
0
4
67 54 3
68 43 9
85 74 16
87 57 17
2
128 105 9
57 47 18
1
91 62 1
3
73 56 7
107 104 11
60 52 16
0
2
77 61 14
55 54 16
0
1
98 63 10
0
1
103 75 14
0
1
85 72 7
1
65 58 9
1
57 44 22
3
60 52 14
60 45 19
96 79 23
0
0
3
53 42 1
91 68 14
101 92 21
0
2
71 58 15
104 54 16
2
73 61 5
101 90 10
3
126 103 3
111 83 23
85 63 24
1
86 73 2
0
1
93 67 2
2
99 67 3
99 95 16
3
68 63 7
62 45 15
69 63 19
1
83 67 3
1
70 46 23
1
73 63 18
0
0
2
52 43 22
96 88 24
2
74 53 22
97 79 23
1
83 67 22
0
2
70 63 3
86 62 10
1
76 55 14
1
126 94 3
2
119 91 2
95 77 22
1
90 81 14
0
0
1
102 70 2
0
1
84 50 14
1
117 103 19
0
2
114 97 21
88 65 23
2
61 50 9
109 91 17
4
105 63 3
112 98 13
91 81 17
83 72 19
0
3
124 103 3
65 54 12
105 72 21
1
112 77 19
1
92 90 16
0
0
3
76 54 2
104 84 3
100 77 19
0
1
79 65 16
0
1
82 72 7
0
1
118 100 3
0
2
110 79 3
91 71 14
0
0
2
116 89 13
47 43 16
2
110 80 15
96 80 23
1
121 100 13
1
86 73 17
2
74 70 15
90 71 18
2
48 40 10
82 60 13
0
0
0
1
63 38 23
1
57 41 7
1
127 92 6
0
2
129 107 14
108 78 19
1
113 75 6
1
94 71 0
4
97 59 0
101 85 2
106 103 19
90 74 21
2
130 110 9
63 49 10
0
0
3
105 91 2
81 68 5
113 83 15
2
107 81 3
99 77 21
0
0
1
101 104 11
3
114 87 14
60 64 15
103 82 22
3
118 71 0
98 84 7
115 97 14
2
101 85 2
112 92 23
1
74 68 8
3
59 45 7
110 103 9
97 79 14
1
88 72 8
2
75 56 11
82 71 19
4
86 70 0
111 85 2
68 53 6
104 91 13
4
84 59 7
102 77 14
106 99 19
94 69 21
3
95 77 0
110 79 18
107 79 23
1
110 83 12
3
76 55 3
111 79 16
124 90 18
1
109 71 9
1
92 78 9
1
122 82 7
1
94 81 1
3
71 45 2
114 93 10
86 61 14
3
88 72 7
107 77 9
70 54 16
1
130 97 2
2
90 84 2
93 46 24
3
134 123 5
110 86 7
114 128 16
2
134 104 11
97 75 14
2
89 76 8
115 101 23
2
136 90 10
85 86 16
2
102 89 1
115 90 10
0
1
164 151 1
1
118 115 9
1
151 135 15
2
105 95 10
77 75 15
2
91 70 10
106 96 16
1
125 102 16
1
105 97 16
1
92 63 1
3
87 74 9
92 67 11
89 69 15
1
111 85 10
1
98 67 10
1
130 110 14
2
88 63 15
131 111 17
1
102 85 10
2
124 93 14
129 95 24
0
1
104 80 17
1
71 41 2
0
2
131 98 14
120 83 19
1
115 98 3
1
130 109 10
2
121 87 12
111 80 16
1
78 57 13
0
1
140 112 3
1
85 72 8
0
3
86 81 7
68 50 10
58 52 17
1
87 74 15
4
131 109 2
83 70 18
125 103 19
98 70 21
0
1
95 81 13
3
108 83 9
92 73 14
73 48 19
1
119 77 2
2
104 78 7
102 77 18
2
95 85 13
131 87 16
2
111 81 0
103 80 15
1
99 90 22
2
145 116 4
132 136 6
1
119 98 6
0
1
69 67 2
1
108 72 3
2
99 76 3
85 67 15
1
113 72 4
2
131 114 13
110 81 23
2
124 111 1
114 90 16
3
155 110 3
61 51 9
100 90 19
1
113 92 9
0
2
97 80 10
115 94 11
0
0
2
102 72 2
109 97 23
2
100 69 3
112 93 22
0
1
78 63 6
0
1
120 91 12
2
136 130 2
113 94 19
1
83 63 10
2
153 140 22
130 111 23
3
122 79 9
110 86 21
117 92 22
1
117 79 12
0
1
136 100 11
2
71 58 12
123 117 21
4
130 92 1
125 121 2
102 79 3
151 99 19
1
108 83 24
1
104 60 9
2
91 66 10
140 122 18
0
2
139 123 16
118 86 19
0
2
112 79 1
102 92 14
0
1
104 87 24
1
115 103 13
3
122 93 7
111 111 14
146 143 23
2
135 114 3
110 85 11
1
108 87 3
1
93 86 0
4
135 101 4
139 106 8
95 82 14
91 61 15
1
120 102 24
1
148 123 21
1
87 69 10
1
122 121 9
4
104 81 9
154 131 10
103 79 11
132 105 17
4
116 75 0
101 86 2
72 56 10
49 41 22
1
127 90 10
3
120 114 2
117 103 9
68 58 16
1
133 103 19
0
4
121 104 2
121 99 13
148 146 15
74 56 16
1
138 115 3
1
78 60 23
0
2
72 64 9
38 26 19
0
2
142 110 7
89 68 16
2
100 66 13
122 100 16
1
103 79 19
4
127 113 0
101 82 1
154 101 14
89 64 15
1
86 63 14
2
143 131 10
90 80 17
2
121 104 1
134 97 6
0
1
99 88 15
1
108 96 13
3
129 105 3
134 95 9
91 90 16
0
1
121 102 10
0
2
161 112 3
133 88 16
0
1
111 98 3
1
121 76 14
2
92 77 7
129 101 14
1
108 82 7
1
115 79 13
0
3
147 102 4
91 61 5
146 118 16
0
1
138 117 20
2
122 91 1
92 70 7
0
2
154 128 3
122 103 10
1
204 179 4
0
1
105 103 10
2
105 104 2
178 144 12
3
102 84 10
150 143 15
145 117 22
1
108 90 22
1
90 82 15
3
141 113 2
116 96 15
119 113 23
2
124 113 1
102 84 19
1
90 75 15
1
119 79 14
1
130 84 23
0
1
107 95 15
2
126 105 0
114 93 13
1
149 100 9
1
126 87 4
3
168 126 0
133 123 3
138 103 13
1
100 63 15
1
101 79 13
1
126 124 18
0
2
77 53 10
159 111 17
2
121 76 2
127 81 10
2
128 92 16
102 84 24
1
116 90 3
0
2
148 114 10
156 140 14
0
2
138 108 15
186 153 16
1
131 107 21
1
109 82 17
0
3
157 138 8
143 116 12
112 72 13
3
138 103 3
120 82 5
108 82 7
4
115 70 14
119 88 19
110 96 22
105 78 23
1
158 125 10
0
1
80 63 10
1
115 116 2
1
153 132 2
1
142 131 8
2
106 101 6
142 104 14
1
123 100 13
1
139 97 16
2
112 106 9
110 81 14
2
200 142 2
108 96 3
3
149 131 3
124 78 16
166 145 20
2
110 80 3
131 107 14
2
107 74 9
106 85 17
0
2
121 110 3
150 91 13
1
165 134 24
1
127 109 23
2
126 111 0
144 119 22
0
2
108 101 17
142 121 23
1
97 72 15
0
1
143 106 2
3
159 120 10
103 91 14
147 122 19
0
0
0
1
123 82 15
2
135 134 0
137 104 14
0
1
135 111 9
0
1
140 98 23
0
0
3
147 126 0
166 132 8
187 171 11
2
140 123 6
190 135 15
0
2
90 54 10
158 127 19
2
164 114 13
125 100 16
2
126 103 1
127 107 10
1
119 76 16
0
2
157 104 6
155 119 22
1
98 86 24
1
159 132 7
1
109 72 22
0
1
118 102 3
2
156 108 9
150 146 19
2
156 117 13
142 105 23
3
185 151 3
148 137 9
111 89 19
2
111 88 13
118 75 18
2
151 102 3
133 112 19
1
145 120 12
2
133 106 5
169 149 23
0
0
0
2
112 95 0
171 123 10
1
148 117 23
0
2
141 107 2
120 94 17
1
145 99 9
1
119 110 16
1
169 140 2
2
110 72 5
161 128 22
2
130 101 16
181 144 22
1
130 120 14
3
125 86 10
210 148 14
108 87 17
1
142 91 1
2
122 84 18
137 88 19
0
2
162 123 16
174 98 23
1
147 99 9
5
140 111 3
123 100 16
130 97 17
142 132 19
98 82 24
0
2
152 131 0
131 119 11
1
126 132 17
2
167 147 0
101 73 2
1
139 136 19
4
76 68 17
142 128 21
140 125 22
148 132 23
1
158 136 12
0
2
158 116 5
119 97 13
0
3
147 126 10
85 68 13
115 98 23
1
101 98 14
2
158 143 1
170 164 19
1
157 149 23
3
125 96 1
111 93 16
164 135 19
1
76 48 2
2
137 108 3
199 171 10
4
130 116 1
153 128 3
160 123 10
126 91 12
3
117 98 11
146 111 14
139 133 17
3
139 106 8
169 171 10
95 70 15
0
0
2
137 108 0
192 168 3
1
118 84 15
1
135 93 14
2
116 113 14
124 97 17
1
151 132 19
2
145 109 10
97 85 14
0
1
188 150 19
0
1
170 138 4
3
196 165 2
122 79 3
110 73 4
1
141 112 6
2
120 89 4
136 113 23
0
0
0
1
125 102 7
0
2
131 104 7
105 96 19
1
176 104 15
2
106 83 3
94 83 10
1
151 97 16
2
165 128 15
251 220 21
1
142 105 16
1
149 108 1
0
2
191 164 9
127 111 10
2
181 166 2
191 98 17
3
176 160 17
180 157 23
126 101 24
0
3
130 109 3
138 121 10
120 96 19
1
103 71 13
3
159 121 0
173 135 14
133 111 21
2
207 165 3
163 108 13
3
124 94 0
177 148 21
120 95 22
1
198 170 16
2
111 96 0
177 163 9
2
131 88 4
175 153 11
1
117 102 16
1
179 149 10
1
167 134 2
0
2
136 103 0
230 177 9
1
150 127 14
1
169 144 9
0
3
151 114 2
182 121 7
91 82 21
0
0
0
1
133 99 8
1
202 149 2
3
213 187 13
116 109 16
92 74 22
0
1
131 123 15
1
144 95 3
1
100 81 3
2
166 121 15
112 98 24
2
155 114 3
165 131 7
0
1
168 120 7
1
177 140 23
2
106 78 2
192 127 21
1
161 145 3
1
189 171 16
2
144 100 2
181 154 7
1
168 142 8
2
142 134 4
148 115 10
1
92 66 9
2
162 123 3
186 159 10
0
1
216 186 6
0
3
208 141 13
136 113 14
191 152 16
0
1
155 136 19
3
91 88 2
139 119 9
91 64 10
1
185 124 4
1
100 79 21
1
82 50 16
3
152 131 0
154 135 3
118 96 16
3
170 127 2
126 101 17
152 119 23
1
170 151 11
0
0
3
216 141 10
126 91 21
233 190 22
0
0
1
96 90 16
0
1
130 103 12
2
172 134 1
172 136 9
2
144 122 19
97 78 22
3
85 61 12
163 149 13
233 190 16
2
121 82 10
109 82 21
0
1
202 187 7
1
171 173 21
