8 1 4 5 4 2 8 2 2 6 5 6 8 8 7 3 8 3 5 5 3 1 2 4 6
0
0
0
3
9 7 10
7 5 19
11 9 23
1
9 6 23
2
7 5 11
6 5 14
3
8 7 13
8 5 16
8 7 23
1
9 6 13
3
10 11 1
9 7 9
11 10 14
2
10 7 6
8 6 16
1
9 8 10
0
1
8 6 2
2
11 10 9
13 9 17
0
0
4
12 10 12
10 8 20
11 9 23
7 8 24
0
1
8 6 14
2
9 7 12
15 12 20
1
12 10 5
1
14 8 6
2
10 7 12
10 6 18
0
3
10 8 0
11 9 18
12 10 22
1
15 9 11
1
6 3 16
1
12 9 17
0
3
8 5 11
13 11 14
9 8 15
0
0
1
8 8 14
1
11 8 3
0
1
10 9 2
2
14 10 1
14 12 6
2
14 11 0
12 10 19
2
13 8 15
8 5 16
3
14 11 2
12 8 9
16 13 16
0
1
11 8 16
2
19 17 17
14 13 24
1
12 8 24
1
16 15 23
1
12 8 24
1
11 7 23
1
11 9 24
2
13 11 14
15 15 18
2
15 12 6
20 16 20
1
14 12 14
0
1
11 8 23
2
17 12 6
12 12 9
1
18 15 0
1
10 7 7
0
1
13 10 24
2
16 14 12
15 12 13
2
15 12 3
14 8 15
0
0
1
16 13 11
2
16 14 6
20 16 18
0
2
13 11 0
13 10 11
0
0
3
16 12 3
16 13 6
15 13 24
0
1
23 20 18
1
20 19 0
2
20 17 2
21 22 9
1
14 13 13
2
17 10 18
19 15 24
1
21 17 21
0
2
20 17 16
15 11 19
1
20 22 12
0
0
1
20 14 3
3
19 17 4
25 24 14
25 19 23
1
20 16 3
1
18 16 2
0
1
18 15 0
2
15 14 6
20 17 22
0
1
24 19 0
1
26 22 13
3
15 10 3
29 23 7
18 15 11
1
12 8 5
2
24 19 20
16 12 21
1
26 17 6
4
19 14 2
30 21 4
17 10 8
28 20 11
1
13 10 6
1
23 18 11
3
28 18 6
17 15 20
18 13 24
0
0
1
26 19 24
1
24 22 23
1
29 21 16
1
21 18 24
0
2
22 19 14
17 12 20
0
2
26 23 0
25 14 9
1
33 29 10
0
0
1
26 21 2
1
28 18 15
1
19 18 15
1
20 17 12
1
28 27 0
1
19 14 24
1
26 20 8
2
27 19 16
22 17 18
2
26 17 9
14 10 12
1
24 19 17
1
25 20 6
1
14 7 14
0
1
29 28 16
4
28 22 0
30 28 12
20 13 14
32 26 16
3
23 17 3
25 19 17
28 22 19
1
28 19 3
1
25 20 9
0
1
20 17 15
1
28 25 19
1
27 21 9
1
28 22 0
0
0
0
2
27 21 9
30 25 11
0
2
23 13 16
36 30 23
1
13 9 2
1
32 27 16
2
22 12 10
38 31 17
1
25 20 6
2
36 26 4
28 23 18
0
0
0
0
2
28 22 0
35 27 3
1
18 17 1
1
30 17 20
1
30 32 4
1
13 10 2
2
32 24 6
25 20 22
2
30 25 0
27 21 12
0
2
33 24 13
35 27 22
2
32 20 7
30 25 19
1
29 23 9
1
42 48 0
2
39 31 0
35 32 19
1
27 19 16
0
0
1
33 29 11
1
26 20 16
0
2
33 26 2
20 16 3
1
31 31 24
3
36 27 0
41 29 2
41 30 13
1
24 20 7
3
44 44 0
48 34 13
35 31 18
0
2
34 21 11
26 19 23
2
36 24 14
30 20 18
1
30 24 0
2
38 29 12
39 30 14
1
30 28 18
1
25 18 14
0
0
2
41 39 1
41 36 24
3
44 28 4
22 19 12
26 23 19
0
3
50 37 0
45 42 1
31 27 14
1
32 23 8
1
33 27 23
2
40 35 3
30 24 24
3
42 33 14
40 29 18
29 26 22
0
0
0
3
52 41 10
47 35 18
32 19 22
1
44 34 4
1
29 21 15
0
1
35 33 17
0
0
0
6
38 25 3
28 26 6
37 33 13
40 34 14
46 39 17
31 22 20
3
43 38 5
42 37 10
32 30 24
2
43 36 0
47 45 12
3
41 23 3
36 26 10
50 32 24
3
54 56 7
36 24 13
28 22 15
3
20 18 6
41 38 11
39 35 23
2
27 25 13
39 32 17
1
42 26 17
2
54 39 14
45 38 24
0
1
28 25 7
1
40 30 24
0
2
41 32 11
33 23 16
1
34 27 6
0
0
1
44 33 9
0
4
38 31 0
36 25 4
38 22 10
42 36 13
1
44 35 11
1
32 33 4
0
2
35 27 12
42 30 19
0
1
34 28 9
1
43 34 0
2
44 36 9
41 35 16
1
44 37 19
1
57 51 24
0
2
49 41 6
28 23 23
0
2
41 27 6
33 27 24
5
41 27 0
37 32 8
43 38 10
47 33 14
42 30 18
3
44 29 2
36 28 7
51 38 16
0
1
42 35 0
3
41 32 6
44 36 7
49 37 14
3
45 34 6
37 29 7
54 48 8
2
38 33 16
41 35 19
2
52 41 5
46 34 16
1
35 25 16
1
35 32 10
2
50 33 2
43 26 23
0
2
51 44 12
35 30 21
1
38 30 0
2
59 51 2
47 38 14
2
50 41 4
38 22 8
2
39 29 1
52 41 16
1
26 21 6
1
44 45 18
1
53 41 14
2
32 30 12
52 42 19
0
0
2
40 31 5
58 41 18
2
53 50 7
50 42 10
1
24 17 3
0
1
41 30 6
0
2
50 36 7
45 37 16
0
1
43 34 9
2
59 45 3
61 50 9
1
44 33 17
0
0
3
54 46 1
59 50 4
58 49 24
0
2
69 55 16
63 49 17
0
1
52 52 0
0
0
1
43 32 13
3
57 50 13
38 35 19
67 48 23
0
0
1
48 37 6
2
28 23 13
66 61 22
0
1
33 28 12
0
1
39 34 22
1
55 40 9
2
63 57 14
65 45 21
3
50 42 2
45 33 14
61 54 17
2
43 36 14
52 48 18
1
33 28 18
0
0
1
63 43 0
0
1
58 37 5
1
46 37 14
1
34 24 3
0
0
1
47 37 16
1
55 45 1
0
3
33 23 13
59 48 16
53 44 24
3
61 55 0
59 51 1
53 43 12
0
1
51 45 13
1
64 59 11
0
0
1
72 51 19
1
58 41 11
1
55 42 6
0
0
2
51 45 0
34 29 6
1
51 34 11
1
43 35 1
2
97 88 4
52 47 13
2
57 37 4
45 33 16
2
58 43 10
32 26 11
1
66 50 24
0
2
53 50 2
74 68 14
0
1
47 37 6
1
78 69 6
1
53 54 10
3
57 39 3
61 50 6
69 51 12
1
57 43 13
1
66 48 24
2
57 46 2
57 46 3
1
60 48 12
3
59 48 0
69 63 12
76 70 21
1
60 55 6
0
2
98 92 1
53 40 11
1
53 35 18
3
60 46 6
53 40 14
59 46 24
2
65 42 13
60 47 14
0
2
86 74 6
59 56 14
0
0
1
40 29 19
0
1
85 62 13
1
57 34 21
2
63 54 3
69 39 16
2
87 59 0
53 46 9
0
0
1
47 37 22
1
72 67 17
0
3
72 64 3
63 55 20
70 59 24
1
65 43 24
1
77 63 10
2
74 51 0
41 30 11
0
1
47 39 18
0
0
2
50 42 13
70 58 16
0
0
0
2
59 45 0
64 50 14
0
1
63 50 13
2
43 39 5
77 50 12
1
54 43 13
1
56 49 19
2
69 55 6
58 48 20
0
1
86 67 2
0
2
72 62 2
54 42 16
0
1
70 48 6
1
80 68 13
3
53 45 0
55 40 17
52 45 22
1
67 57 2
0
1
56 40 16
2
56 41 8
41 39 10
2
79 64 0
85 60 4
1
54 48 20
2
65 50 10
78 75 16
2
51 40 6
49 37 24
1
80 51 3
1
71 63 15
1
76 57 0
1
67 43 24
2
67 56 7
64 47 14
3
74 65 10
77 52 12
52 47 13
0
2
74 55 13
111 97 16
1
54 43 15
1
65 40 12
0
1
45 28 4
1
55 39 16
1
66 51 6
0
1
51 44 18
1
76 77 16
1
85 46 2
0
3
60 48 6
55 38 13
71 59 23
6
57 46 0
84 72 6
67 46 9
62 55 11
57 48 15
59 44 20
2
90 62 2
53 47 24
2
52 43 3
44 32 20
0
1
54 51 20
0
1
85 72 11
0
0
1
75 58 24
0
0
3
66 50 12
74 74 19
83 48 23
2
83 61 7
108 79 24
0
0
2
84 69 4
62 57 14
2
62 51 14
67 62 21
2
66 39 3
59 53 16
2
57 48 0
42 39 10
3
83 65 18
94 73 19
70 59 22
0
1
75 65 3
4
78 59 6
63 50 11
74 62 12
75 61 13
3
66 46 8
53 40 12
95 81 20
0
1
63 56 24
2
84 67 0
68 47 9
1
39 25 6
1
77 74 16
1
94 77 15
1
62 44 19
0
1
89 79 4
1
67 44 9
1
78 61 4
2
79 82 16
69 55 18
1
74 56 13
1
51 45 19
2
69 69 3
80 59 10
1
87 86 24
2
97 88 0
61 58 15
2
75 72 9
68 47 13
0
1
80 61 15
0
0
0
3
94 94 15
43 33 18
95 82 21
1
84 60 15
1
56 56 11
1
75 65 4
0
1
69 53 11
0
2
78 71 18
64 58 19
3
81 56 4
91 57 5
99 99 16
3
83 67 0
73 60 3
80 64 24
1
69 58 13
2
102 72 18
109 74 22
2
73 57 0
79 73 6
3
69 43 2
92 78 10
80 71 14
2
103 51 4
87 87 15
0
0
2
104 73 4
82 69 7
2
78 65 6
84 78 24
1
64 56 7
1
96 86 19
2
101 90 4
74 59 10
0
1
75 57 9
2
97 69 6
72 55 11
1
61 54 9
2
78 55 15
91 76 16
6
75 63 0
84 62 2
112 109 11
55 47 12
66 56 16
79 66 19
2
90 74 13
100 73 17
1
73 53 9
2
88 73 6
112 93 14
1
51 38 2
1
78 64 18
1
97 71 0
1
82 70 23
0
3
83 67 9
73 66 11
112 92 13
0
0
1
87 73 6
1
69 41 18
0
1
74 50 21
0
1
73 63 6
3
82 69 5
100 82 8
91 64 11
2
73 56 17
66 65 23
1
71 52 0
2
72 58 2
75 72 16
1
105 88 14
0
1
70 52 24
2
64 68 14
109 84 16
0
3
73 64 4
95 66 6
92 76 23
0
2
83 74 11
82 67 24
0
0
2
88 74 13
103 75 15
3
97 70 3
73 59 8
109 74 9
0
0
1
64 47 4
2
81 83 2
103 84 6
2
100 78 12
91 58 18
0
0
1
69 56 7
1
98 57 4
1
99 92 24
2
97 72 12
63 58 24
2
80 61 3
87 64 14
1
86 65 14
1
98 75 12
1
127 78 12
0
2
116 86 0
106 74 11
1
114 84 11
2
106 102 3
82 58 20
2
85 72 0
61 56 9
0
0
0
0
1
71 62 20
2
103 88 0
92 73 7
2
69 49 13
84 51 15
0
1
103 64 3
1
70 55 8
1
41 27 13
1
102 90 16
0
3
67 57 4
67 68 6
101 88 11
1
95 83 14
2
73 68 4
104 71 22
2
92 64 4
123 92 14
1
107 84 22
3
91 74 6
99 79 13
79 58 24
1
112 73 4
1
56 41 0
1
120 100 13
0
0
1
104 76 0
0
1
81 53 9
0
1
62 45 9
1
54 35 16
3
84 75 3
70 53 6
106 70 24
2
127 114 5
96 75 22
0
2
75 58 0
100 86 13
2
91 76 3
111 113 24
2
84 58 10
109 90 24
2
116 88 13
76 62 16
0
1
106 101 2
2
76 69 12
96 86 22
0
1
75 59 16
1
108 84 23
2
101 91 3
120 87 6
0
0
2
50 44 10
117 100 23
0
2
105 110 2
77 50 13
2
95 85 0
106 78 13
0
1
109 94 13
1
114 106 6
0
1
119 90 12
1
91 84 2
1
61 43 7
0
2
115 87 6
107 80 14
2
96 82 0
89 69 11
1
78 71 16
1
74 50 10
0
0
2
87 85 12
113 80 19
3
96 72 0
86 69 13
76 61 19
0
0
4
80 71 0
89 64 12
157 138 16
108 86 23
2
97 82 7
108 103 14
0
1
102 88 5
4
114 90 0
114 94 6
117 83 10
101 82 17
0
0
2
120 102 4
123 107 7
1
92 66 17
3
117 86 11
68 54 17
122 120 23
0
0
0
0
1
121 80 6
0
1
133 114 19
3
95 76 0
82 60 2
112 81 10
0
1
130 116 0
1
80 55 2
1
111 87 4
1
107 82 6
2
133 123 3
119 102 17
1
134 97 4
0
2
106 75 11
111 93 16
2
85 62 20
111 92 24
1
128 93 2
2
89 90 5
90 61 18
3
103 102 13
103 85 16
131 91 24
0
1
86 74 6
0
3
85 73 13
103 73 17
152 97 20
1
108 93 11
0
1
143 93 12
1
99 77 19
0
1
100 75 6
2
146 98 13
145 102 24
3
142 102 0
129 121 9
89 55 19
2
86 71 14
116 88 16
2
98 78 15
106 96 16
1
111 102 12
0
4
97 88 0
65 50 9
103 94 12
107 80 13
2
115 103 6
109 86 14
0
1
114 86 9
1
114 113 15
2
90 54 4
100 101 12
0
0
1
88 70 22
1
94 73 16
0
2
101 100 9
74 56 14
1
81 65 12
0
1
139 130 11
3
94 64 10
106 77 13
104 98 24
2
102 62 0
131 113 19
1
105 99 14
0
0
0
0
0
1
86 60 0
2
88 76 1
109 81 8
0
0
0
1
98 79 22
2
91 51 11
143 100 16
1
124 90 6
1
109 75 10
0
1
117 83 22
1
95 85 4
0
1
104 85 3
0
1
101 67 9
2
130 131 2
116 80 12
2
111 98 10
122 123 14
0
0
1
91 70 9
0
3
131 110 0
147 115 2
139 112 18
2
127 89 4
99 84 11
2
105 94 13
116 95 24
2
119 93 17
101 96 18
0
1
142 112 13
2
101 80 6
134 112 23
2
119 85 6
102 76 10
3
143 138 9
95 77 16
91 75 18
0
2
118 92 4
72 43 22
1
95 82 23
1
137 129 9
1
97 76 12
1
119 108 7
0
0
1
120 98 17
3
89 61 6
101 79 12
107 89 17
1
62 46 0
1
166 132 0
2
120 101 5
100 83 19
1
116 90 2
0
1
104 87 2
2
110 73 13
71 65 23
0
0
0
1
111 81 12
0
1
112 100 9
1
121 76 19
2
127 102 14
138 114 17
1
110 89 23
2
116 93 5
128 104 14
1
128 114 19
2
123 90 0
125 107 6
2
139 131 12
83 78 24
1
131 111 2
0
1
117 93 16
2
133 124 16
130 88 17
1
130 99 14
1
137 106 13
1
135 113 24
1
104 75 6
0
1
166 157 13
0
0
0
1
149 116 17
0
1
130 92 7
1
129 90 2
1
123 88 19
0
0
1
165 124 16
0
0
0
2
91 67 8
109 78 13
3
125 101 3
100 78 8
132 153 13
1
130 105 9
0
0
2
129 106 8
63 42 12
4
127 124 0
190 138 3
119 79 15
120 100 23
1
156 126 6
1
118 108 4
2
105 92 2
143 121 14
0
1
137 123 5
2
119 81 0
128 92 10
1
151 137 22
0
2
126 112 6
153 122 13
5
117 101 0
161 128 2
174 135 10
147 100 14
90 75 18
1
114 91 24
1
82 68 11
1
83 60 16
2
145 102 10
115 78 15
0
1
123 94 0
1
111 94 13
2
187 151 12
74 65 15
0
0
1
150 106 0
1
136 113 12
2
114 92 0
121 103 4
1
92 76 9
1
161 128 13
0
4
111 94 6
155 123 9
97 73 12
145 98 13
3
105 97 2
184 172 16
134 106 24
1
142 126 10
2
104 83 8
158 119 11
2
124 96 10
121 93 12
1
135 92 13
3
142 112 15
180 156 20
135 110 24
1
95 75 13
2
77 63 10
147 95 16
1
116 91 23
0
1
171 101 21
1
138 122 13
1
114 103 11
0
0
3
127 114 9
98 79 12
148 84 17
0
1
102 89 4
3
77 57 0
114 86 14
109 72 16
0
0
4
101 80 9
143 110 12
97 71 22
139 107 24
0
1
145 133 5
1
117 74 13
0
0
1
149 102 3
1
118 121 9
0
2
100 87 6
116 89 23
1
126 106 7
2
126 91 16
123 107 22
2
185 120 15
162 145 19
2
140 116 0
167 123 5
0
3
114 98 2
120 109 8
125 106 16
1
170 121 0
4
123 83 0
122 107 14
138 108 19
111 85 20
0
1
144 115 0
0
0
1
152 128 21
1
94 70 19
2
113 79 0
91 68 3
1
138 111 3
1
105 72 12
0
0
0
0
1
132 121 16
1
132 79 2
3
126 102 0
151 137 11
132 110 14
0
2
116 100 3
163 119 14
3
124 83 10
150 124 11
130 116 18
1
85 71 0
2
94 64 0
181 157 19
0
1
184 151 24
1
136 98 6
0
1
131 108 13
1
181 167 12
1
141 131 14
1
142 107 0
2
144 92 18
121 111 19
2
158 136 0
176 115 13
3
106 91 3
143 100 14
117 94 17
1
107 72 6
0
1
145 107 8
2
151 112 13
166 147 14
1
118 87 3
4
118 81 2
141 124 13
139 103 14
136 111 19
1
80 56 24
1
177 154 0
1
172 149 22
1
136 96 15
4
143 104 0
79 62 11
120 84 14
163 128 18
0
2
148 129 6
116 84 22
0
2
128 94 2
151 130 16
3
165 130 6
128 73 13
138 127 14
3
138 117 11
150 93 13
113 61 16
0
0
1
126 94 3
0
0
2
204 157 10
178 145 14
1
142 126 11
7
145 92 0
137 108 2
118 92 3
143 127 4
138 109 12
207 146 15
122 106 16
2
99 84 13
186 150 18
1
159 153 17
1
150 123 9
0
0
1
100 95 7
1
222 171 10
0
1
141 129 11
2
157 132 10
148 102 20
1
170 98 13
2
95 58 14
168 132 16
2
151 97 5
145 113 24
0
2
118 85 4
186 131 5
0
1
174 127 23
1
117 78 15
2
167 139 6
157 124 12
1
160 158 13
2
140 118 12
108 98 19
2
179 138 3
103 84 5
0
2
188 117 18
200 158 24
0
2
134 111 3
150 108 12
0
3
174 116 3
148 107 12
129 117 13
0
1
137 111 11
1
120 102 12
1
114 87 10
2
168 154 10
116 89 13
1
137 123 16
1
188 140 16
1
162 149 12
1
159 108 2
1
117 109 23
0
1
103 53 2
2
131 114 9
159 117 11
0
2
149 123 7
154 113 9
2
182 161 9
140 113 18
0
1
151 131 0
0
3
160 135 6
180 115 10
121 86 24
3
140 126 6
127 111 14
160 147 19
3
189 154 0
139 120 4
143 105 17
1
147 106 11
1
132 108 13
1
127 114 14
2
121 80 2
107 83 11
0
2
137 134 3
133 111 16
1
162 113 16
3
128 119 0
120 112 2
174 169 21
1
175 128 9
2
109 94 12
159 138 23
1
197 164 7
0
1
144 126 9
1
128 95 0
0
2
172 168 10
128 138 16
1
154 126 24
1
145 131 23
1
120 99 10
0
0
2
141 98 3
156 107 12
3
152 125 4
165 142 12
125 97 15
2
164 141 0
134 129 4
3
128 88 0
140 123 10
193 156 12
1
166 108 13
0
0
0
4
183 148 0
141 106 2
123 112 4
130 108 7
0
2
192 150 4
120 97 6
0
0
0
0
1
171 130 16
1
133 119 6
0
0
0
0
4
160 125 3
186 133 10
121 92 11
135 109 14
1
150 140 24
1
108 84 11
0
1
214 191 9
0
2
173 159 11
200 157 13
1
141 115 12
0
1
131 97 0
2
135 82 9
191 166 22
2
149 111 3
185 151 14
1
106 75 12
