8 3 1 4 7 7 1 6 2 3 2 5 6 7 1 5 8 4 2 5 8 2 5 4 5
0
0
0
1
7 5 5
0
1
8 7 13
0
2
9 8 5
8 6 16
0
2
8 6 16
9 6 19
1
10 7 10
0
2
5 4 4
11 9 20
3
7 6 4
12 10 11
11 9 19
0
0
0
0
1
9 5 20
2
9 7 13
11 9 16
0
0
1
9 7 5
0
0
0
2
10 7 3
10 9 13
0
1
18 14 17
1
17 11 24
2
13 10 2
13 10 22
3
13 9 1
10 8 7
14 11 18
1
13 12 21
1
18 12 3
0
1
15 9 23
1
16 13 13
0
3
13 11 12
13 11 22
12 10 23
0
2
18 13 16
9 6 22
0
0
2
12 10 5
12 7 24
1
12 9 16
0
1
14 11 4
1
14 11 1
4
10 8 0
13 10 3
15 11 12
15 12 15
3
11 7 5
12 10 7
15 12 24
1
20 19 18
3
16 13 9
24 15 16
17 14 24
1
12 9 12
1
11 7 0
4
16 14 0
19 17 7
15 11 12
19 14 16
1
18 16 12
0
0
3
14 10 4
7 5 5
16 12 12
1
13 9 5
0
0
1
13 10 12
1
15 12 20
1
14 11 0
1
14 10 9
2
21 19 4
14 11 20
0
1
10 8 5
1
23 22 23
0
1
12 11 15
1
17 17 4
0
0
1
19 14 21
1
16 15 20
0
0
3
22 15 12
17 15 13
23 17 24
1
19 13 19
2
24 23 14
16 12 22
0
0
3
22 18 4
15 12 5
16 11 7
0
3
29 21 4
18 17 7
22 15 13
2
14 12 6
21 17 14
0
1
22 16 5
1
16 11 13
3
25 16 4
15 12 13
25 22 20
1
17 13 20
1
21 16 15
1
27 18 0
0
0
0
1
25 20 4
3
23 16 0
21 13 1
25 16 11
1
19 16 2
3
18 15 0
21 22 7
24 21 24
0
0
1
27 22 1
2
32 28 19
27 23 24
0
2
22 15 4
19 14 8
2
29 19 13
22 20 19
1
25 19 19
2
19 14 16
26 16 24
1
32 25 7
0
1
20 20 20
0
0
3
22 14 1
26 17 22
25 22 24
1
27 19 24
0
2
30 21 7
25 19 17
2
17 11 11
29 22 16
2
31 23 11
21 17 13
1
23 20 1
3
23 17 0
26 19 19
23 17 22
0
0
0
2
29 24 1
22 20 3
2
36 27 8
21 17 19
2
26 18 0
35 26 21
3
20 16 4
27 24 16
31 29 22
1
17 10 24
1
23 20 1
4
21 19 10
32 20 11
20 14 17
30 24 22
3
21 20 17
23 16 22
24 21 24
0
2
22 16 0
25 18 11
3
35 28 20
25 20 22
28 21 24
1
17 16 16
1
32 28 15
0
2
22 14 10
21 17 24
0
1
24 17 10
1
26 22 0
1
31 22 16
0
4
28 22 3
23 19 12
30 23 20
30 23 23
0
0
2
19 13 0
32 30 20
3
18 15 1
33 29 14
32 16 20
1
38 31 5
2
27 20 16
39 28 20
0
1
43 34 7
1
33 28 0
0
1
24 19 20
0
1
31 28 9
1
30 26 8
0
1
36 36 13
0
1
31 27 0
2
24 20 4
45 39 11
0
1
28 25 5
1
27 19 0
1
39 34 22
0
1
29 21 11
0
0
2
32 26 1
31 24 16
2
25 23 5
29 23 12
0
0
0
1
20 16 16
1
45 38 16
1
41 35 18
0
2
24 20 3
34 28 15
1
22 23 10
1
38 25 4
1
31 26 15
1
40 34 20
1
35 24 16
1
31 29 9
1
44 39 22
2
22 21 20
40 30 23
3
36 36 13
32 25 14
30 29 20
2
41 38 4
47 47 10
4
36 34 3
35 28 8
44 42 19
34 27 24
2
46 39 18
43 39 20
3
36 27 7
49 34 15
46 35 23
1
36 27 0
1
39 30 22
2
40 31 4
30 26 13
1
44 26 19
2
41 40 5
27 23 7
0
0
1
35 31 20
0
1
27 23 12
0
0
1
32 27 23
0
3
38 29 3
31 24 11
38 32 19
0
0
1
35 25 22
0
1
46 33 22
2
44 33 0
55 52 9
0
0
2
38 34 0
35 30 23
0
0
1
43 42 23
1
37 29 3
1
46 33 3
3
59 45 12
34 26 16
39 30 22
0
0
2
61 47 5
44 37 7
0
0
2
36 30 9
29 18 16
1
40 31 13
1
51 48 15
0
0
3
32 36 4
52 48 7
41 34 20
3
38 34 0
48 44 12
31 28 18
1
36 31 20
1
34 24 7
1
66 61 12
1
43 38 16
1
56 41 24
1
39 30 7
0
0
1
43 27 7
2
44 30 11
49 41 12
2
56 44 0
44 40 12
2
44 34 6
41 30 15
2
26 20 0
47 34 13
1
43 38 12
2
36 28 0
43 22 8
2
56 48 1
38 32 19
1
60 50 0
0
0
2
55 40 1
53 40 7
2
53 42 12
42 37 20
1
41 31 9
1
43 37 15
2
43 26 16
36 27 19
1
48 39 19
0
1
53 45 15
0
2
46 28 4
53 35 13
0
0
1
56 45 3
0
2
62 60 0
53 45 17
0
1
38 35 4
2
53 49 8
48 38 16
1
52 48 4
1
42 30 20
0
4
58 40 4
41 35 12
50 47 22
36 24 24
1
54 32 12
1
25 20 9
2
43 39 9
30 19 13
1
23 17 16
1
44 37 4
1
41 37 19
1
55 48 21
1
59 46 4
1
55 38 16
0
4
43 38 0
43 40 5
46 43 12
42 39 19
0
2
36 30 0
48 29 23
0
1
53 46 13
1
50 45 8
0
0
1
53 37 12
0
3
63 42 5
50 52 13
51 39 16
2
48 31 0
57 46 16
1
55 52 18
0
3
46 38 4
65 54 9
64 52 17
1
41 33 3
0
0
4
46 28 7
67 51 19
55 42 20
51 37 24
0
1
54 50 17
0
1
46 35 1
2
30 21 0
54 36 15
1
61 51 8
0
0
0
0
2
70 54 13
36 29 16
0
1
54 38 15
0
1
37 28 4
1
59 47 17
1
57 46 22
1
67 46 3
0
0
1
53 29 12
3
50 36 4
51 34 13
68 41 15
0
3
46 28 11
53 47 13
30 20 22
0
2
47 35 12
64 52 19
2
47 38 3
72 44 19
1
50 46 1
2
67 57 3
52 35 19
3
59 46 0
82 64 10
63 52 19
1
42 34 13
0
1
60 42 5
2
80 70 5
75 72 11
1
41 35 14
1
41 36 13
1
46 38 20
1
80 64 12
1
58 36 8
2
58 42 7
39 32 19
2
51 38 17
47 34 18
0
1
71 52 21
1
64 44 12
2
67 58 4
52 51 13
2
42 26 13
61 57 20
1
62 56 1
3
47 36 7
75 66 13
75 58 20
1
54 40 0
2
81 68 15
60 54 20
0
0
2
68 62 0
75 58 3
0
2
67 60 1
49 31 7
1
45 38 10
1
77 66 17
0
1
74 55 23
1
54 35 23
1
62 51 17
0
0
2
63 58 1
85 71 23
0
0
0
3
51 40 3
65 57 5
62 45 23
1
44 31 7
1
52 45 11
1
68 51 16
0
0
1
33 26 16
1
61 46 24
2
69 48 4
85 78 12
1
38 25 21
4
68 61 5
55 34 8
63 52 10
78 72 17
1
67 55 11
0
1
58 41 13
3
74 62 11
65 43 12
64 47 20
1
107 102 16
2
65 47 8
69 62 11
0
1
64 47 7
1
63 49 16
0
1
97 82 12
2
69 62 5
107 93 18
3
78 58 8
68 52 13
53 42 18
3
56 49 5
74 55 19
59 37 23
0
2
49 42 2
87 74 24
2
72 50 16
75 63 22
1
72 56 13
2
60 50 0
98 81 4
1
57 38 23
1
69 54 15
1
79 62 20
2
60 47 13
75 51 16
3
90 63 16
52 40 20
61 33 22
1
92 70 8
2
77 59 2
61 48 9
2
85 60 5
70 44 20
0
3
56 40 0
82 67 5
60 46 20
3
63 51 0
73 61 19
55 41 21
1
56 47 16
1
76 44 3
0
0
1
74 66 15
0
2
80 67 0
69 55 4
1
47 44 24
2
68 75 4
82 69 11
0
3
72 52 9
74 67 11
82 64 13
2
84 63 8
97 78 13
0
0
1
125 105 11
1
92 69 17
1
32 26 18
2
60 47 7
67 45 16
3
56 42 4
72 57 7
67 62 16
2
78 63 7
77 61 20
0
1
66 52 20
1
92 78 15
1
80 64 4
1
62 59 22
1
93 68 5
1
45 34 0
0
1
87 61 3
1
68 51 10
0
2
58 55 20
68 40 23
2
85 58 12
74 53 16
1
58 53 6
0
0
0
1
53 33 4
1
57 49 9
0
0
1
91 81 2
0
1
90 70 9
1
68 43 7
2
48 38 10
77 52 21
1
53 42 5
2
101 103 4
69 43 21
1
70 63 14
2
76 78 0
68 44 11
1
57 46 13
2
87 73 12
50 42 22
0
1
86 70 15
2
74 67 12
89 74 18
1
90 67 8
0
1
76 51 4
1
65 61 16
1
66 59 24
0
2
49 38 5
92 79 19
3
82 43 0
87 57 5
93 79 22
3
56 48 0
68 52 4
99 73 13
0
0
0
1
61 61 5
0
0
0
0
1
87 60 7
0
1
75 55 0
2
95 68 4
99 93 17
2
101 83 11
72 44 24
0
1
68 42 19
2
92 66 0
57 48 20
5
95 77 0
84 88 3
87 79 5
91 67 7
83 74 20
1
73 45 13
0
2
86 44 16
80 77 22
1
114 90 7
1
87 70 10
1
84 76 15
1
117 87 20
0
0
2
59 48 0
60 45 11
1
62 51 16
0
2
102 78 5
95 68 20
0
1
60 63 5
0
4
107 92 4
65 60 11
87 79 12
94 75 13
2
76 62 0
93 66 7
0
0
3
93 82 15
90 84 20
86 67 24
0
1
51 42 4
0
0
1
112 90 18
1
64 52 11
1
100 98 20
0
1
93 68 13
1
98 84 22
1
60 45 11
0
2
76 64 9
79 58 13
3
63 46 12
78 67 19
84 66 23
3
133 102 0
72 52 12
60 43 20
0
1
89 89 9
1
82 68 5
3
87 70 1
82 72 12
85 57 13
0
3
91 78 5
117 94 6
100 97 19
0
1
90 76 17
0
0
2
102 95 0
118 102 16
1
115 91 0
1
81 66 11
1
106 91 20
2
122 99 4
81 55 6
2
60 49 5
67 57 19
1
69 64 11
0
1
118 112 23
2
111 81 15
80 74 16
1
92 64 7
1
75 60 24
2
119 105 13
108 74 16
2
116 86 15
110 85 19
1
122 96 0
0
1
110 91 0
3
81 67 4
78 60 17
88 67 20
2
116 91 9
111 87 18
3
91 80 9
125 114 20
64 52 22
1
53 40 4
2
82 55 13
78 58 24
1
85 68 20
1
117 100 20
0
1
69 72 13
1
115 100 3
2
57 55 5
85 70 19
0
0
1
101 85 13
0
3
81 62 0
105 92 7
105 84 13
1
96 75 24
4
84 69 0
81 58 5
109 54 13
98 76 14
1
102 86 12
1
116 103 5
0
0
1
111 113 14
3
98 82 7
120 85 9
103 86 23
1
115 73 6
2
97 62 1
79 56 23
1
127 81 24
0
0
1
94 72 14
2
96 62 0
93 83 4
1
95 85 8
1
102 73 15
2
108 88 0
76 65 4
2
104 74 0
83 54 22
2
80 64 1
108 84 19
0
2
84 57 17
99 77 20
0
1
96 87 22
1
110 98 8
0
1
81 64 19
1
85 65 10
2
94 75 12
80 67 20
1
100 81 11
1
110 83 20
3
120 84 6
93 68 16
84 66 19
2
101 82 15
78 60 17
2
134 115 5
77 66 13
0
0
1
79 57 17
1
77 64 23
1
119 102 16
0
1
99 76 16
0
0
1
113 79 13
1
107 72 12
1
99 62 16
1
106 70 20
3
73 82 1
73 54 5
148 127 12
1
118 107 12
1
101 73 16
1
111 84 0
1
87 71 1
3
120 102 0
105 87 9
80 57 19
1
113 112 13
2
112 94 4
87 65 7
4
94 74 0
125 87 15
135 100 16
96 75 18
2
115 97 1
69 52 17
0
3
130 111 3
172 144 4
126 102 20
0
0
1
125 112 1
2
105 84 5
110 90 20
0
0
1
116 94 24
0
0
0
2
102 77 1
103 75 5
0
3
109 96 0
91 65 7
124 90 22
2
112 98 11
94 67 20
1
126 94 11
0
2
132 102 15
105 84 17
1
89 75 16
2
67 55 0
114 95 24
2
131 120 13
99 89 23
0
1
83 75 5
0
0
1
111 101 15
0
0
0
0
0
1
105 61 11
2
91 70 4
95 54 19
1
96 65 15
2
125 97 15
106 96 16
0
2
119 86 9
109 78 15
0
1
154 136 7
3
99 61 0
74 69 7
91 67 8
0
1
138 119 22
1
124 103 20
2
110 113 17
136 105 19
2
87 84 3
76 54 15
1
99 83 19
1
70 59 0
3
126 84 0
105 68 16
98 83 19
1
89 70 21
3
143 105 0
137 132 3
105 88 7
0
0
2
115 86 9
88 75 20
2
89 92 7
134 120 23
2
79 50 13
158 108 20
0
1
106 94 20
2
105 84 1
127 70 22
0
1
88 63 20
2
93 69 4
107 93 7
0
1
136 116 11
1
74 53 20
0
0
1
107 102 11
0
2
119 89 23
114 106 24
0
0
1
118 74 11
0
0
2
119 80 11
137 94 17
0
1
132 88 8
0
0
1
99 81 11
1
121 112 11
4
97 84 3
120 87 11
79 65 12
141 127 23
1
99 77 5
1
86 91 5
2
117 90 13
112 90 22
0
0
1
140 142 0
0
2
133 104 5
150 102 15
3
73 64 12
141 90 15
132 108 22
2
115 103 0
109 76 1
2
87 58 1
126 92 4
2
153 117 13
136 118 23
1
127 101 13
2
101 87 5
88 75 20
0
3
107 81 0
108 77 7
115 83 16
4
119 119 4
131 107 12
123 99 17
113 127 24
1
100 74 19
0
2
94 94 0
88 65 18
0
1
103 83 13
1
140 110 20
0
4
91 78 3
100 69 8
137 99 17
135 121 20
0
2
44 32 0
162 130 1
1
133 110 5
1
158 139 17
0
1
114 87 9
1
123 100 7
0
1
121 111 9
1
106 73 4
4
107 65 12
148 141 15
117 95 16
93 62 18
1
77 59 0
1
96 92 16
1
120 85 16
0
0
1
112 104 0
2
100 77 0
123 110 14
1
110 74 0
1
80 68 12
1
124 111 5
0
1
100 58 16
1
128 118 23
1
109 91 23
0
0
3
134 115 9
111 73 12
121 91 20
0
0
2
123 109 15
111 102 23
3
93 78 3
114 75 6
132 101 11
0
0
3
110 74 0
126 91 5
118 84 12
4
148 126 1
152 120 5
150 151 22
110 93 23
1
118 79 24
1
120 98 12
4
134 78 3
144 152 7
99 64 13
110 81 24
0
1
139 119 4
3
75 57 0
120 110 15
147 95 23
0
0
2
142 126 3
122 103 7
2
127 85 7
125 85 20
1
130 88 17
2
112 101 16
134 134 18
0
0
0
2
167 110 7
78 57 11
2
165 138 3
137 116 19
1
101 101 16
1
111 80 5
0
1
121 85 18
1
138 125 16
1
158 119 19
0
0
1
111 98 15
1
143 106 7
2
127 98 11
94 73 15
3
146 114 13
151 134 17
134 103 21
2
121 111 11
118 85 17
2
116 110 15
99 76 20
1
186 146 4
2
184 160 7
122 98 16
1
112 89 11
1
110 75 12
0
1
153 144 0
0
0
1
141 106 18
1
103 70 12
2
121 91 11
156 132 15
0
1
143 128 13
1
71 57 24
5
151 129 7
146 100 8
173 147 9
116 95 10
123 97 13
1
97 71 1
0
1
182 170 22
1
152 123 22
2
138 94 0
127 95 12
1
111 85 5
2
108 78 5
119 110 23
0
0
2
138 113 5
150 121 13
2
146 114 0
140 126 23
0
4
115 102 5
85 76 9
119 111 20
151 136 21
1
176 134 5
0
1
154 146 21
0
0
2
111 77 5
134 121 17
2
126 87 4
160 147 20
0
2
128 103 0
125 79 23
2
99 90 5
153 116 11
0
2
77 62 22
104 99 23
2
162 135 3
138 125 4
1
148 116 23
1
121 99 16
1
146 100 12
0
2
112 103 11
145 100 20
1
140 118 13
1
100 72 5
2
127 89 7
180 148 22
1
121 102 5
2
205 175 0
121 102 15
2
114 103 8
133 108 16
0
2
134 123 12
169 136 16
1
131 104 7
0
2
170 120 13
136 121 15
2
97 71 5
119 101 7
0
1
92 57 12
0
3
164 124 0
123 88 13
174 139 20
2
140 95 0
115 108 20
0
0
0
2
175 185 3
133 97 8
0
1
164 144 1
0
0
1
163 161 15
0
0
0
2
132 115 8
170 135 12
0
0
1
138 121 5
0
0
1
128 104 11
2
133 103 10
126 130 16
0
2
139 130 12
201 129 20
1
164 121 12
0
1
161 111 16
3
128 105 0
163 118 4
112 85 17
2
122 91 7
152 119 15
0
1
126 103 12
1
213 169 4
0
0
0
0
0
1
226 219 7
2
161 109 1
222 119 20
3
162 143 4
112 116 13
134 89 16
0
1
150 115 20
0
0
0
3
142 104 3
112 84 18
137 116 19
3
160 127 7
142 84 12
176 158 20
1
117 82 19
3
140 113 0
120 83 5
122 91 22
1
145 110 7
1
114 117 20
0
0
1
148 126 16
1
174 147 19
1
173 116 12
1
102 63 12
2
127 103 11
122 114 12
1
154 126 16
2
156 135 10
133 121 15
3
200 191 4
163 124 8
134 111 22
2
168 139 0
176 151 22
1
153 94 3
1
115 99 23
0
0
1
163 137 23
1
173 140 5
0
2
123 98 21
197 139 24
3
82 66 7
150 114 11
195 131 20
0
3
114 70 3
134 102 4
109 69 24
1
126 110 11
1
148 132 16
0
2
175 139 13
137 117 22
1
105 82 20
0
1
183 152 20
1
162 136 24
0
1
177 142 20
1
176 153 12
0
1
170 140 5
0
0
1
148 105 19
2
156 109 16
201 134 22
1
134 103 24
2
114 103 4
209 196 21
0
2
140 132 4
181 161 16
2
187 159 3
109 90 15
1
204 147 11
0
0
0
0
1
191 154 20
1
176 131 20
0
0
0
1
160 126 3
1
160 106 24
1
166 143 0
1
180 141 4
2
192 165 5
155 107 13
1
154 116 22
2
170 139 4
139 110 13
2
116 95 5
144 124 13
0
4
163 104 5
189 143 15
145 114 17
167 118 20
2
149 126 0
183 137 16
2
179 167 12
196 168 20
0
0
1
152 122 12
0
1
180 139 22
0
2
165 138 11
202 156 20
0
1
66 54 1
2
157 127 20
140 116 22
2
150 123 8
204 149 12
0
