7 1 5 7 4 4 1 5 8 1 5 1 2 4 6 2 1 5 1 7 5 8 6 3 2
1
7 5 2
1
8 7 8
1
10 8 3
3
7 6 5
7 5 14
7 5 20
0
2
10 8 8
11 7 21
2
10 8 8
6 6 21
2
9 6 21
11 8 22
4
10 7 0
10 8 14
8 6 21
9 7 23
2
9 7 2
11 7 14
0
2
4 3 8
10 7 15
1
10 6 19
0
1
7 6 13
0
0
1
10 8 14
1
6 5 5
1
8 4 12
1
9 7 22
1
11 8 24
3
6 5 0
12 9 2
9 8 8
1
13 12 12
0
0
1
10 10 2
1
11 5 0
1
8 5 22
0
2
12 11 18
12 12 20
2
12 9 19
13 13 22
1
11 9 20
1
14 10 22
1
13 11 3
0
1
9 6 3
2
12 8 4
10 7 14
1
13 9 19
1
11 8 20
1
15 10 5
1
10 8 22
0
0
0
1
15 10 11
1
15 13 20
3
9 7 2
16 12 5
14 9 17
1
17 14 3
1
15 12 3
2
15 12 3
15 11 20
0
0
1
11 12 4
0
0
0
1
11 8 14
1
16 13 21
3
20 14 7
19 13 8
19 13 18
2
21 18 10
16 10 21
2
16 15 4
18 13 19
1
11 9 22
1
22 14 19
1
14 10 14
2
18 10 3
19 13 4
0
1
17 12 0
0
0
1
18 17 4
0
1
14 12 22
1
24 16 18
3
21 21 5
11 7 16
22 16 21
0
1
25 13 21
2
24 15 11
12 7 14
2
16 15 17
16 14 19
1
25 29 0
1
18 17 3
1
18 13 16
1
19 14 14
1
25 17 22
0
1
20 16 6
2
16 14 15
15 11 19
1
22 15 4
0
0
0
0
0
0
0
0
1
24 21 11
0
1
20 14 19
1
12 9 19
0
1
27 27 24
1
20 17 20
0
3
21 19 3
14 12 4
19 16 11
1
12 7 6
1
21 13 20
1
24 17 2
1
23 18 2
2
20 14 20
24 17 22
0
1
19 12 8
0
1
28 21 19
0
1
27 16 19
0
1
20 14 3
0
0
0
1
26 19 20
1
20 13 19
0
0
1
32 21 7
0
0
1
30 22 17
0
0
5
26 17 3
32 32 4
26 24 7
32 26 20
22 20 24
0
0
0
0
5
25 19 10
27 23 12
27 19 14
28 23 21
27 22 23
1
32 27 24
0
0
0
0
2
34 28 7
32 19 19
0
2
25 24 8
21 18 13
2
38 33 2
43 28 3
2
32 24 1
24 18 19
1
30 24 14
0
0
0
0
2
25 21 8
32 33 15
3
26 18 0
25 21 13
26 20 17
1
36 33 22
1
38 40 8
0
1
23 15 20
2
23 18 14
39 37 21
0
1
14 11 19
1
34 31 3
1
33 28 13
1
31 19 5
1
29 21 0
1
35 24 7
0
0
2
41 31 7
23 22 17
2
11 7 11
37 32 21
2
23 17 8
37 27 17
1
26 23 14
1
39 27 4
0
0
0
2
39 33 2
38 28 21
0
0
1
25 19 19
1
37 30 3
0
2
36 30 10
36 28 22
2
34 31 2
33 32 19
1
33 29 10
1
38 35 17
0
1
43 32 8
1
29 22 17
0
0
0
0
1
61 47 21
1
36 35 7
0
1
42 40 13
0
0
1
30 30 22
0
0
0
5
43 38 3
50 38 8
44 35 12
32 24 19
37 36 22
1
51 45 20
1
45 31 10
1
43 34 3
1
37 34 22
2
34 20 7
29 27 13
1
35 28 19
1
34 34 21
1
29 25 13
1
47 39 4
0
0
2
34 29 10
45 39 20
1
40 38 1
3
31 24 3
46 33 18
26 21 19
1
34 25 3
0
0
2
38 30 10
45 36 21
0
0
0
0
0
0
1
54 45 22
2
28 26 0
33 26 21
0
2
55 39 0
47 40 24
2
37 29 0
43 34 8
1
46 34 2
3
52 36 2
24 23 10
43 34 22
6
44 33 0
20 15 3
47 38 6
43 30 8
46 40 17
39 36 21
0
1
27 25 13
1
50 42 13
0
1
39 28 23
2
33 22 6
26 19 7
2
33 18 5
50 41 17
1
46 33 5
0
0
3
37 31 0
39 30 3
45 36 13
0
0
0
1
33 22 19
0
0
3
56 46 17
43 32 19
46 46 21
0
1
46 37 24
0
1
38 32 2
2
48 35 8
38 30 21
0
1
44 25 0
0
1
52 42 20
1
31 25 8
1
62 51 14
2
37 32 2
51 41 17
1
64 53 17
2
66 65 21
51 39 24
1
42 33 21
2
41 30 5
49 41 8
1
40 34 13
0
0
1
54 37 19
1
54 40 21
1
38 30 7
1
64 51 21
3
57 48 0
52 38 21
69 51 23
0
1
54 42 0
0
0
0
0
0
0
0
0
0
2
57 46 7
47 37 15
0
0
1
49 41 0
3
54 48 0
41 34 5
65 51 21
1
35 27 23
1
38 31 14
0
1
42 25 8
1
69 54 22
0
0
0
2
60 46 0
51 35 7
1
45 34 16
1
44 43 19
0
1
46 43 4
0
0
1
45 32 21
1
58 41 3
1
66 45 10
1
70 63 12
4
62 50 16
53 47 17
54 39 21
70 67 23
3
43 42 11
47 33 17
44 43 20
1
49 33 7
2
63 60 8
45 37 10
1
57 51 4
0
1
62 46 14
1
66 55 17
2
42 32 2
55 46 21
0
0
4
60 47 14
62 42 15
66 61 17
48 47 23
1
35 29 21
0
4
60 45 0
40 30 5
46 36 10
69 55 21
0
0
1
66 49 11
1
50 35 3
0
2
62 39 3
65 55 13
1
52 48 18
0
0
1
60 44 4
3
45 41 3
51 46 6
60 51 21
1
67 56 20
1
54 45 3
1
65 55 14
2
52 50 8
53 45 10
1
52 50 19
3
58 44 5
60 54 8
54 49 21
0
1
59 44 4
3
57 40 8
42 31 21
41 40 22
0
2
72 55 3
91 86 21
0
1
60 46 6
2
62 55 17
69 48 22
2
75 53 5
67 45 22
0
2
47 41 2
101 79 17
1
55 47 21
0
2
61 49 5
59 48 11
0
1
47 31 19
3
51 41 5
58 42 6
82 59 21
3
71 59 3
61 37 10
65 54 22
2
67 54 11
51 37 14
0
0
0
0
1
58 45 19
3
87 65 6
56 45 16
51 40 19
0
0
1
73 71 0
0
0
0
0
1
47 39 3
2
86 80 19
52 40 20
0
2
49 41 17
61 49 22
0
0
2
81 60 2
74 56 6
1
65 49 21
0
3
65 60 3
40 34 16
73 61 21
0
1
65 50 21
1
46 38 19
2
60 53 11
68 50 14
2
67 63 8
77 56 20
0
1
60 39 17
1
72 67 0
1
79 67 19
0
1
62 59 13
0
0
3
61 52 0
55 32 19
55 44 21
0
0
0
0
3
77 55 8
56 57 11
68 53 20
1
101 80 6
2
74 57 3
69 53 17
2
76 60 6
82 55 10
0
2
34 30 5
90 61 8
1
65 45 21
0
0
3
57 50 5
70 53 8
56 49 21
0
2
58 55 8
42 41 17
0
0
1
67 51 7
1
74 60 3
1
81 69 19
3
80 52 10
67 40 20
65 49 21
0
0
2
70 59 8
80 59 14
0
1
48 34 14
1
75 69 20
2
75 59 3
65 45 13
2
61 48 3
101 66 8
1
86 62 17
0
3
58 55 4
93 78 12
58 47 21
1
77 66 0
1
85 76 14
0
0
1
67 72 15
3
66 64 4
42 32 21
71 50 22
0
0
2
51 38 4
92 81 18
2
83 68 8
79 58 14
0
1
89 66 24
4
54 36 2
79 64 3
81 73 10
60 44 19
1
66 48 2
1
76 55 19
0
1
88 71 4
1
96 66 8
2
84 63 3
90 64 20
0
2
96 72 7
73 58 21
0
1
105 81 7
0
1
88 59 0
0
1
52 43 18
1
101 83 13
1
77 69 11
1
74 54 5
1
76 55 3
1
85 74 7
1
95 65 0
0
0
1
63 42 3
2
71 59 3
69 54 10
0
3
60 49 8
68 64 15
79 54 22
0
0
0
1
52 40 24
2
76 55 0
57 53 21
1
49 39 14
0
2
73 62 4
73 51 21
3
69 57 10
89 64 21
64 40 22
3
98 83 0
67 55 13
61 49 21
2
94 74 0
97 75 19
1
89 82 13
2
63 51 4
79 59 23
0
1
72 57 13
0
2
84 62 8
97 71 19
0
1
79 81 3
1
76 64 1
2
81 63 22
63 50 24
2
83 84 0
86 69 3
1
105 71 0
1
96 84 24
1
100 67 3
0
0
1
78 60 3
0
1
81 56 8
1
71 62 20
1
63 56 4
1
88 65 20
3
93 64 5
70 64 13
66 58 21
0
1
43 32 3
2
80 59 5
90 68 8
0
0
1
102 70 14
1
64 62 19
0
1
76 69 16
1
96 78 20
0
2
85 68 2
87 62 3
1
95 70 21
1
63 46 17
0
0
2
81 55 5
73 60 15
0
0
0
1
67 53 7
1
115 93 7
2
108 75 6
113 104 21
2
82 75 1
86 77 21
2
141 116 8
117 110 24
0
0
0
3
101 88 3
77 65 10
122 95 24
2
103 77 8
141 107 21
1
75 55 22
1
87 60 7
0
1
52 41 8
1
86 61 24
1
82 48 10
1
111 107 12
2
67 55 10
116 74 19
2
93 67 4
112 74 24
2
59 47 3
78 72 5
1
92 69 0
0
0
1
113 97 13
1
94 101 14
1
71 62 0
1
96 64 19
1
94 74 15
0
0
1
102 92 3
2
114 98 8
63 50 14
0
1
101 78 0
1
94 78 14
1
109 90 17
0
2
58 44 2
102 80 19
1
99 82 14
2
88 67 8
131 82 22
1
101 69 21
1
100 80 11
1
92 82 7
0
0
1
98 86 13
1
71 45 14
1
91 75 19
0
1
106 63 0
2
98 69 4
79 67 6
2
105 90 13
74 70 23
0
1
66 55 24
0
0
0
1
115 117 23
1
121 78 5
1
88 69 17
0
0
1
115 84 8
0
3
89 63 2
104 81 21
80 78 23
1
71 56 0
1
97 69 0
0
1
85 68 19
0
1
84 66 8
1
76 64 22
1
109 84 8
0
1
116 82 17
2
92 79 5
104 79 10
0
0
0
3
122 84 3
109 97 7
119 95 10
0
3
78 62 2
121 107 15
76 59 22
1
100 76 20
3
125 128 0
112 98 4
101 105 13
0
0
1
82 60 2
1
121 116 17
1
94 69 2
0
0
0
1
108 105 19
0
1
127 82 21
1
117 114 4
2
97 69 10
55 43 21
0
0
0
1
127 99 7
1
68 51 14
1
121 108 13
2
112 105 8
79 58 13
0
2
82 68 0
98 83 14
4
99 82 3
71 57 8
83 68 13
122 96 19
3
85 66 12
62 46 17
111 70 22
1
88 68 17
1
76 72 8
1
101 75 24
1
94 70 3
1
90 77 24
1
60 40 17
2
65 58 5
82 71 15
2
113 91 3
82 66 17
1
139 128 8
1
104 91 8
1
109 112 22
1
113 93 6
0
1
96 71 17
1
91 76 20
0
2
87 69 19
134 127 20
0
0
1
179 133 3
0
0
0
3
145 124 2
154 141 22
100 71 23
0
1
72 62 12
1
134 109 19
1
66 64 5
1
91 76 20
0
3
112 100 7
69 57 8
95 75 14
2
124 99 12
104 75 23
1
125 103 4
0
1
116 109 19
0
1
103 86 0
2
87 81 0
123 81 8
1
114 91 21
0
0
0
0
1
138 114 16
2
143 112 21
135 123 22
0
0
0
1
100 78 4
3
138 110 4
125 96 7
79 79 23
2
69 57 4
110 87 17
3
114 89 3
111 70 19
136 73 21
0
1
122 91 11
0
0
2
65 57 0
90 74 3
2
137 117 16
100 91 19
0
2
83 61 14
100 73 23
1
113 76 10
2
116 114 0
103 108 3
1
133 104 8
0
2
138 84 2
104 73 5
0
2
84 77 10
108 63 20
0
1
102 90 23
0
2
75 69 0
103 86 8
1
122 77 8
0
1
133 104 14
3
112 93 11
97 58 19
118 117 20
2
97 79 17
148 117 19
2
139 102 3
94 74 7
2
62 35 0
120 71 17
0
2
139 120 0
139 132 20
0
2
120 89 17
125 103 23
2
83 63 14
126 98 19
2
81 64 0
126 97 22
2
112 90 14
163 151 22
0
1
117 97 20
0
2
121 80 0
137 91 12
3
89 81 0
142 148 7
103 74 18
1
140 99 5
1
98 86 19
1
97 75 0
0
2
87 75 2
115 89 23
0
1
77 68 22
2
122 98 3
128 107 21
1
119 108 5
2
139 106 20
83 66 21
0
1
155 114 13
2
128 97 21
134 128 24
1
117 102 2
1
136 90 7
1
125 108 24
1
98 76 6
1
91 68 4
1
67 58 0
0
0
0
0
3
110 101 2
140 126 8
144 100 24
2
107 98 10
106 98 23
0
0
0
2
138 111 7
144 137 17
1
158 120 7
0
2
169 127 10
144 95 24
3
101 72 2
134 112 13
128 107 17
0
1
151 113 4
0
1
135 119 5
1
126 78 0
1
128 109 14
4
108 101 7
133 111 8
98 77 10
150 99 12
1
100 72 2
0
0
1
91 76 3
1
174 154 4
1
116 93 7
0
1
91 85 7
1
107 111 7
0
0
0
0
2
83 67 13
128 109 22
1
126 86 24
0
1
184 161 3
1
104 84 19
0
0
1
86 58 9
1
121 84 0
1
137 111 19
1
160 112 0
2
84 65 7
116 80 12
3
125 95 10
99 88 13
148 145 16
0
0
0
0
2
144 116 8
161 115 22
2
116 106 8
160 107 10
0
0
0
0
0
0
3
175 123 5
130 116 7
131 101 12
0
0
2
153 100 0
159 146 5
2
129 128 2
122 75 13
1
156 123 9
0
0
1
101 93 3
1
101 110 13
1
147 141 3
0
0
1
104 78 21
0
1
140 127 16
2
139 151 2
101 96 3
1
156 116 5
0
2
160 121 20
176 145 23
1
114 108 4
1
153 104 3
0
1
46 33 3
1
120 71 8
3
145 111 10
82 71 14
158 154 23
3
117 108 13
112 96 17
138 118 22
3
124 93 3
102 64 12
119 105 16
1
136 95 17
2
103 62 2
179 117 4
1
121 115 23
0
2
131 104 17
170 146 22
0
0
1
97 76 2
1
150 100 20
1
83 73 12
1
142 130 21
0
2
111 102 21
163 143 24
4
102 79 0
142 117 1
98 77 15
152 104 19
2
79 65 8
130 103 17
1
104 89 21
1
143 114 8
1
135 101 19
1
170 131 2
0
1
145 114 2
1
183 163 24
3
200 146 8
157 96 22
135 118 23
2
159 153 19
150 101 20
1
163 130 7
2
130 112 6
145 80 15
2
100 74 17
157 136 19
0
0
1
127 118 17
0
1
108 78 4
2
167 154 8
133 120 10
0
0
3
133 91 0
107 78 14
115 95 21
2
162 111 13
106 95 21
0
0
2
100 84 8
160 133 22
1
126 108 5
2
153 122 10
126 100 20
1
129 97 0
1
145 111 0
1
136 125 21
1
167 153 7
0
2
124 89 7
143 126 8
0
1
90 61 3
1
102 62 14
1
132 107 5
2
158 161 7
63 58 13
2
80 63 7
135 120 19
1
207 180 4
3
94 85 3
149 124 4
116 106 10
0
2
131 97 4
106 95 21
1
148 116 0
3
154 108 9
124 89 14
145 124 21
0
0
0
1
131 85 22
1
181 125 10
0
1
115 78 5
0
1
85 61 14
2
133 97 0
134 90 16
0
0
1
151 113 10
1
187 156 21
0
1
138 102 4
0
2
121 93 0
131 119 14
4
184 117 0
164 114 5
162 113 7
124 68 21
0
3
178 145 4
140 117 11
145 157 15
0
1
141 98 10
1
177 126 14
4
165 151 0
167 140 3
164 120 14
85 73 16
0
0
2
115 90 0
158 118 12
1
122 121 20
1
94 94 22
0
1
146 133 19
1
148 126 23
0
1
138 105 7
1
152 111 18
1
113 107 14
3
91 78 3
158 132 4
119 92 17
0
1
134 109 13
1
133 94 4
2
151 95 10
132 123 11
0
0
1
138 111 4
1
143 127 16
1
124 105 22
1
220 185 14
2
217 230 8
192 170 21
2
152 110 7
151 147 23
1
155 112 22
1
194 145 19
0
0
1
139 106 20
1
156 119 19
0
2
127 96 8
190 148 19
2
103 88 5
133 103 7
1
180 135 10
0
0
0
1
148 116 8
2
147 109 9
189 122 20
1
119 77 14
1
164 100 21
2
140 106 7
170 131 21
0
0
0
0
0
0
0
3
126 93 0
144 127 3
148 121 21
3
123 107 0
205 179 3
110 96 12
2
138 123 3
158 142 12
1
160 99 14
3
183 167 2
99 73 4
149 136 8
2
158 122 15
174 142 21
2
159 123 3
159 149 17
0
2
149 97 19
152 126 23
0
0
2
111 108 2
211 142 23
2
126 87 4
142 135 8
0
2
174 120 8
130 114 24
1
153 91 8
1
156 124 16
2
187 147 8
121 94 14
1
198 141 4
2
159 93 2
193 167 21
0
0
1
227 152 13
2
165 133 2
144 131 19
0
1
189 188 2
3
179 145 12
167 177 20
230 206 21
0
2
98 82 3
161 151 17
0
0
0
1
68 50 14
1
144 133 4
