5 5 1 7 2 2 4 6 6 8 1 4 1 4 2 2 5 6 6 2 4 6 1 2 4
0
1
7 5 0
0
0
0
0
1
8 7 20
0
1
5 4 3
2
10 9 8
6 4 23
2
11 10 9
9 7 17
4
10 8 3
10 8 8
7 5 14
7 4 18
1
8 6 1
1
8 7 3
1
9 7 8
1
10 6 18
0
0
1
7 5 16
0
2
7 5 0
9 6 20
2
10 8 6
7 4 18
0
2
13 10 7
14 12 9
3
10 9 4
10 6 18
13 12 24
1
10 7 20
1
11 9 24
0
1
14 9 1
1
12 9 11
1
14 12 15
0
1
13 9 7
0
0
1
15 13 11
2
18 15 4
9 8 21
2
13 11 6
16 10 9
1
12 9 1
0
0
0
2
17 10 1
12 9 4
2
16 12 9
13 10 11
1
16 13 8
0
0
3
12 11 17
20 17 18
16 13 24
0
2
11 10 16
13 10 17
7
19 15 3
12 9 4
14 10 9
13 9 11
15 10 17
18 15 19
12 6 21
2
22 16 0
19 15 20
1
16 13 8
1
15 12 20
2
10 8 9
18 14 21
0
1
16 13 7
1
18 17 21
1
14 11 24
0
1
14 12 0
1
11 8 3
0
4
12 9 8
13 10 11
15 13 17
20 18 18
1
23 16 4
1
19 14 8
3
21 12 14
17 15 18
19 15 21
0
1
26 19 0
4
15 12 0
17 12 7
17 15 8
21 20 18
1
20 15 17
3
21 19 1
20 15 22
21 15 24
1
19 15 17
0
0
0
1
12 10 19
2
15 13 6
14 10 9
2
20 17 3
21 18 18
0
0
2
19 16 3
14 14 20
0
2
24 18 3
23 17 7
1
21 21 15
0
0
1
18 16 3
1
29 22 9
1
22 19 11
1
17 15 7
1
18 17 24
1
16 14 0
0
0
2
15 11 16
26 18 24
0
0
0
2
22 14 16
25 18 18
0
0
3
21 18 0
23 17 9
18 14 14
1
29 23 10
1
23 18 8
1
25 25 18
3
27 23 3
27 22 20
32 22 21
1
19 13 18
0
3
16 13 3
28 24 18
16 15 21
2
25 19 3
25 15 24
1
17 12 20
0
0
2
23 20 6
16 12 15
0
2
26 20 7
27 18 13
1
24 17 3
1
23 17 16
1
20 16 8
0
0
2
34 23 0
29 18 6
0
0
0
1
19 11 20
1
19 15 8
0
1
32 24 9
1
17 16 19
0
1
33 33 24
1
31 26 7
0
0
1
23 25 1
3
40 30 15
24 21 18
29 25 24
2
33 26 1
36 35 4
0
0
0
1
22 19 20
0
1
29 21 1
0
0
1
24 21 18
1
40 34 8
3
35 24 9
22 16 11
22 19 17
0
1
22 16 21
4
39 25 9
28 24 20
20 16 23
20 14 24
3
31 28 7
33 30 9
42 32 18
2
29 23 5
29 24 14
1
25 21 24
0
3
30 24 1
33 24 9
37 36 20
1
32 22 17
2
23 14 3
33 33 17
1
34 26 11
0
0
1
30 22 16
0
0
2
33 31 7
32 27 8
0
2
22 16 7
30 24 12
1
33 24 9
0
2
34 27 1
32 23 13
1
35 27 19
1
35 35 9
0
3
31 28 8
41 31 20
49 41 22
1
39 35 1
0
1
46 36 17
1
36 30 1
0
2
35 25 8
34 27 14
3
29 26 1
35 29 7
41 37 21
0
0
0
1
34 26 3
0
0
1
43 43 4
2
32 27 4
36 26 16
3
36 30 5
45 36 13
31 26 20
2
46 36 8
34 27 18
1
30 24 21
0
2
30 23 3
37 29 9
2
31 27 1
28 21 9
1
31 25 4
1
39 34 11
0
0
2
32 24 20
27 16 24
1
28 24 19
0
1
48 43 24
0
0
1
35 24 8
1
39 31 24
0
2
23 21 1
47 34 12
0
1
35 23 1
1
57 40 1
1
43 46 7
2
29 19 8
35 24 18
0
2
38 33 3
33 30 18
2
43 35 8
30 29 17
1
41 29 19
1
30 24 17
1
42 45 21
1
29 22 17
1
43 30 4
1
43 37 9
0
1
28 25 0
2
47 33 16
51 48 20
1
46 45 18
0
0
2
28 21 9
43 42 24
0
0
1
42 31 3
0
0
1
54 46 6
0
1
48 33 11
3
48 39 3
46 39 13
40 28 19
1
63 49 3
0
0
0
0
1
41 28 8
1
44 43 9
1
42 42 1
1
52 50 3
1
43 36 2
1
42 39 0
1
36 28 8
1
66 57 0
1
55 45 21
2
39 31 3
54 44 21
1
42 41 24
1
65 55 16
0
1
45 37 16
0
1
36 31 18
2
39 27 16
55 42 17
1
42 32 13
1
44 35 17
2
39 25 11
42 38 14
1
49 38 20
3
47 42 0
41 40 9
44 44 21
0
1
62 53 23
1
54 49 11
0
2
51 46 3
43 34 8
0
0
3
57 42 9
35 27 11
39 32 15
1
43 35 5
3
60 46 3
58 39 4
48 28 13
1
62 57 23
0
1
24 19 7
2
41 29 21
49 40 24
1
52 35 13
0
1
63 46 1
0
0
2
50 38 4
43 32 7
2
70 59 4
44 38 8
1
36 23 9
1
63 72 24
2
61 58 11
49 32 17
0
1
76 65 3
1
46 39 10
1
53 42 3
0
0
2
61 43 15
48 37 18
0
0
1
50 38 1
1
60 36 21
1
48 36 24
1
46 38 1
1
48 45 24
2
38 32 1
66 63 16
0
1
52 40 1
1
60 46 9
1
67 52 7
1
59 52 3
1
45 38 12
0
2
62 51 9
48 38 18
0
0
1
49 43 8
0
1
51 40 1
0
0
1
37 31 8
0
2
60 61 3
61 43 7
0
1
62 43 23
0
0
1
61 50 17
2
44 38 9
72 60 21
2
55 36 7
52 44 11
1
68 56 13
2
51 36 8
64 52 15
2
67 55 6
37 28 18
0
1
50 28 24
0
1
60 48 23
1
71 56 1
3
55 51 2
81 65 6
63 51 14
0
0
1
51 42 3
0
0
0
3
59 42 0
50 37 18
59 48 24
1
54 43 16
1
67 49 19
1
53 47 18
0
0
1
76 68 20
0
0
0
1
38 29 21
0
2
56 43 3
56 41 14
0
0
0
0
2
65 55 8
54 46 21
1
62 42 11
2
70 61 1
76 51 17
1
79 59 22
2
61 52 7
95 75 21
1
76 64 3
3
43 40 0
65 56 18
29 23 22
1
65 50 3
0
1
70 62 9
2
59 49 0
69 53 16
0
0
0
1
70 45 8
2
83 62 16
76 44 21
1
63 53 15
1
68 46 0
0
2
57 32 12
85 69 17
2
60 58 15
55 36 17
1
80 60 3
1
61 43 15
0
1
70 53 18
0
1
76 55 6
2
45 35 6
109 93 17
0
1
61 58 18
2
57 46 1
62 44 6
0
1
97 73 21
2
66 49 0
55 40 1
0
2
59 39 14
86 65 19
1
62 50 16
2
65 55 8
92 72 9
0
1
76 66 21
1
86 66 11
2
79 64 0
58 44 24
0
1
65 46 17
0
1
55 37 18
0
1
86 79 7
0
1
63 53 7
1
97 69 17
3
59 46 17
54 39 21
81 73 23
0
0
1
76 51 6
0
0
0
0
1
65 51 16
1
40 37 13
0
0
0
0
0
1
74 45 5
2
42 36 1
63 55 4
0
1
82 55 24
2
62 52 7
70 55 16
1
72 48 21
2
80 60 9
60 43 24
1
87 86 5
3
71 43 11
80 68 14
76 66 24
0
2
73 49 3
59 38 6
1
65 49 5
0
3
70 61 0
65 45 6
54 49 19
0
1
53 43 11
0
0
3
68 55 15
81 58 18
60 40 21
0
1
63 55 1
2
57 43 5
77 65 20
1
76 69 4
1
85 65 11
0
1
65 49 3
0
2
60 50 6
81 70 16
0
1
75 57 0
0
0
0
2
64 46 16
76 67 19
0
1
55 44 3
0
0
3
81 72 3
68 54 5
50 38 9
2
97 50 0
99 76 3
1
113 103 16
2
73 61 6
80 66 18
2
65 52 6
89 56 18
0
0
0
0
0
0
2
61 43 1
100 101 24
1
101 72 8
0
2
61 43 1
98 71 11
1
60 45 13
0
1
52 41 2
1
56 44 6
2
68 44 1
65 41 3
2
94 79 1
79 67 8
0
0
3
73 65 0
60 46 6
55 44 18
0
2
87 68 16
81 72 17
1
99 92 3
0
1
70 57 17
4
72 59 6
100 74 7
59 51 18
46 41 24
3
78 65 0
93 76 9
75 56 14
0
0
0
2
76 76 3
94 81 14
3
91 64 1
92 73 5
80 51 16
0
1
128 85 21
3
80 78 6
110 111 11
70 59 24
0
4
88 63 6
88 75 9
52 53 13
109 81 24
0
1
91 83 2
2
81 66 4
77 51 11
1
75 59 15
4
81 65 1
115 78 3
75 80 13
73 53 16
0
1
84 69 0
2
97 81 3
60 51 17
2
84 84 3
60 54 13
0
1
114 101 2
2
91 67 11
95 86 18
1
90 76 24
2
87 68 6
91 76 20
1
57 43 16
2
60 51 0
72 54 2
0
0
0
0
1
70 53 0
0
0
1
99 90 23
0
0
1
72 48 4
2
102 86 0
100 97 9
1
130 109 2
1
137 110 6
0
2
64 43 1
123 99 21
0
0
1
76 52 16
1
60 48 11
1
105 88 17
2
45 32 1
91 72 7
1
103 92 17
3
90 71 3
92 67 5
110 97 17
2
113 84 9
86 81 11
2
87 64 0
112 86 17
0
3
119 97 0
99 73 4
90 82 14
2
96 85 1
96 85 8
0
0
1
101 78 20
2
85 71 7
102 72 16
2
98 71 17
84 66 24
0
0
1
80 56 18
0
1
100 98 21
0
1
126 87 7
0
1
113 77 3
2
109 111 3
77 56 16
2
84 71 1
100 56 21
1
61 51 11
1
125 100 18
1
100 72 7
0
3
88 80 6
64 56 9
75 52 22
2
102 77 3
70 46 20
1
82 70 0
2
106 79 7
105 88 16
0
0
1
78 63 13
0
2
68 43 22
85 62 23
0
1
104 98 8
1
86 65 0
0
1
60 46 19
1
89 70 11
1
102 86 24
1
128 94 2
0
0
0
0
0
0
0
1
92 82 16
2
58 45 1
117 88 13
3
121 118 7
80 85 9
95 64 18
0
2
90 82 8
112 88 20
1
67 42 24
1
89 75 7
0
0
0
0
0
1
107 101 18
0
0
0
2
115 112 9
63 47 16
2
134 108 8
71 49 16
1
99 92 24
1
90 69 20
2
104 84 1
95 80 19
1
111 99 9
0
0
0
1
110 87 9
1
94 77 18
1
98 61 8
0
1
74 55 16
0
0
1
127 79 24
1
84 70 18
1
133 111 14
1
82 56 8
0
1
147 123 18
1
106 83 13
1
86 65 18
3
98 87 1
92 70 7
84 78 9
0
2
132 118 5
94 59 11
0
2
110 93 6
107 75 9
1
62 49 19
0
0
0
1
115 80 23
1
108 103 7
0
2
109 76 7
115 97 18
3
101 71 0
114 84 3
117 97 21
3
114 106 3
94 57 18
140 112 24
3
77 66 0
121 104 5
94 80 18
0
0
0
2
112 87 6
126 103 15
1
93 77 20
3
112 83 0
98 81 13
63 49 23
0
2
92 73 16
91 66 21
1
152 108 1
0
1
122 114 15
1
94 77 11
0
1
100 74 16
1
103 66 10
3
96 78 11
116 93 17
103 89 23
1
91 64 15
0
0
0
1
130 89 24
1
67 57 1
0
1
108 75 9
0
2
127 109 3
123 77 18
0
1
115 91 15
2
97 78 4
59 43 8
0
0
1
115 84 3
0
1
132 117 14
2
80 52 15
109 96 21
2
118 114 12
155 128 21
0
2
109 80 4
122 92 9
0
0
1
85 74 21
1
122 92 16
2
74 40 1
132 88 3
1
105 92 16
1
90 68 17
0
3
94 89 1
69 48 4
100 65 7
0
1
96 63 1
3
129 104 6
119 99 17
114 92 18
1
126 100 15
1
91 82 19
1
107 71 7
0
0
0
0
0
2
117 68 6
85 77 8
3
123 111 9
142 125 13
120 104 20
0
1
137 124 15
1
119 88 1
1
95 75 11
2
121 100 0
105 79 13
1
104 88 18
2
165 189 7
102 88 9
0
1
107 84 3
0
0
2
104 90 21
116 103 24
1
69 53 17
1
83 60 13
1
135 119 2
1
114 82 0
1
139 119 24
2
146 125 12
90 56 16
1
120 88 9
1
133 116 20
0
2
143 111 3
144 115 6
1
115 92 12
0
1
179 162 3
1
110 76 20
1
98 83 16
0
0
2
82 78 9
147 108 24
1
81 67 17
2
114 97 4
116 104 6
1
133 139 13
0
0
0
0
0
1
143 133 18
1
169 125 19
2
122 99 18
98 79 20
2
119 116 3
93 60 6
1
146 116 9
0
2
135 76 0
123 88 17
0
1
140 130 13
3
137 102 7
123 83 11
104 75 19
0
3
138 113 11
59 45 13
100 81 15
2
107 92 3
119 71 21
2
118 100 9
96 69 24
1
154 115 8
2
145 114 17
136 103 21
2
92 75 8
146 115 18
1
141 119 20
2
99 60 5
110 83 20
0
1
101 81 13
1
141 83 13
0
1
117 100 17
0
0
1
161 137 0
1
93 81 21
0
1
121 89 0
2
112 103 0
92 68 1
1
151 104 15
0
1
126 112 17
0
1
117 78 23
0
2
107 86 7
104 88 23
3
161 122 0
135 121 7
79 62 9
1
97 85 17
1
126 91 4
0
2
100 79 3
129 103 18
3
138 116 2
129 115 21
118 106 24
3
131 88 3
146 156 13
124 63 15
2
142 96 8
138 117 13
0
0
0
0
1
131 91 7
0
2
201 193 0
112 97 17
0
1
155 137 16
0
2
132 101 8
121 73 9
1
139 114 8
0
0
0
0
0
1
166 159 9
0
2
157 142 6
96 76 24
1
118 85 0
1
132 86 0
0
2
145 117 14
121 67 16
3
139 114 5
135 127 9
113 90 24
1
195 170 17
1
107 84 20
1
160 136 15
0
1
133 108 9
2
114 90 6
131 92 23
1
135 105 3
0
0
1
112 95 23
2
153 121 3
136 122 20
1
95 93 8
0
1
113 93 5
0
1
112 85 3
0
1
109 78 8
1
144 134 17
1
151 86 24
2
131 115 7
130 115 11
1
126 86 1
1
112 94 21
1
112 96 6
0
1
134 85 20
1
113 92 19
2
130 110 6
116 90 19
2
168 133 7
157 156 21
1
137 82 12
0
2
102 69 11
178 119 14
0
1
150 123 23
2
137 108 3
126 89 17
0
3
185 135 1
160 110 3
107 76 21
0
0
1
91 95 16
1
148 95 18
1
158 115 6
1
91 66 1
1
140 87 4
1
136 118 8
4
75 66 2
161 122 9
173 157 16
162 120 19
0
4
153 95 8
154 112 11
171 145 13
139 100 19
0
1
149 124 8
0
2
138 110 13
151 117 21
2
93 69 16
151 86 24
1
219 199 13
0
0
2
147 89 7
130 146 9
1
127 84 1
1
102 76 2
0
0
0
0
2
144 100 7
152 128 17
1
161 135 9
1
128 92 13
0
1
157 127 23
0
1
130 111 7
1
165 146 16
0
0
1
98 90 18
1
111 92 8
3
158 151 5
176 135 9
94 98 16
2
133 104 0
160 142 8
3
147 129 0
120 91 3
166 133 17
0
1
133 103 21
1
90 76 16
1
75 68 3
1
192 171 9
0
0
0
0
4
88 62 2
158 120 9
122 90 13
113 89 20
1
145 131 5
0
1
129 123 18
2
50 35 5
122 106 24
0
0
0
2
58 38 3
109 94 17
1
128 89 21
2
105 91 8
119 89 21
1
161 141 6
1
160 127 21
1
114 87 12
3
123 102 9
167 151 18
155 147 20
0
1
124 98 11
1
168 136 17
0
1
126 103 9
0
1
128 96 19
0
0
0
1
136 82 7
2
170 146 11
160 141 17
0
1
185 162 9
0
0
2
125 112 7
140 115 17
0
1
159 129 18
1
122 85 22
2
166 121 14
167 159 18
2
137 118 13
172 144 14
1
115 102 1
1
107 81 12
0
1
145 106 21
0
1
115 99 21
3
132 122 1
174 143 6
160 131 24
2
79 70 11
181 183 13
3
137 133 4
148 116 6
137 100 9
3
121 112 13
148 106 17
174 152 24
0
0
1
162 141 18
2
152 109 7
99 68 9
0
2
157 134 1
151 137 7
1
180 144 3
2
69 62 0
165 122 3
1
132 90 24
2
181 130 6
201 162 17
0
3
174 135 8
126 91 11
112 88 21
0
2
188 137 0
175 163 21
1
171 176 17
3
181 139 1
144 110 6
145 133 22
3
196 177 5
203 157 7
162 120 13
2
216 152 13
138 102 18
3
179 114 0
123 80 16
150 122 19
0
0
0
1
119 87 3
1
135 119 1
1
173 141 24
0
0
1
133 114 19
0
0
1
148 109 3
1
109 105 11
1
155 133 24
2
112 56 6
188 156 22
0
1
197 187 18
1
144 109 18
0
1
170 139 0
1
77 66 7
0
0
0
