7 8 5 5 5 2 5 5 6 4 5 7 1 1 7 3 6 6 5 3 4 2 3 7 5
3
6 5 4
8 6 9
7 6 19
0
1
7 6 15
3
7 5 1
7 6 4
6 4 9
1
5 4 8
2
13 11 3
7 5 11
2
11 10 4
8 8 19
0
0
1
10 9 6
2
8 6 17
9 7 23
2
6 6 15
6 5 16
0
1
10 6 0
1
11 8 11
1
12 11 10
3
9 7 1
5 3 17
8 5 24
1
13 11 6
2
9 9 1
13 11 18
1
12 8 17
0
1
9 6 10
1
17 12 16
1
8 6 10
1
17 14 4
1
9 8 18
1
9 6 0
2
11 9 17
10 9 19
0
2
15 11 14
12 8 23
1
10 8 4
2
14 10 7
9 8 24
1
9 8 23
2
12 10 19
12 9 20
0
1
16 13 16
1
7 7 16
2
14 12 1
8 6 4
3
13 11 4
9 8 20
13 10 23
1
13 8 15
1
17 12 8
2
9 8 6
12 10 8
4
12 9 1
10 9 3
8 6 10
12 8 23
2
15 14 14
18 17 15
3
14 10 4
20 18 14
14 11 15
2
13 10 0
9 7 23
2
22 16 2
21 18 14
1
11 10 11
0
1
11 8 22
0
2
10 9 1
18 14 23
2
16 11 10
15 10 24
0
1
15 13 11
1
15 10 3
1
16 11 19
1
15 10 3
1
17 16 16
1
16 9 8
1
15 12 9
0
1
17 17 4
0
0
3
21 15 0
21 16 1
19 12 16
1
16 14 20
1
12 9 4
0
0
0
0
2
18 18 14
12 12 24
0
1
21 16 19
0
0
0
1
18 16 18
5
12 10 3
15 13 4
17 11 6
22 16 8
21 16 18
1
22 17 0
2
23 21 1
19 16 23
3
24 18 3
21 18 17
14 10 20
1
22 18 9
1
23 19 1
1
22 18 6
3
22 20 4
15 14 8
17 13 17
0
1
18 14 10
4
22 19 0
23 18 7
19 14 14
21 15 20
2
21 15 0
28 23 1
0
3
24 20 4
15 11 9
26 21 11
2
17 12 8
15 14 23
1
17 15 13
1
22 18 22
3
26 20 1
21 17 2
22 21 20
0
0
2
24 16 11
23 19 23
1
20 16 11
1
23 15 8
0
1
27 16 15
0
2
23 16 1
25 22 4
2
18 14 7
21 16 17
1
22 17 0
3
26 21 10
21 16 19
26 21 24
2
23 18 8
27 23 23
2
18 15 10
17 14 11
3
26 18 13
30 23 14
28 19 24
0
0
2
25 21 1
29 21 24
2
29 27 14
25 22 23
1
26 19 14
2
24 20 13
36 24 20
3
27 25 0
25 18 9
27 22 17
2
21 16 1
26 19 16
0
2
34 27 3
20 17 4
3
31 26 6
17 13 8
24 16 19
0
3
22 20 1
32 26 14
27 23 16
3
39 38 2
21 16 9
20 13 24
3
14 12 0
31 24 18
31 25 23
1
26 19 0
2
22 21 8
25 20 17
1
26 23 10
2
23 18 0
32 28 14
0
1
26 20 4
0
2
23 23 16
35 32 23
1
30 26 19
2
29 20 15
24 17 17
2
19 15 5
31 25 11
1
21 13 1
3
31 26 0
31 28 5
34 32 7
0
3
33 18 6
26 22 14
33 29 19
0
2
25 18 9
31 31 11
0
2
25 22 9
33 27 20
1
24 20 20
0
1
29 21 15
2
36 27 11
27 24 15
2
31 28 7
17 15 24
0
0
1
32 27 16
0
2
30 23 11
42 46 14
2
41 26 2
29 22 9
0
3
41 38 8
39 33 15
28 21 23
0
2
29 23 8
33 24 12
0
2
32 25 5
42 31 14
0
2
33 31 8
27 20 14
2
33 21 6
41 30 14
1
40 34 17
2
35 24 6
32 28 19
1
27 22 18
1
35 28 20
1
34 24 9
0
1
42 34 0
0
2
40 31 1
28 23 7
0
1
41 32 7
0
1
33 26 11
3
27 24 14
38 30 18
28 22 19
0
3
43 35 2
43 32 16
26 22 24
2
30 23 7
35 26 23
2
37 30 2
32 25 20
1
28 24 3
2
33 31 0
48 38 7
2
21 21 4
26 16 10
1
27 24 24
0
0
1
34 30 18
1
32 21 9
0
0
1
31 25 24
1
37 33 23
0
2
48 38 2
54 35 3
0
0
4
35 32 4
30 25 7
15 10 10
42 41 11
2
27 21 2
21 18 24
1
37 34 2
0
1
31 28 3
0
1
44 39 17
0
2
41 30 9
36 25 11
1
43 33 2
3
50 36 7
41 36 15
43 29 17
0
2
39 35 14
43 40 16
2
27 23 6
30 23 18
0
1
57 40 4
0
2
51 36 11
44 33 17
0
2
38 34 4
51 38 8
1
44 33 19
2
33 26 11
40 34 17
1
54 49 14
2
33 28 4
51 38 9
1
45 31 1
2
50 33 11
39 29 19
1
42 31 10
1
47 36 16
3
29 23 0
52 40 1
44 41 11
4
51 38 8
46 39 16
43 33 18
48 37 24
0
3
40 27 4
47 40 12
24 19 22
1
47 39 9
1
36 21 24
1
32 25 2
1
39 26 6
2
58 40 0
37 25 17
2
47 39 22
26 20 24
1
35 28 0
0
2
60 40 10
62 58 24
2
47 40 1
41 24 23
1
40 31 2
0
1
38 28 2
2
35 30 1
41 32 2
1
57 46 16
1
43 33 2
3
49 35 1
58 38 6
56 43 7
2
46 35 13
32 25 22
0
1
34 26 17
1
49 35 17
3
49 36 1
52 41 8
34 31 24
0
2
32 28 6
47 41 20
1
46 34 10
0
0
0
0
0
0
0
1
52 47 23
3
62 43 4
49 27 14
61 43 15
0
3
56 47 0
47 34 7
34 30 16
1
59 55 18
0
1
35 24 9
0
0
1
48 37 17
2
42 34 10
42 32 16
0
1
33 27 18
0
0
2
52 44 8
57 45 11
0
4
42 28 6
56 42 7
62 44 14
59 65 17
1
51 31 8
0
2
58 51 4
67 51 20
1
83 64 2
1
57 37 4
4
48 34 4
64 40 17
47 37 20
62 43 24
0
0
1
50 47 14
3
24 18 9
66 66 11
31 19 24
1
54 43 9
2
56 38 8
58 42 9
0
1
62 49 18
4
57 48 1
34 29 11
47 37 14
38 32 23
1
50 38 16
2
60 46 3
60 42 21
1
45 47 4
0
1
46 37 3
1
58 44 16
1
52 46 11
1
59 40 23
1
45 43 0
0
1
62 54 21
1
54 51 23
0
2
61 48 7
60 52 23
1
35 24 9
2
51 43 2
50 42 24
0
1
33 20 23
0
0
2
45 39 4
47 35 23
1
47 41 1
1
52 45 7
3
68 55 8
46 38 14
58 45 22
1
59 46 7
0
4
45 38 1
53 33 10
44 38 18
51 36 23
4
54 49 2
55 50 11
75 60 17
52 36 18
2
65 57 4
38 24 6
3
57 41 2
61 43 6
56 37 24
0
1
69 52 17
1
69 68 1
0
0
0
0
2
69 63 0
66 48 14
0
1
60 45 24
1
58 45 4
1
44 36 19
1
72 62 6
1
26 17 24
2
74 49 0
79 60 16
1
48 50 9
2
62 45 13
69 62 15
1
48 38 23
1
38 32 3
0
2
49 24 10
43 33 24
1
35 27 11
0
0
1
65 43 11
1
57 50 10
3
55 36 1
58 47 3
58 38 8
3
41 40 5
57 48 16
60 58 24
1
72 62 4
2
73 51 14
54 48 22
0
0
1
78 53 22
3
61 51 0
68 54 3
69 52 11
2
81 66 2
45 39 23
3
80 57 1
58 42 7
46 34 23
0
1
76 60 23
1
71 61 1
2
45 35 10
74 59 18
1
54 48 23
1
59 44 2
5
53 45 5
86 76 9
51 41 11
51 34 16
53 44 19
1
71 53 10
0
0
1
83 67 11
1
68 46 4
0
4
78 72 0
48 33 4
67 48 7
60 49 23
1
83 65 8
1
59 48 3
0
2
72 57 6
71 52 16
2
53 43 8
63 58 17
2
71 60 14
87 65 20
3
66 63 10
65 43 14
57 43 20
0
0
1
54 44 11
2
65 45 4
95 68 16
1
59 50 24
0
0
1
62 53 18
4
68 69 0
62 51 2
38 32 5
60 44 10
2
55 45 3
70 51 18
3
79 60 2
48 38 11
80 69 23
1
57 48 14
0
1
73 58 20
3
48 32 1
67 44 7
74 55 15
0
0
1
73 65 14
1
63 52 10
1
63 55 23
1
80 71 11
2
68 54 12
42 32 17
3
59 41 1
58 40 14
69 42 16
1
65 65 4
2
73 67 13
78 59 16
0
4
72 63 1
94 80 21
65 50 22
78 65 23
0
2
56 47 16
79 50 21
2
65 47 17
72 57 21
3
105 95 0
63 45 10
103 69 11
1
56 46 11
2
87 77 9
53 35 24
2
58 52 20
82 84 22
0
3
91 70 9
61 55 16
49 40 19
1
89 82 1
1
44 37 24
3
74 67 4
94 77 5
47 45 22
0
1
63 52 4
1
49 35 22
0
0
0
1
81 59 17
0
0
0
2
89 68 4
79 72 6
2
74 59 11
72 42 12
0
1
57 49 18
1
77 69 11
0
0
3
57 47 3
84 60 8
59 40 14
1
59 51 1
3
86 70 4
82 61 14
90 60 22
0
2
47 39 2
82 49 11
0
0
3
87 69 0
112 104 1
76 68 22
0
1
108 95 20
0
2
78 60 8
88 63 15
0
1
120 105 18
2
95 72 3
86 73 19
3
79 63 0
53 34 20
64 47 24
1
86 79 11
0
0
1
78 60 1
1
79 62 7
2
94 86 1
89 71 11
0
0
1
95 88 1
0
1
68 51 10
0
2
77 60 14
60 56 23
2
51 44 1
89 87 2
0
1
45 47 8
2
116 105 8
80 56 9
2
71 59 5
94 72 23
1
74 65 1
2
72 51 11
45 40 18
1
81 77 22
1
98 71 16
0
2
65 58 2
58 37 15
1
101 91 11
1
77 64 24
0
1
95 66 18
1
71 61 14
1
117 114 14
1
72 30 14
3
109 91 0
83 68 7
83 68 16
2
53 36 2
70 55 18
1
74 61 7
1
78 59 8
1
76 55 5
2
98 86 10
86 72 18
2
101 90 4
68 67 10
3
87 63 7
94 71 22
83 66 24
0
2
79 63 1
74 53 8
0
1
74 50 0
0
2
77 64 10
64 63 17
2
91 73 9
95 68 10
0
3
63 43 12
84 54 16
102 94 18
3
69 48 5
79 49 14
53 45 18
1
88 69 1
1
51 42 0
2
89 68 0
49 33 21
2
50 40 2
104 69 11
0
1
78 60 2
1
93 87 11
0
0
0
0
0
3
99 80 1
81 73 8
55 46 22
1
75 65 2
0
0
1
140 97 8
0
1
56 36 16
1
70 46 11
1
110 123 11
1
80 58 7
2
70 68 19
81 68 23
1
74 54 17
1
93 64 4
1
93 66 8
2
97 85 6
51 44 17
1
113 84 0
1
86 68 10
0
0
0
0
1
95 63 23
3
91 72 9
88 80 17
99 79 23
1
83 79 17
0
1
55 43 14
2
95 74 17
103 58 24
1
89 74 16
2
73 46 4
54 41 23
5
73 54 4
122 105 6
81 62 7
77 78 16
108 91 19
3
73 53 6
94 61 12
79 70 14
1
78 55 17
2
79 81 18
83 57 20
3
77 68 13
77 65 14
108 88 23
0
0
0
0
1
60 47 0
0
0
3
61 57 4
96 89 12
122 91 17
2
138 118 21
87 65 23
2
94 70 2
103 74 14
2
135 112 1
94 82 24
2
129 97 10
78 71 14
2
127 115 7
91 63 14
2
117 103 4
82 70 10
0
1
85 43 10
0
3
92 58 0
101 82 6
69 64 8
0
1
110 106 4
1
66 62 6
0
1
137 125 11
0
3
76 50 11
88 60 16
61 38 22
0
1
84 71 1
0
2
34 27 7
100 96 24
1
81 80 0
1
94 81 7
1
87 63 2
0
1
93 80 14
3
100 80 11
124 106 20
91 71 23
3
69 58 3
86 80 5
129 76 23
3
143 103 9
140 109 14
28 22 18
1
105 83 13
2
66 50 7
67 63 10
1
131 93 10
0
1
113 96 21
0
0
0
0
3
125 91 2
87 75 3
101 91 11
2
111 55 9
99 80 14
1
106 96 3
0
1
104 83 9
2
114 107 7
91 83 14
0
4
89 83 3
114 62 7
123 86 18
75 59 24
1
93 72 18
0
1
99 70 11
2
128 82 11
69 50 21
1
126 109 23
2
135 115 1
99 87 4
0
1
93 73 8
0
1
145 97 0
1
77 59 8
0
1
72 45 8
1
101 89 11
2
90 69 4
98 92 9
0
2
89 74 14
105 98 18
2
89 69 5
102 75 6
1
130 113 18
2
105 69 23
96 85 24
0
2
74 61 0
85 74 10
0
2
90 83 4
88 70 17
2
125 123 3
87 75 20
0
1
132 115 17
1
81 80 8
1
71 61 1
3
111 82 1
97 80 2
93 65 7
2
130 122 17
84 80 18
2
105 87 6
101 84 14
0
3
109 86 1
43 28 4
77 49 5
3
116 92 4
101 85 6
131 102 19
1
91 91 2
4
104 81 1
97 94 2
89 79 9
120 93 18
0
1
77 50 3
1
99 71 5
1
131 100 0
1
97 88 1
0
0
1
121 94 0
1
76 51 24
0
0
0
2
97 70 8
134 107 15
2
103 66 3
119 81 24
1
86 79 3
2
132 117 16
106 75 18
0
1
80 60 7
2
102 87 3
95 78 23
0
2
132 110 1
104 87 14
1
105 72 0
1
111 101 14
2
79 64 14
107 77 18
0
2
93 89 7
97 73 9
2
96 76 2
82 71 7
2
122 89 23
104 93 24
2
82 58 14
129 119 16
0
1
81 64 8
3
83 67 6
151 113 17
125 78 18
0
0
2
124 93 11
80 67 22
2
144 92 1
100 79 6
0
1
113 79 3
2
116 93 22
115 81 23
1
89 74 23
2
115 92 6
113 79 9
0
2
109 105 23
75 63 24
0
3
91 72 0
119 93 6
145 101 16
2
122 105 3
72 59 4
2
132 138 14
137 96 15
2
130 97 14
93 77 19
0
2
139 95 2
108 75 17
2
93 69 0
95 58 7
3
97 86 7
113 95 16
116 88 17
3
116 90 2
100 81 4
125 92 11
0
0
1
147 113 11
0
0
0
0
2
116 81 10
106 93 17
2
98 72 8
156 120 11
1
117 104 11
2
138 128 14
90 71 20
0
0
1
112 90 7
0
0
0
0
2
134 124 2
98 69 14
3
101 79 3
123 90 4
141 126 22
3
104 84 1
107 94 8
124 89 17
0
0
0
2
66 56 0
101 69 9
1
92 65 0
4
125 95 9
143 137 11
113 72 20
120 111 24
3
91 73 14
118 78 17
128 105 21
0
1
115 85 23
1
128 84 1
0
0
1
114 76 18
0
2
162 113 4
163 173 16
0
0
3
125 112 4
175 125 9
121 88 23
2
77 64 11
117 91 21
1
138 119 23
1
66 51 1
0
0
0
1
100 77 14
0
1
109 82 13
1
142 130 3
2
127 101 8
134 120 18
3
108 98 1
86 67 17
104 65 19
2
107 70 8
107 84 13
0
2
117 88 8
119 105 23
0
4
100 81 1
98 81 3
109 95 18
142 102 19
0
1
157 150 9
0
0
1
135 122 16
1
123 98 10
2
178 148 18
127 87 19
5
90 64 8
131 92 14
136 106 15
116 89 19
116 98 24
2
131 112 1
118 100 9
2
164 135 0
117 99 19
1
100 72 19
0
1
124 121 11
2
154 135 0
113 82 16
0
2
121 109 1
143 104 10
2
132 84 6
91 64 8
1
97 80 18
2
100 97 9
100 107 22
0
2
112 86 0
79 60 7
0
1
136 140 20
1
118 99 2
1
137 86 7
1
119 107 16
1
104 106 11
0
0
0
2
133 102 11
142 132 21
1
140 86 22
0
0
1
121 92 9
1
63 46 23
1
130 110 23
1
99 80 17
1
140 111 23
1
147 111 9
0
3
94 72 0
128 112 14
114 95 22
0
2
147 104 1
112 79 6
1
107 96 23
0
1
145 120 10
0
1
113 82 9
2
146 100 1
124 96 14
1
79 48 7
1
149 104 15
2
105 103 0
120 92 7
1
118 93 11
0
0
1
149 138 21
2
97 80 11
155 118 17
0
3
137 102 8
89 90 9
134 118 12
4
146 138 10
181 147 18
97 83 21
173 145 23
1
117 87 4
0
4
141 130 1
107 103 4
180 112 9
135 84 16
2
136 88 1
115 116 2
3
136 90 1
95 57 14
120 89 22
0
0
3
176 141 11
145 129 17
123 109 24
0
0
0
2
133 100 4
143 80 9
3
149 113 8
143 113 10
131 100 16
0
1
174 136 6
0
0
0
1
103 94 1
0
0
4
148 143 0
106 72 3
101 74 16
87 63 17
1
130 90 11
0
1
85 76 24
0
2
105 106 1
129 103 9
0
0
1
93 71 19
1
140 112 1
1
137 104 9
1
197 159 4
2
134 113 5
157 94 16
0
1
170 144 1
1
155 136 18
2
144 114 1
165 127 24
0
0
0
0
1
119 122 17
1
159 115 3
0
2
170 138 2
167 170 24
2
79 71 4
155 111 8
1
138 109 17
3
156 150 1
207 164 4
191 165 9
1
178 131 18
2
110 99 0
135 83 11
3
186 165 6
88 80 8
135 97 16
0
2
103 82 3
73 48 6
0
0
1
158 127 20
1
114 83 10
1
133 95 3
4
121 102 8
156 121 14
118 91 20
120 114 23
3
115 119 0
128 129 2
127 119 23
0
3
183 138 2
148 116 18
135 117 23
1
165 147 1
1
96 74 16
3
147 112 6
135 103 10
164 137 11
0
3
144 118 8
136 89 13
85 60 17
0
1
108 97 6
4
122 100 3
121 107 9
138 91 11
128 86 16
0
0
3
150 128 0
134 115 6
115 110 13
2
152 122 15
138 111 20
1
134 130 0
1
114 111 0
1
146 120 9
0
1
90 80 6
1
152 106 3
1
102 86 14
1
201 156 13
0
2
202 147 8
151 110 18
2
144 104 2
173 159 17
2
146 120 6
142 128 9
2
202 169 5
170 122 17
1
145 125 20
1
182 158 7
0
1
133 113 23
3
133 107 11
139 131 17
148 104 18
1
76 60 7
3
119 108 4
152 114 10
148 132 19
2
137 123 0
157 96 18
0
1
124 108 23
0
3
150 136 1
135 111 5
93 70 6
1
115 108 1
2
152 130 14
129 87 16
2
147 106 7
120 84 16
3
148 142 7
196 140 8
171 102 15
2
148 127 8
111 97 11
0
2
115 90 0
154 141 23
3
180 177 16
116 109 23
123 108 24
0
3
118 102 4
180 126 19
147 134 24
2
182 146 6
161 115 19
2
145 129 3
139 106 20
0
0
0
1
145 139 11
1
95 91 24
2
96 76 1
126 72 18
1
143 111 18
1
119 79 0
1
134 106 17
0
3
171 121 3
113 81 6
128 87 9
1
179 109 0
1
155 115 4
1
138 116 4
1
144 119 17
0
3
167 121 1
122 92 7
97 82 19
2
150 104 2
129 109 17
2
163 136 10
133 94 23
4
188 158 2
101 101 4
151 110 19
112 84 23
1
160 146 6
0
2
120 107 13
179 127 14
2
193 128 2
112 58 16
2
139 121 6
188 141 16
0
1
152 141 22
0
1
98 76 0
0
2
180 137 0
129 77 12
2
152 95 20
125 111 24
2
110 73 0
110 89 15
3
185 146 4
168 150 21
180 137 23
0
3
108 91 14
175 133 17
133 105 23
1
200 142 1
1
113 96 1
3
176 131 12
202 162 20
123 101 23
2
144 104 4
203 191 20
3
173 148 6
217 170 8
116 93 23
3
118 98 16
184 152 17
79 69 24
1
203 166 15
1
139 83 1
1
171 133 4
0
1
170 131 8
2
198 156 3
154 138 23
1
160 97 24
0
1
121 109 10
0
1
221 189 8
0
0
1
107 82 1
0
1
125 107 20
0
0
1
159 132 22
2
118 82 10
109 73 11
0
0
2
168 123 8
187 142 11
1
179 130 11
0
2
158 131 6
171 97 9
2
120 106 10
121 85 14
2
130 126 1
171 108 4
4
136 114 0
171 147 1
161 109 2
166 141 14
1
165 122 18
1
168 142 7
1
126 121 16
0
1
92 71 17
