7 7 5 7 7 6 1 5 5 3 4 2 7 2 6 3 8 5 5 1 3 6 1 7 4
1
6 5 18
3
4 4 3
7 6 20
8 5 21
3
8 6 3
7 4 14
9 9 16
2
8 7 1
6 4 12
0
1
5 5 23
0
1
5 3 10
2
14 11 1
10 9 8
2
9 8 3
7 6 20
0
2
8 7 4
11 8 18
2
12 8 15
10 7 16
2
12 8 4
8 8 8
1
6 5 17
0
3
10 9 0
7 4 2
11 10 4
1
5 4 1
2
8 7 2
12 10 16
1
10 7 23
1
11 11 15
3
12 9 5
10 7 10
10 8 24
0
1
14 12 23
0
1
5 3 8
2
7 7 10
13 12 23
1
13 8 1
0
1
13 12 2
0
0
0
2
13 11 12
12 7 24
2
13 7 3
11 8 20
0
2
15 11 1
12 9 2
1
12 9 19
2
17 17 10
15 11 16
0
1
19 15 17
1
15 12 20
1
18 13 14
2
16 14 5
15 12 7
3
12 9 4
9 6 10
15 11 14
0
0
2
15 11 7
10 8 24
4
17 15 0
19 13 5
13 9 17
12 9 23
0
2
16 12 18
15 13 21
2
18 20 21
12 8 24
1
14 12 12
1
11 9 1
0
3
10 8 1
13 12 17
12 9 23
1
19 16 0
2
15 11 12
13 14 21
1
21 21 23
3
24 21 8
9 8 12
17 12 23
1
12 9 23
1
12 7 2
0
2
17 14 5
17 9 14
1
20 16 12
1
13 11 4
0
0
0
2
15 10 13
21 14 14
1
22 14 1
1
14 11 24
1
21 16 10
2
24 17 3
18 13 14
1
15 11 5
1
20 20 15
1
22 16 5
3
14 12 1
21 18 7
20 17 23
0
2
27 26 12
19 18 18
1
17 16 23
2
23 16 4
19 16 10
1
28 24 8
1
19 17 18
1
16 13 15
0
1
20 15 4
0
0
2
33 26 0
16 13 2
2
23 18 5
21 17 17
1
17 11 21
0
1
21 18 16
0
1
22 18 16
1
21 14 16
3
12 8 7
25 11 8
26 21 23
1
21 17 24
1
20 15 7
1
29 25 23
1
23 15 15
2
26 22 15
24 19 18
1
17 13 3
2
25 19 16
27 27 24
2
23 18 4
14 8 8
1
28 27 4
0
3
25 22 14
23 18 17
25 18 21
0
0
0
1
23 17 7
1
25 18 21
1
26 25 16
1
24 17 23
0
1
29 23 8
1
24 20 18
0
0
0
1
23 16 23
6
28 24 2
29 23 3
25 19 5
15 10 11
25 21 16
22 16 21
2
22 18 5
32 30 14
2
28 20 4
24 20 11
0
3
22 16 16
17 12 17
22 12 21
2
20 15 12
36 24 23
2
29 21 14
23 17 24
0
1
30 24 1
1
26 25 18
0
1
39 35 1
2
24 17 17
23 19 24
0
2
19 17 4
34 27 10
0
2
33 24 16
24 21 21
1
29 19 10
1
34 27 16
2
30 23 8
24 18 14
0
0
2
24 19 10
24 16 12
3
34 35 0
24 20 17
19 12 24
0
3
30 28 1
24 19 8
24 20 10
0
2
26 23 3
25 20 4
0
0
1
32 24 16
1
35 24 21
3
39 32 3
29 27 20
25 24 23
4
43 35 1
34 34 7
39 24 14
27 21 16
1
31 27 16
1
47 36 3
0
2
31 25 2
38 28 11
0
0
0
2
37 31 18
39 28 21
1
30 18 14
1
33 23 14
4
36 25 12
33 18 14
33 24 16
30 21 18
1
43 42 5
4
33 29 3
39 36 4
29 24 7
33 20 24
1
38 35 0
0
2
32 24 19
41 40 23
3
38 27 12
42 31 15
34 29 23
1
33 23 5
0
0
0
0
1
40 36 11
2
28 29 8
33 28 23
1
39 31 24
1
35 26 8
1
41 35 5
0
2
27 21 0
34 27 14
3
26 19 1
28 20 16
29 20 21
3
33 30 7
42 35 14
34 24 18
1
33 28 12
0
1
38 33 12
3
27 25 8
35 30 17
26 18 23
3
39 36 1
47 35 7
39 27 23
1
50 33 12
1
37 32 5
1
44 27 19
0
1
44 34 24
2
45 41 4
55 47 9
2
34 28 9
33 26 19
1
36 38 10
1
31 28 24
1
39 24 23
2
42 34 3
29 27 4
2
47 38 4
44 37 5
1
44 35 2
1
46 31 9
2
52 33 4
39 30 14
0
2
40 24 11
48 30 17
3
35 28 1
35 25 16
54 36 24
0
0
1
38 32 3
0
2
30 22 5
43 30 13
2
25 21 21
34 30 23
0
1
56 49 23
1
35 30 16
2
41 30 17
48 33 23
1
44 39 14
1
42 37 8
2
35 32 8
41 27 24
1
42 40 17
1
40 28 3
1
42 28 4
5
42 35 7
51 37 8
49 36 9
35 33 18
59 46 20
2
39 29 12
41 39 16
0
3
42 33 4
53 47 7
26 19 17
3
40 35 7
53 35 21
37 32 24
3
55 52 4
47 28 8
35 31 14
1
47 34 16
0
1
48 47 7
2
45 35 2
41 29 17
1
34 30 2
2
44 39 12
53 49 21
0
1
48 39 14
2
40 36 3
36 26 21
0
0
1
39 32 8
1
42 32 5
4
46 38 2
51 47 3
43 34 16
45 30 23
0
1
51 41 11
2
40 36 2
37 32 11
3
53 39 7
30 21 16
49 44 18
1
55 51 5
1
43 31 24
3
35 20 5
46 37 6
32 29 19
3
38 32 3
47 29 9
49 42 12
2
46 38 12
45 41 18
0
0
1
33 23 4
0
1
33 28 9
2
33 26 10
46 36 12
1
37 32 0
2
43 36 4
41 25 18
1
47 40 22
1
59 44 24
3
60 38 2
46 37 3
28 20 24
1
50 42 8
1
58 46 4
1
42 35 7
0
2
41 26 21
63 51 23
2
52 47 9
51 35 15
0
2
51 36 3
51 37 21
2
37 30 4
47 34 10
1
54 44 2
1
48 31 1
0
1
55 43 24
3
61 61 0
44 40 4
57 40 23
3
53 45 14
54 40 15
43 37 23
0
0
0
2
57 55 9
54 42 15
3
39 25 2
36 32 15
63 55 18
2
51 43 20
43 33 23
1
51 45 16
0
0
0
0
1
54 40 17
0
1
57 50 4
1
47 36 4
2
40 21 10
29 22 16
1
51 40 12
2
54 50 12
55 35 21
1
63 56 5
3
67 62 8
37 30 16
56 44 23
1
62 59 17
2
54 44 3
45 34 15
1
70 57 13
0
1
62 37 3
2
66 55 7
55 41 19
1
48 41 3
1
36 30 21
0
1
32 19 23
3
42 29 5
50 50 15
55 44 17
2
53 43 10
63 46 18
2
68 62 4
47 39 18
1
71 64 16
2
58 52 10
53 43 18
1
63 42 24
1
60 46 14
2
38 30 18
66 51 20
2
72 63 14
49 39 20
2
35 31 0
62 56 15
2
64 59 10
41 25 12
1
55 33 18
2
43 40 5
47 34 19
0
1
41 26 14
1
54 47 17
3
71 63 13
61 41 20
49 52 23
0
2
51 37 1
60 49 23
1
53 42 0
1
65 61 17
3
73 62 1
52 39 3
70 51 4
2
66 44 20
39 29 21
0
1
73 71 4
2
51 40 5
56 36 12
2
57 42 0
67 59 17
1
61 35 16
1
70 54 23
2
62 52 15
57 54 20
3
56 44 3
53 41 8
57 42 10
1
68 59 8
1
60 47 10
1
70 53 24
0
1
66 58 16
1
67 61 12
1
65 44 21
1
93 60 12
1
46 36 23
1
56 49 8
1
47 42 9
3
71 56 0
53 36 4
69 58 15
1
68 59 15
0
1
47 38 21
0
2
54 53 4
64 53 12
1
47 44 16
1
76 43 24
2
55 42 8
87 61 22
1
41 43 1
0
0
2
66 59 10
70 56 19
2
56 45 3
53 37 14
3
60 44 3
73 55 7
56 47 21
1
56 47 8
0
0
0
0
1
71 54 16
1
77 66 17
0
1
38 27 3
0
0
0
0
0
1
56 40 5
2
63 44 8
55 53 21
2
76 41 2
75 65 8
0
1
91 59 24
1
68 58 20
1
75 63 5
1
63 55 23
1
68 50 21
0
0
1
57 48 2
2
71 50 1
42 33 5
2
70 62 1
62 51 18
1
59 42 15
0
1
55 40 15
1
69 55 5
0
1
68 68 24
0
1
60 45 21
2
51 44 4
29 29 6
0
0
0
3
62 53 5
70 50 22
65 52 23
0
1
53 33 21
1
52 41 24
0
2
66 54 4
70 57 24
2
53 38 1
57 50 14
1
82 79 21
1
62 47 16
1
56 49 23
2
67 57 0
66 49 2
2
78 57 18
66 48 21
1
49 46 16
3
90 84 4
40 38 12
95 79 17
2
76 54 0
54 38 5
2
82 68 3
80 63 23
1
68 51 12
2
110 98 0
80 54 18
0
0
1
77 61 5
0
2
72 43 4
79 47 20
0
0
2
65 53 5
40 34 18
0
2
59 51 0
66 57 1
2
68 63 3
96 79 10
1
71 60 5
1
92 74 4
2
88 58 8
46 34 9
0
0
0
1
106 85 0
2
66 54 16
74 61 21
0
0
1
57 43 4
1
70 65 23
2
65 56 18
78 61 24
1
87 56 9
0
1
49 36 12
1
76 63 12
5
73 50 0
73 67 4
73 53 7
55 53 15
81 61 18
1
54 46 18
2
101 87 2
58 47 7
1
64 52 12
0
1
56 49 0
0
1
77 46 0
1
101 86 5
1
76 79 22
0
1
64 56 12
2
62 48 10
114 111 13
2
85 66 8
69 70 10
2
97 77 1
100 102 13
1
79 64 17
1
80 59 14
2
87 72 17
61 56 18
0
2
93 77 0
57 41 2
0
2
113 77 0
62 52 10
1
77 68 7
1
104 94 1
1
69 62 5
2
93 67 4
75 55 7
0
1
82 59 21
0
1
73 51 16
2
78 64 2
89 73 8
1
48 48 8
1
87 68 5
0
2
89 88 0
91 73 1
1
84 78 20
1
74 62 3
0
1
95 71 21
3
56 44 8
65 46 18
66 51 20
0
1
96 85 3
2
81 60 16
65 49 21
0
1
81 64 3
2
93 69 4
89 61 5
0
1
75 58 5
0
4
110 75 0
98 66 8
80 59 13
96 71 23
0
1
97 84 3
0
2
80 55 3
65 47 12
2
66 51 0
67 53 19
1
100 86 20
3
76 65 3
113 90 8
107 88 24
0
0
1
52 44 8
0
2
107 74 3
96 79 12
2
75 63 10
102 85 15
3
91 75 1
88 72 4
61 43 15
0
2
82 63 3
74 64 14
0
2
86 67 15
93 71 17
2
94 66 12
105 72 15
1
84 71 8
1
62 53 17
1
71 59 18
5
83 85 3
97 100 5
96 87 7
65 45 13
92 75 21
2
71 51 9
94 72 21
3
91 56 5
103 84 7
93 73 8
1
85 71 10
0
1
90 63 8
0
1
84 67 14
1
71 67 23
0
0
1
92 77 14
0
2
85 70 0
81 67 17
0
0
3
66 49 4
102 73 5
59 42 7
0
2
62 50 3
89 72 23
1
112 91 9
3
60 37 5
102 75 18
110 90 23
1
83 64 14
0
1
115 81 21
0
3
100 70 4
72 58 8
112 102 16
4
86 60 1
91 59 10
74 53 16
73 54 17
0
3
89 56 0
94 64 1
97 82 6
4
56 45 12
80 65 14
120 117 18
74 58 23
1
110 94 8
1
85 76 3
0
1
89 64 8
2
66 59 8
70 59 17
1
67 60 14
1
76 63 16
1
74 73 3
2
108 88 3
89 82 16
0
2
74 70 6
112 86 17
1
118 95 20
1
112 95 20
2
126 82 2
101 81 16
2
93 67 16
75 65 21
1
101 89 18
0
0
1
65 55 7
0
0
1
108 74 12
2
52 53 2
92 78 14
2
97 85 8
137 112 23
2
83 54 5
113 93 7
0
0
2
116 105 5
66 47 8
0
0
0
4
110 104 0
95 75 5
112 83 9
94 69 16
0
0
0
0
1
90 65 10
2
109 100 8
77 55 23
0
0
1
108 74 16
1
87 71 14
0
2
96 90 3
103 88 16
0
2
114 99 21
77 56 23
3
85 91 8
112 77 9
109 80 14
1
76 54 4
1
109 82 15
1
105 88 0
2
92 77 16
125 99 17
1
113 111 12
0
1
97 79 2
2
77 53 16
100 78 21
2
65 50 3
100 78 10
0
2
117 91 18
92 74 23
2
108 93 10
94 86 21
0
1
87 64 3
0
2
82 64 1
102 76 14
1
133 122 6
0
0
0
0
0
1
95 73 0
0
0
0
0
0
5
97 93 3
103 90 4
111 69 11
104 101 23
84 72 24
1
108 91 18
2
92 63 5
98 85 16
2
128 70 2
112 77 9
3
130 114 10
62 48 14
97 79 17
2
116 85 17
100 87 21
2
72 58 16
84 74 18
1
89 74 11
1
84 56 12
0
1
94 62 4
1
129 100 14
1
112 98 7
2
120 68 3
80 60 20
0
1
106 90 1
2
133 100 5
96 82 12
2
107 93 2
85 49 17
2
83 72 20
108 85 23
2
92 73 2
104 87 24
0
2
126 107 0
88 79 20
3
111 91 3
119 76 7
123 105 9
0
2
107 97 0
118 101 20
4
72 62 0
127 117 16
97 69 17
146 125 23
1
88 77 5
1
79 64 2
1
90 77 24
0
1
78 67 8
0
1
79 68 5
3
58 40 5
92 72 14
113 90 16
2
129 106 1
101 80 12
1
141 124 5
1
86 53 16
0
1
118 80 21
1
135 110 19
1
117 128 3
0
0
2
102 62 2
101 63 20
2
123 85 10
93 94 20
1
107 65 7
0
0
2
94 80 20
113 99 23
1
114 88 2
0
0
2
102 90 7
79 56 16
0
0
1
90 78 4
4
107 79 8
84 75 14
117 90 17
145 124 20
2
88 62 8
132 120 21
1
92 100 16
1
108 97 9
3
97 64 1
88 71 9
157 134 24
1
154 129 7
0
2
95 74 20
89 70 23
0
2
83 65 0
129 88 18
0
0
2
119 87 9
92 65 13
2
113 76 16
148 94 20
0
3
114 89 1
108 96 4
92 64 14
1
97 79 10
0
1
119 92 3
1
122 90 16
1
125 95 9
1
93 70 10
0
1
100 71 5
4
80 66 4
74 51 14
115 78 19
130 111 24
1
143 81 8
0
0
2
132 104 14
142 111 24
2
145 130 7
110 81 14
0
3
100 72 1
150 128 2
111 82 13
4
119 103 0
101 65 3
111 102 14
115 88 16
2
99 86 1
131 102 5
1
121 92 21
0
0
0
2
103 80 12
114 94 19
1
130 113 18
1
105 99 21
1
120 84 16
1
114 82 18
3
105 67 1
87 83 4
111 93 23
2
128 119 4
167 131 12
2
148 105 0
104 79 13
1
111 79 7
1
165 143 1
1
61 63 0
2
53 33 0
68 67 16
2
115 83 8
126 84 15
1
123 105 14
0
3
124 92 2
128 107 3
136 118 10
1
142 103 14
3
129 105 7
124 84 17
131 108 18
1
109 91 2
2
52 40 4
138 112 5
1
104 85 9
1
119 98 20
0
1
101 79 3
0
1
158 133 18
1
123 83 21
0
0
2
132 99 15
109 91 21
1
72 45 4
1
103 84 16
1
137 119 24
0
3
111 96 2
120 83 3
106 81 4
1
107 81 3
0
2
154 138 0
152 122 16
1
134 114 15
1
137 126 4
2
142 129 2
160 134 5
2
126 121 0
131 108 13
1
125 110 3
1
135 117 12
1
122 94 14
1
116 90 15
0
3
81 58 2
87 80 8
126 91 23
3
80 54 16
125 107 18
96 88 24
1
103 82 23
3
78 56 8
117 98 18
64 45 20
1
102 71 0
0
2
173 130 12
103 87 23
1
106 82 8
0
2
113 91 7
87 69 24
1
126 116 2
0
1
131 110 15
0
0
1
91 63 0
1
112 93 5
0
0
0
4
129 98 4
166 131 5
115 96 7
146 99 13
0
0
1
153 165 21
0
0
1
182 147 8
2
93 65 4
105 97 14
0
0
0
0
0
0
0
1
166 105 17
1
171 130 13
1
119 96 21
2
170 145 6
87 70 14
0
1
147 148 21
4
101 78 4
111 81 6
133 110 12
91 59 21
0
2
141 92 2
133 109 8
2
161 96 0
135 109 17
2
134 100 17
110 96 23
2
129 79 12
134 105 20
1
124 106 11
0
1
149 130 16
2
138 96 3
145 139 8
0
0
1
61 66 21
1
129 115 14
2
161 150 5
118 85 17
1
161 102 20
0
1
136 108 6
1
99 75 7
1
145 106 3
0
0
1
152 100 23
2
112 97 3
159 122 4
1
111 84 2
1
98 89 1
2
126 99 5
145 112 13
0
2
131 124 10
156 90 18
1
135 112 8
1
143 105 23
1
116 105 18
0
1
121 108 17
0
1
97 80 13
3
138 112 1
173 141 23
107 74 24
4
123 104 0
158 160 3
157 132 10
129 97 17
0
1
137 100 11
3
151 126 13
106 80 16
158 113 18
1
179 154 4
1
131 106 3
2
149 121 12
119 84 14
0
0
1
137 91 23
1
147 92 0
1
182 135 7
1
106 69 5
2
115 95 5
133 133 9
1
155 125 16
1
140 110 0
1
167 137 24
0
0
0
2
143 113 5
135 108 11
1
211 155 5
0
0
0
1
123 99 24
1
135 121 4
0
0
1
111 96 17
1
152 126 21
3
110 91 1
148 122 3
146 114 16
1
151 109 5
1
153 113 2
1
98 93 24
3
182 117 0
90 71 4
118 97 14
0
0
0
1
154 102 12
1
126 95 8
1
82 67 4
1
141 112 7
3
144 104 7
157 150 11
142 141 21
0
0
0
2
171 169 0
128 126 12
1
141 106 0
2
141 103 4
150 110 12
0
0
4
138 119 2
172 136 5
178 180 12
137 107 16
4
137 136 1
122 94 3
126 104 14
173 114 16
1
119 112 20
1
114 86 12
1
108 77 17
1
161 118 16
2
121 94 0
126 116 12
2
225 193 2
133 105 7
1
90 68 18
0
0
0
0
0
1
138 109 1
2
134 91 4
122 105 23
1
121 105 1
1
230 187 9
1
108 94 0
2
89 80 14
220 180 18
1
116 87 18
1
124 82 7
1
169 154 12
0
2
145 116 4
184 113 18
1
148 115 21
1
129 112 3
0
0
0
1
201 145 17
2
142 140 1
117 94 21
1
111 81 20
1
157 132 23
1
133 107 16
0
0
0
4
152 149 0
167 125 1
142 104 5
135 93 12
1
86 56 16
0
1
137 111 5
2
170 144 5
126 107 12
1
191 143 8
0
1
194 168 12
2
119 94 1
88 64 15
0
1
143 119 24
1
118 83 7
2
129 117 1
186 142 12
1
126 100 1
2
148 116 12
154 124 15
0
2
136 125 0
109 92 12
0
0
3
155 122 1
103 82 11
123 84 18
1
109 81 24
0
0
0
2
135 113 1
168 91 24
3
124 106 1
146 112 8
122 112 14
1
174 128 12
0
1
137 120 16
2
187 152 3
172 135 23
2
123 87 14
117 77 23
1
146 106 16
1
150 101 21
2
151 126 4
123 80 14
1
146 114 10
0
0
1
160 133 17
1
117 98 24
0
3
176 131 2
214 214 17
133 114 24
0
3
151 132 1
175 134 17
189 137 20
3
138 110 5
88 73 11
123 105 17
1
175 146 2
0
0
2
147 119 16
150 135 24
4
139 102 1
139 115 2
182 158 3
162 154 21
1
152 121 3
2
179 174 4
133 111 24
0
1
124 105 15
1
192 160 4
1
149 137 5
1
133 88 7
1
151 132 14
0
1
181 123 15
