5 4 5 7 7 8 5 4 7 2 6 3 6 5 5 3 2 7 8 7 1 3 3 7 1
1
6 5 11
1
6 6 10
0
1
7 7 8
1
7 5 2
0
2
7 5 14
6 6 21
1
9 8 1
0
1
12 9 3
0
1
6 4 17
0
1
9 7 2
0
0
1
10 9 17
1
10 8 17
0
0
1
10 8 3
1
10 9 4
1
9 8 8
3
10 9 6
11 8 8
8 6 15
1
4 3 19
0
3
11 9 14
11 9 17
11 9 23
1
19 14 17
2
10 9 5
9 8 12
1
12 10 6
0
1
10 7 7
0
1
12 11 19
0
1
14 12 18
0
0
1
13 8 18
1
17 9 20
3
15 12 0
9 9 2
15 14 13
0
2
13 12 1
19 13 8
3
6 5 5
16 16 13
10 7 23
0
0
1
17 18 14
1
14 13 1
2
13 10 8
10 8 10
1
8 8 8
1
11 10 11
1
15 10 14
0
1
11 11 22
1
12 11 11
0
1
18 16 0
3
19 14 2
21 16 12
12 11 23
0
0
4
18 15 4
13 12 17
18 14 18
12 9 19
0
4
16 13 0
22 18 9
12 10 22
14 13 23
2
20 19 22
12 8 23
3
18 13 0
17 12 18
9 7 20
3
16 16 5
21 15 6
14 12 21
3
14 12 4
18 13 12
15 11 19
1
27 19 22
2
16 12 4
16 15 13
0
1
21 17 12
0
1
16 11 15
0
1
16 9 8
1
18 16 17
2
20 15 10
12 9 17
1
15 12 4
0
1
18 14 11
3
24 19 4
24 17 9
18 15 17
1
18 13 22
3
21 17 3
20 16 12
11 11 14
2
16 12 18
19 17 23
1
22 15 11
1
27 22 0
3
19 15 0
22 15 3
22 21 12
0
0
0
1
19 15 13
0
3
20 17 2
19 18 5
27 21 14
0
0
1
26 23 7
1
21 16 12
1
11 8 14
2
26 19 15
15 11 17
1
21 13 6
1
25 18 19
2
22 17 19
25 15 23
1
27 24 11
1
20 17 0
2
25 21 17
18 18 19
1
23 18 18
1
25 20 23
1
17 12 18
2
22 17 11
22 20 23
3
23 18 1
27 17 10
26 27 12
0
0
1
24 24 10
3
26 19 0
21 18 5
30 28 22
0
2
22 16 2
25 21 18
1
20 18 5
2
33 30 6
29 22 21
0
1
22 23 1
0
1
28 24 2
0
1
31 26 14
1
17 13 22
3
25 20 11
25 17 12
24 20 14
2
27 21 3
29 21 18
0
2
26 15 8
12 9 13
1
29 26 21
3
26 20 0
31 28 6
29 19 14
2
18 18 1
28 22 3
1
22 17 14
1
24 22 17
1
31 29 8
2
13 11 17
27 24 23
4
25 18 1
23 19 12
30 26 13
26 20 17
0
2
25 22 13
25 24 19
0
2
25 22 15
30 26 17
0
1
37 31 8
3
26 22 5
31 27 17
34 28 18
1
21 16 18
2
31 29 10
32 25 21
0
0
1
30 26 3
1
35 28 17
3
29 21 10
36 32 15
32 19 21
2
40 31 5
32 19 13
0
2
31 25 10
36 26 11
3
36 30 1
18 15 5
40 31 6
2
30 20 5
34 34 15
2
25 18 8
30 26 10
1
25 20 13
1
21 15 2
1
35 28 23
0
0
2
39 30 5
30 20 8
2
39 36 6
22 20 10
2
31 20 2
37 32 12
3
46 37 2
42 33 6
24 19 24
0
1
24 19 6
1
36 29 19
2
33 29 4
37 28 19
1
32 29 13
0
1
39 36 21
3
31 23 8
23 24 14
37 31 18
2
25 22 22
33 26 23
1
27 22 5
2
29 21 3
29 24 4
1
42 39 17
0
0
2
39 33 12
33 27 23
2
37 34 12
35 33 18
2
31 25 6
22 20 12
0
2
32 32 2
37 31 5
1
40 25 19
0
0
0
1
36 31 23
0
0
1
43 39 14
2
37 25 3
41 37 17
1
26 16 10
2
34 24 1
41 28 7
1
30 28 1
1
40 30 17
0
1
23 23 15
2
37 29 4
27 22 6
2
41 30 10
37 25 15
0
2
46 40 3
47 30 16
0
1
41 37 3
1
36 34 10
4
43 42 4
33 24 5
35 27 15
43 31 18
0
2
44 38 3
41 33 16
2
26 20 8
34 25 13
2
36 26 5
30 28 11
2
54 43 2
40 36 21
1
40 33 12
1
42 37 15
0
2
44 43 4
24 18 5
2
49 38 3
42 37 17
2
40 36 5
40 27 19
0
2
43 36 4
54 49 8
2
41 35 1
48 28 19
1
39 29 5
1
40 38 17
2
53 36 1
40 27 14
0
2
44 41 5
49 50 13
2
41 36 15
36 29 23
3
49 36 5
41 38 6
27 20 10
0
0
3
55 38 4
28 25 16
34 29 17
1
50 41 14
1
40 38 14
4
49 39 1
31 23 6
57 40 17
25 20 24
2
38 32 2
37 34 18
1
35 30 22
0
2
43 32 4
40 32 13
1
29 24 19
0
0
1
36 30 3
2
34 33 8
39 32 16
2
35 30 6
55 48 19
1
37 28 17
3
22 16 0
46 31 1
46 38 17
2
34 27 19
26 18 21
1
52 36 14
1
30 21 14
0
3
55 41 4
43 33 5
51 43 6
1
53 45 8
0
0
0
1
51 39 17
1
48 34 22
1
44 30 14
1
30 27 14
2
55 36 6
31 28 8
0
2
40 33 11
31 30 24
1
41 28 13
1
60 37 8
2
34 29 5
58 53 12
0
1
49 39 1
0
0
1
64 55 2
1
56 54 0
1
44 22 18
0
3
41 36 2
62 53 10
43 32 21
1
46 46 19
2
62 54 8
41 30 10
2
59 64 8
46 37 10
1
40 32 24
1
50 43 17
3
64 50 7
42 32 13
55 44 22
1
45 37 3
3
56 52 13
46 34 18
42 36 23
1
55 33 16
2
40 23 4
72 66 5
3
42 40 3
56 43 9
64 49 15
2
58 45 8
51 39 23
1
54 51 1
2
43 26 10
50 32 23
1
49 38 12
1
39 26 12
0
4
56 39 1
60 53 10
49 37 12
49 35 14
3
55 42 5
62 60 13
58 57 23
1
58 49 19
1
57 46 1
1
40 30 10
1
35 35 6
0
0
2
71 53 2
53 40 13
1
40 33 4
0
0
1
52 37 19
3
59 50 5
54 43 18
45 40 21
3
30 22 12
72 54 13
57 47 19
1
58 48 17
0
3
59 48 5
59 42 10
49 41 13
1
56 48 14
3
41 28 3
47 33 19
52 43 21
0
1
36 30 17
0
2
51 38 3
60 55 23
1
58 46 13
1
61 43 1
3
62 49 8
58 54 10
49 37 22
0
1
41 37 4
1
65 55 3
2
65 46 3
75 60 19
0
1
48 36 21
1
43 35 4
1
60 44 23
1
58 40 2
0
2
68 58 6
67 66 7
2
70 51 4
70 56 19
0
0
2
81 74 5
58 27 19
0
1
59 53 8
1
56 40 5
2
23 15 6
72 51 17
1
64 42 14
2
70 57 11
85 70 19
1
53 44 23
1
71 57 19
1
65 61 17
1
51 43 5
0
0
1
47 31 11
1
49 32 15
1
47 36 14
3
66 61 4
49 39 14
59 51 23
0
3
74 66 10
62 38 14
56 48 17
2
72 48 3
23 14 6
0
1
102 93 8
1
57 45 15
0
1
69 57 10
1
75 54 8
0
0
1
52 45 4
1
62 49 15
0
1
56 39 8
1
53 35 20
0
1
69 64 18
1
62 53 18
1
63 55 19
3
43 35 4
72 67 14
86 78 18
1
74 58 18
0
0
1
63 51 4
0
2
36 24 19
56 46 21
0
0
0
0
3
74 49 0
60 52 2
47 43 18
0
2
73 65 1
60 55 2
0
1
61 62 13
0
2
65 49 5
75 76 6
2
44 39 1
63 44 7
0
1
64 50 19
0
3
80 81 12
68 63 14
73 42 18
2
72 52 2
69 58 21
1
56 48 14
1
58 52 11
1
50 39 14
0
1
60 38 18
0
1
80 58 15
2
41 33 2
94 84 21
1
55 45 23
0
2
74 58 3
60 51 17
1
51 34 6
1
71 63 6
0
3
71 63 3
47 41 12
55 49 13
2
49 41 4
59 43 14
0
0
1
75 56 20
1
80 65 6
1
69 52 3
2
58 43 4
48 32 5
0
3
80 74 15
67 59 16
75 57 18
0
2
91 69 8
61 53 17
0
2
60 46 6
59 49 23
3
89 70 8
76 60 12
53 36 24
1
85 69 21
1
71 61 4
2
55 42 3
75 74 12
0
2
83 61 17
77 65 22
1
92 79 6
0
1
76 74 3
1
89 77 8
2
75 45 5
75 46 14
2
87 66 5
68 47 14
0
0
0
5
40 33 0
75 58 3
43 38 20
55 42 22
76 60 23
1
72 58 14
2
70 55 3
73 47 19
2
83 68 3
71 60 5
5
88 73 2
66 49 5
86 81 9
61 46 11
83 73 23
1
114 109 17
1
68 62 4
3
82 61 4
73 42 12
66 58 23
0
1
76 70 21
2
86 69 17
85 72 23
1
76 63 8
0
1
65 54 8
0
1
75 57 2
2
80 68 12
90 66 19
3
65 54 0
58 46 10
66 53 24
0
2
95 61 1
65 53 11
1
83 46 8
0
1
56 45 9
0
2
85 71 3
74 64 17
1
70 60 5
1
101 74 15
5
58 38 3
78 84 5
79 70 7
69 58 8
64 58 10
0
3
62 49 2
86 77 17
51 44 23
2
101 68 7
84 79 10
0
1
90 71 21
1
95 81 10
1
53 38 7
0
0
1
75 55 13
2
88 70 3
61 46 18
2
63 55 7
84 54 19
2
106 82 16
69 57 23
0
2
89 70 0
89 66 15
0
3
87 68 8
93 68 15
72 57 18
2
79 62 3
78 74 8
2
69 66 0
83 69 3
1
62 52 14
0
2
72 51 9
57 47 23
1
105 64 1
3
101 85 3
99 86 5
88 76 9
1
114 84 21
2
86 77 4
90 70 11
0
0
0
3
109 66 4
114 72 5
90 62 9
2
101 75 12
63 61 15
0
1
59 50 6
2
81 77 7
62 44 10
1
114 84 23
0
1
96 66 15
0
0
1
83 62 3
1
90 54 14
1
69 55 8
1
88 76 1
0
0
0
0
0
1
91 75 10
3
57 47 10
93 83 18
88 66 22
0
2
82 69 1
71 60 10
1
99 81 3
1
79 55 13
1
99 79 19
1
101 88 4
1
98 85 11
1
73 71 11
3
109 93 5
81 63 16
67 51 19
1
72 49 10
2
75 50 12
98 75 22
2
45 35 3
99 79 5
2
99 59 17
103 87 18
3
101 84 4
120 82 7
86 64 16
3
107 85 5
60 42 14
71 61 18
0
0
0
0
2
83 57 12
93 72 18
3
121 98 3
60 58 10
116 84 17
1
96 68 18
0
2
86 65 15
91 84 17
0
2
99 65 7
76 52 17
3
78 59 2
90 61 7
115 91 18
1
101 76 6
1
92 75 0
1
82 73 17
1
99 73 20
1
73 72 12
0
0
0
0
2
96 86 12
81 70 19
1
78 66 23
0
1
134 103 17
1
97 68 17
0
1
89 76 17
1
108 86 7
1
89 75 10
0
2
82 55 0
79 50 13
1
69 56 4
1
96 85 0
1
92 76 21
5
118 96 1
93 75 3
91 88 16
53 42 17
109 88 18
0
3
76 64 16
122 68 17
126 89 19
0
3
58 52 9
76 61 15
115 114 19
1
98 80 23
0
1
74 66 13
1
97 70 7
1
77 62 10
0
1
97 75 19
2
83 69 3
67 52 10
2
85 59 5
113 95 7
0
1
77 53 14
0
3
122 99 0
118 96 10
145 103 11
0
2
113 78 7
135 106 8
0
1
105 97 11
5
131 103 0
89 66 6
127 92 7
90 81 8
61 51 18
1
96 72 0
0
3
46 37 2
92 76 10
111 84 12
0
3
103 63 6
46 36 13
119 98 14
0
3
78 68 5
89 68 19
72 55 21
0
0
0
1
100 70 12
1
73 74 15
0
1
115 88 18
3
75 58 8
92 79 11
112 75 12
3
96 75 4
118 113 8
103 81 9
0
1
79 80 24
1
91 81 17
0
0
1
120 71 19
0
1
125 104 3
0
0
0
1
140 125 3
0
1
96 78 22
2
87 81 4
112 106 11
1
93 67 3
2
102 76 0
113 79 14
1
91 86 23
1
117 102 6
2
112 89 8
96 76 17
3
138 111 12
98 74 14
141 113 15
2
119 89 8
82 63 11
1
105 62 16
1
75 53 10
3
95 73 4
85 75 5
115 88 6
0
2
119 101 4
100 82 6
1
87 65 9
3
121 82 4
102 85 10
102 84 19
0
3
117 102 4
109 75 8
107 75 12
2
101 73 6
71 51 14
1
90 74 19
0
0
1
119 111 19
1
91 77 18
0
0
1
100 91 5
3
87 75 15
95 80 18
141 94 20
3
147 97 1
124 95 5
108 98 10
2
64 50 10
63 56 18
1
107 76 0
3
90 84 5
95 71 6
95 61 14
2
90 70 0
96 69 22
3
96 94 0
131 106 10
108 74 22
0
3
93 60 13
102 64 17
116 98 23
1
98 89 18
3
105 107 3
96 80 14
84 61 21
1
107 97 4
1
118 98 23
1
90 57 6
1
91 61 2
1
88 66 8
0
1
129 104 5
2
111 96 1
63 40 3
3
131 106 6
95 73 8
85 68 23
1
94 69 16
0
1
77 68 18
2
98 79 3
87 64 12
2
169 125 1
134 109 5
2
141 100 3
84 73 17
2
114 81 4
74 65 21
1
115 87 3
1
107 99 19
0
2
99 91 1
110 103 4
1
123 105 17
0
1
114 112 11
2
82 61 17
111 96 23
1
129 130 1
1
92 92 10
0
2
87 74 0
121 69 5
1
152 133 10
1
151 157 18
1
127 114 10
1
98 71 19
1
93 56 12
0
1
117 88 4
1
109 108 23
0
0
1
71 61 3
2
86 56 8
106 77 22
4
130 122 3
129 87 4
98 84 7
116 98 18
0
4
109 92 3
175 135 6
96 76 8
114 98 19
0
2
125 89 3
135 120 17
0
2
179 126 4
155 116 18
1
134 133 11
1
102 98 2
0
1
75 61 17
1
97 80 5
0
0
1
86 84 16
3
113 107 4
118 101 8
104 85 12
0
1
108 88 12
2
113 87 15
104 71 23
4
113 83 3
122 97 4
114 82 12
105 87 17
1
125 99 5
2
120 101 18
100 59 23
2
103 71 5
124 80 15
1
127 88 13
0
1
91 73 10
3
149 101 5
77 64 13
80 55 24
1
88 67 14
0
2
137 91 4
138 111 23
1
157 135 12
1
109 83 17
3
129 112 6
131 111 18
134 108 19
1
80 53 11
0
0
2
104 89 3
173 170 10
2
129 93 12
129 100 23
2
127 80 5
152 131 21
0
0
1
107 85 14
0
3
129 99 0
137 124 17
101 68 21
1
96 84 23
2
108 89 13
152 134 24
0
1
93 73 1
2
159 168 5
126 97 6
2
105 86 4
177 149 11
1
113 109 17
2
116 98 6
118 88 10
1
117 106 17
0
1
144 136 5
0
0
2
134 97 3
136 116 5
3
153 120 0
126 106 10
156 98 17
0
0
0
2
150 118 4
144 110 5
1
129 145 5
1
74 62 5
1
137 82 7
0
2
120 99 12
148 122 14
1
131 115 4
1
162 157 3
1
122 83 24
3
121 102 7
136 94 8
112 95 17
1
90 84 13
1
84 70 11
2
85 81 0
135 103 16
2
130 103 6
125 81 21
1
170 133 22
1
131 116 19
1
131 118 0
2
115 97 10
120 87 18
5
193 136 0
121 109 2
133 115 7
117 111 11
106 86 22
2
129 119 17
101 86 23
1
108 75 14
2
123 101 3
106 81 9
1
144 123 0
2
162 162 7
136 124 8
0
2
129 96 5
127 87 24
0
1
102 91 17
0
1
131 128 17
0
2
127 117 12
114 96 14
0
1
146 135 6
3
135 109 1
144 106 4
127 119 18
0
4
160 94 2
142 85 5
163 124 17
132 100 19
1
147 139 0
1
104 78 4
0
3
140 106 0
127 95 11
133 73 14
0
2
139 91 4
132 71 13
0
1
107 77 3
0
2
108 94 16
99 96 22
1
130 92 18
2
131 76 7
152 147 17
1
141 112 21
0
1
117 85 3
5
144 100 1
107 95 2
98 95 5
162 143 7
133 103 8
3
155 130 12
104 91 15
142 97 22
2
148 109 5
125 96 10
4
107 88 1
97 77 3
96 77 5
100 67 18
1
130 108 5
2
83 65 1
125 81 23
2
162 115 15
157 113 23
0
2
89 67 17
109 76 23
2
133 96 5
99 72 19
0
0
1
105 82 5
2
102 65 8
78 58 11
0
1
141 120 11
4
127 94 3
110 99 17
136 115 18
153 125 23
0
0
4
138 101 7
103 88 8
171 146 16
108 80 18
1
145 113 3
1
145 128 6
2
151 106 8
182 125 14
1
123 121 13
2
155 117 17
106 87 22
0
0
0
1
112 73 20
4
158 106 11
106 104 17
162 126 18
141 114 22
2
163 139 7
113 90 14
1
141 99 5
1
116 88 19
1
103 92 11
0
0
3
112 96 10
119 118 13
167 128 18
0
1
147 105 8
0
1
153 114 17
3
126 99 3
121 112 10
171 145 17
0
1
142 119 10
0
1
165 115 9
1
161 124 19
3
104 96 8
115 93 15
158 141 18
2
119 97 0
129 106 9
1
139 90 23
2
112 90 2
155 133 23
2
121 80 6
125 100 23
0
1
150 116 18
2
136 116 12
151 136 22
1
188 157 3
0
1
120 90 17
0
3
115 104 3
155 127 7
190 169 8
1
135 111 8
0
5
147 111 1
118 87 6
119 94 14
177 129 18
152 121 22
1
142 100 2
0
1
175 130 23
1
123 94 23
1
133 97 21
1
140 108 17
1
180 129 18
2
168 120 2
164 125 4
1
192 150 2
2
123 122 17
112 93 23
0
0
1
119 102 13
1
178 136 13
0
0
2
116 89 1
211 173 8
1
134 118 15
1
150 129 5
1
126 88 12
1
154 98 18
2
157 132 0
134 88 17
5
133 92 2
123 104 8
153 126 13
133 135 18
150 125 24
1
145 138 6
2
154 112 3
165 131 6
2
135 96 9
111 113 17
0
1
111 98 2
0
2
162 124 4
182 138 17
1
128 115 15
0
1
192 151 10
3
110 77 14
119 102 18
90 83 23
1
192 164 13
2
150 115 17
116 87 20
3
91 67 6
166 142 10
103 82 13
1
119 89 7
2
131 105 6
162 136 14
1
114 85 2
1
116 85 19
1
194 162 18
2
130 101 8
152 119 18
1
137 101 0
1
165 123 17
1
169 113 5
1
180 168 12
3
86 58 1
179 148 8
163 124 23
2
155 143 10
185 146 21
2
137 118 1
149 108 8
1
132 107 5
1
108 90 0
1
141 105 14
1
133 114 3
3
187 162 6
167 152 14
179 165 17
3
164 146 2
139 110 15
120 106 23
2
143 128 12
222 224 21
1
183 199 11
0
2
210 218 13
196 146 19
2
134 113 8
84 62 17
1
153 119 9
1
149 115 15
3
204 175 12
151 137 17
119 85 18
1
75 48 13
0
1
148 119 22
0
0
2
215 187 13
116 91 19
1
143 101 17
1
105 85 21
0
1
182 158 10
1
204 185 6
3
128 119 4
157 128 8
148 121 12
1
166 131 7
0
4
147 118 2
121 90 7
170 149 10
154 132 15
0
1
133 92 5
1
131 94 5
1
145 113 18
0
2
212 174 2
143 129 17
1
113 65 8
0
3
184 120 3
133 119 5
146 107 17
2
184 141 3
120 99 13
2
143 143 3
114 86 8
0
1
198 162 5
0
1
156 104 2
3
158 157 10
95 76 17
177 128 19
3
124 103 5
186 159 16
136 111 18
3
145 123 10
121 102 12
132 82 18
0
2
197 173 8
163 136 22
0
1
172 147 3
1
155 102 8
0
3
134 68 0
134 107 8
174 154 19
1
195 133 22
2
178 148 17
108 97 18
3
148 121 4
139 142 16
157 122 23
1
136 101 19
0
1
195 139 0
0
1
189 142 23
3
158 136 5
142 132 14
168 122 21
0
3
192 155 2
172 149 8
175 163 13
2
147 141 6
200 163 19
1
134 129 24
1
196 160 10
3
169 151 2
168 150 14
90 55 17
1
200 167 6
0
4
189 147 6
123 107 8
193 144 9
126 86 20
0
0
1
155 113 11
3
189 171 1
183 143 7
152 108 14
1
167 114 8
1
239 242 14
