4 5 3 2 1 8 1 5 5 7 7 1 1 6 8 7 2 7 7 2 1 5 4 4 3
1
9 9 14
3
7 5 11
7 5 16
9 6 23
2
8 6 12
9 6 18
1
7 5 20
1
8 7 23
1
5 4 10
1
6 4 5
3
9 8 7
8 6 18
8 7 22
0
0
3
9 7 0
7 5 7
6 5 18
1
6 6 16
2
10 7 0
7 6 10
2
8 8 8
11 8 10
0
3
11 9 0
9 9 6
8 7 10
0
1
8 6 9
2
12 8 5
9 7 15
1
4 4 8
3
11 8 5
11 8 17
12 9 24
1
10 7 21
1
10 8 8
1
11 9 18
1
12 9 18
2
13 11 10
14 12 14
0
3
10 8 2
11 9 5
15 11 14
0
1
10 8 5
1
8 4 24
1
13 10 15
1
10 9 22
1
12 10 21
1
14 10 5
0
1
11 8 8
1
11 8 10
1
8 7 10
0
2
11 9 15
11 12 19
3
17 14 10
7 6 14
14 11 15
1
17 14 5
1
18 17 22
2
16 13 10
12 11 12
2
15 13 0
16 16 10
1
13 12 10
1
14 16 21
1
17 14 22
2
18 13 20
18 13 21
0
1
18 16 18
0
0
1
14 10 2
1
13 11 10
0
1
15 12 2
1
13 9 14
0
0
1
17 14 6
2
19 12 10
15 12 18
1
11 8 18
1
18 13 21
0
0
2
19 15 7
9 7 9
0
0
1
14 12 18
0
1
18 17 24
2
14 12 8
22 18 10
1
20 17 5
0
2
18 13 14
23 17 21
0
1
28 26 23
2
19 15 14
15 11 21
3
25 21 8
14 11 14
23 16 21
0
0
0
2
19 14 15
18 13 16
2
17 10 13
15 13 15
1
22 20 5
0
0
2
28 23 10
15 13 18
1
18 11 9
1
24 20 3
0
0
0
1
12 10 10
1
20 19 9
0
2
15 14 10
13 8 18
2
20 17 1
23 18 23
0
2
22 18 11
16 13 18
2
27 24 5
20 16 10
1
22 14 7
0
0
0
2
20 19 9
29 24 22
2
26 21 0
24 17 1
1
20 13 14
2
24 19 14
16 14 24
0
0
1
26 25 14
2
24 18 12
23 19 22
1
28 23 9
3
20 15 0
21 19 4
25 19 14
0
4
27 26 8
22 19 14
23 17 17
26 19 21
2
29 28 7
19 14 14
0
2
23 18 5
17 16 19
3
26 22 6
16 15 17
31 26 21
0
1
26 21 12
1
27 20 18
0
1
20 16 22
1
22 19 18
1
22 16 1
0
2
28 22 1
30 21 22
1
20 19 5
1
27 25 15
0
1
24 20 13
2
37 26 9
21 18 17
2
30 23 10
27 21 11
2
34 25 10
24 18 21
2
38 31 7
34 22 24
1
35 29 1
0
3
35 30 9
34 24 18
36 26 22
1
20 13 17
1
40 38 10
2
25 22 14
18 13 17
0
0
3
40 33 10
31 31 21
28 22 22
0
0
0
0
1
31 26 17
2
41 30 14
31 23 18
1
24 22 18
2
20 15 10
27 25 17
1
33 28 16
4
37 28 2
24 18 13
29 23 15
23 18 22
2
39 38 5
31 28 14
1
31 22 8
2
41 37 5
28 26 9
0
1
42 34 0
2
28 23 10
36 27 14
2
27 18 9
24 19 14
4
30 25 1
35 27 10
33 28 16
32 20 21
1
37 26 21
0
3
33 23 0
28 17 9
32 29 15
1
35 31 9
1
31 24 21
1
28 20 17
2
45 34 0
36 38 5
0
2
29 20 14
26 22 17
0
1
44 26 10
1
20 16 8
1
33 30 14
2
32 27 5
29 24 23
0
1
30 22 12
1
32 28 1
2
29 22 14
27 21 21
0
1
27 24 10
0
2
43 35 14
30 26 15
3
33 25 7
23 18 14
41 39 18
1
34 20 2
1
42 32 18
0
0
0
1
42 37 15
2
45 35 15
37 31 23
1
29 24 9
0
1
39 34 15
0
2
39 35 18
33 23 19
1
30 27 10
3
42 28 5
39 28 14
39 37 20
1
42 33 17
2
38 33 10
53 47 14
1
28 26 8
3
37 29 9
34 27 10
41 35 14
0
0
0
0
1
31 29 14
0
1
52 39 9
1
39 32 22
1
27 22 7
1
49 39 1
4
39 39 1
34 26 10
38 37 17
52 37 23
0
1
36 28 10
0
0
0
1
41 37 17
0
0
0
0
2
51 40 17
53 55 23
0
2
52 46 9
34 29 15
4
34 16 5
39 30 17
39 30 21
38 35 22
0
1
30 30 2
0
0
0
2
34 32 8
50 41 18
3
65 65 14
50 42 15
40 30 21
1
51 47 0
0
1
51 32 23
0
0
2
50 35 9
32 29 23
1
31 24 13
2
57 44 9
52 36 11
2
49 38 9
40 29 15
0
1
46 35 7
0
1
36 26 4
1
57 44 23
2
56 44 9
38 34 21
1
63 46 13
1
50 43 4
0
0
0
3
41 42 2
44 33 14
40 29 18
1
37 33 7
2
44 28 9
38 32 24
2
34 25 9
45 42 17
2
58 45 5
40 33 21
2
37 32 7
51 39 21
3
52 44 7
48 41 12
47 35 21
1
53 47 5
1
55 42 17
0
1
47 26 14
1
49 37 7
2
48 38 10
49 31 19
3
45 44 2
40 34 8
47 45 19
1
44 41 0
2
59 42 6
47 41 18
0
0
0
0
3
61 55 8
71 63 10
38 31 16
0
2
50 40 1
36 25 18
1
48 35 17
4
47 42 7
48 36 8
64 35 18
43 37 24
1
41 36 24
1
46 44 15
1
47 33 10
0
1
50 50 15
1
48 30 3
1
37 31 16
2
53 40 4
59 48 14
0
0
4
48 36 5
34 26 10
56 41 12
59 45 18
1
37 27 1
1
54 55 17
2
49 39 0
65 57 8
1
55 42 13
1
48 34 7
1
58 46 15
2
58 41 9
38 31 16
1
45 40 24
0
4
44 31 9
40 26 10
64 55 15
45 33 17
0
0
0
0
2
59 47 14
48 37 21
0
0
3
73 55 8
41 31 12
52 32 14
1
47 33 22
0
1
55 58 14
1
46 42 18
1
64 62 17
0
0
0
1
52 41 23
1
59 41 14
3
64 60 5
51 34 14
54 39 21
0
1
81 75 16
1
53 43 10
1
50 42 1
1
61 41 11
3
63 52 3
61 46 6
46 39 23
3
52 45 2
59 55 5
61 51 17
1
46 45 10
1
63 43 1
0
0
1
32 25 7
2
50 40 5
55 46 8
0
1
65 51 5
0
2
68 52 9
47 43 24
1
67 60 18
2
61 55 13
56 42 15
4
49 49 8
72 65 10
64 47 11
57 49 21
0
0
0
0
1
43 35 15
3
43 34 9
56 43 19
54 45 22
2
48 40 5
65 59 18
0
0
0
2
58 58 1
73 61 9
0
2
74 69 7
49 36 23
0
1
54 38 16
0
1
75 64 5
0
0
1
61 44 3
1
78 75 17
1
54 47 17
3
68 50 2
47 34 7
69 59 10
2
83 71 0
49 37 15
1
70 57 21
2
64 60 10
72 63 24
1
73 62 10
1
58 47 17
0
0
0
3
78 58 5
83 55 13
73 68 18
3
62 50 8
52 44 15
81 55 22
2
56 49 1
57 64 9
1
54 39 11
1
81 55 18
0
1
77 71 7
1
68 60 7
5
60 49 0
67 60 1
74 71 8
60 56 14
61 49 23
1
62 47 14
2
70 58 20
70 58 22
2
71 57 4
57 49 5
1
61 42 7
1
89 70 17
0
1
55 37 3
0
2
69 57 0
66 53 16
1
48 34 5
2
73 51 9
85 72 17
0
1
68 65 18
0
0
1
95 96 20
2
75 64 1
70 52 7
1
77 48 8
1
65 40 8
0
1
83 72 0
2
47 34 2
60 34 13
1
72 54 16
0
1
75 58 10
1
79 66 23
1
72 59 15
0
1
66 52 3
0
1
87 62 24
2
59 43 7
72 62 15
2
51 39 12
71 56 16
1
53 37 24
0
0
1
73 48 3
1
69 55 15
2
71 60 8
67 49 14
1
55 42 14
1
66 48 21
2
101 72 14
70 44 17
0
1
55 47 15
2
37 33 2
91 72 10
1
58 56 5
0
1
74 41 7
2
61 54 17
48 38 22
1
58 40 17
0
1
72 56 22
0
0
0
2
51 33 14
94 78 21
2
95 59 15
71 55 17
2
87 71 8
82 78 11
1
78 70 14
1
81 72 8
0
1
46 35 8
0
2
61 47 2
55 50 15
0
1
68 53 5
0
1
71 65 21
1
51 36 5
0
0
1
64 55 23
2
57 49 5
83 57 14
2
80 63 15
84 74 21
2
105 94 9
77 49 17
1
100 80 24
1
58 52 5
1
78 52 14
2
50 38 3
87 81 15
0
1
75 59 10
1
79 64 17
3
81 67 2
75 44 6
107 64 15
1
87 80 2
1
93 86 15
1
91 76 13
1
73 61 13
0
1
71 69 13
1
82 52 2
1
78 71 15
1
109 91 14
1
57 44 7
1
95 81 10
1
79 71 0
0
2
83 75 15
85 67 21
2
68 41 9
89 72 15
0
2
65 57 8
98 65 18
1
65 49 3
0
0
1
87 76 17
1
86 72 15
2
48 37 13
90 82 22
0
3
81 57 15
90 71 18
103 78 21
1
104 90 10
1
88 55 21
1
88 76 6
2
103 85 14
62 50 15
2
68 50 0
69 52 19
2
104 96 3
79 62 18
0
2
69 47 12
95 78 18
1
109 76 18
1
52 46 24
1
92 77 0
2
86 51 13
71 63 16
2
56 34 5
64 57 17
1
97 76 22
2
84 68 9
81 74 17
1
97 71 24
2
118 107 15
100 74 22
1
96 87 24
1
77 61 14
0
0
1
82 61 14
1
73 54 17
0
0
0
0
0
1
99 79 0
2
76 57 1
52 35 23
1
102 81 14
0
0
1
131 109 19
1
97 92 9
5
77 67 3
89 76 5
94 70 18
47 43 21
91 88 22
0
0
1
99 79 18
1
116 95 16
0
0
1
82 79 24
0
2
80 79 1
70 52 14
1
69 53 5
2
97 89 15
84 57 21
2
65 40 10
65 45 21
1
115 106 15
0
1
104 89 11
2
87 67 18
65 65 21
2
93 70 3
96 68 8
0
0
0
1
101 74 9
1
103 87 15
0
0
1
99 82 9
0
0
1
103 79 17
1
101 79 5
0
0
0
0
1
125 101 13
1
101 72 0
0
0
1
79 71 17
0
2
114 94 8
111 86 13
0
0
0
0
0
0
1
82 58 13
3
103 77 1
79 77 8
121 116 9
1
51 43 15
0
2
103 98 0
107 101 9
0
2
99 89 10
116 115 21
0
1
99 76 15
1
49 36 5
0
1
81 66 18
1
97 86 19
0
0
0
3
76 53 16
75 55 18
103 95 24
1
82 70 13
1
81 63 17
1
131 95 4
2
117 96 3
111 109 13
0
0
0
2
122 114 1
114 101 15
3
74 69 2
90 58 14
92 74 18
3
117 89 10
92 77 13
122 95 23
2
124 99 7
93 81 14
4
91 76 1
122 86 7
125 109 14
94 71 18
1
91 76 18
3
71 54 1
60 46 9
118 95 10
3
74 43 1
98 80 2
103 85 16
1
123 117 9
2
120 102 13
106 73 21
1
112 92 14
2
99 85 15
131 122 22
2
85 85 0
104 78 9
2
82 73 14
93 66 18
2
109 88 1
117 95 2
2
70 54 9
129 90 23
0
2
82 64 15
138 105 20
2
123 109 10
111 77 13
1
85 57 14
1
100 86 7
2
77 48 9
82 77 15
1
96 68 18
3
80 64 9
90 67 10
74 53 15
0
1
99 79 5
1
82 70 21
1
101 108 18
0
3
89 73 0
120 96 9
83 75 22
1
122 107 21
2
109 98 3
141 133 10
0
0
0
0
1
125 83 16
1
72 69 0
1
104 85 23
1
77 65 14
1
109 94 16
0
2
93 62 7
137 141 17
1
99 70 2
1
117 100 23
0
1
105 82 14
3
104 83 13
111 93 17
121 79 21
3
111 75 14
108 93 17
106 85 22
2
77 62 15
130 104 21
1
104 78 22
2
108 80 15
81 77 24
1
127 112 9
0
1
120 110 18
1
109 87 9
0
1
85 67 3
0
4
81 59 10
123 101 13
71 56 14
128 115 22
0
2
83 70 10
109 80 18
1
105 76 5
1
97 64 13
0
2
126 115 13
103 83 15
1
90 64 17
0
0
0
1
119 97 23
1
124 115 16
1
84 70 4
1
102 99 14
3
121 107 5
106 83 18
76 50 23
3
105 90 5
114 92 9
100 91 14
1
125 108 10
1
130 127 16
0
0
1
112 95 2
2
93 67 10
123 93 17
0
3
120 94 9
129 101 11
73 68 15
3
103 88 9
110 79 14
115 90 22
2
133 102 17
89 62 18
0
1
99 89 22
1
139 121 1
1
91 69 18
0
2
123 97 10
94 82 15
2
74 64 8
159 123 21
1
152 129 24
1
148 93 17
0
0
1
89 67 21
2
133 81 5
120 103 9
1
77 67 14
1
121 114 22
1
93 60 2
2
121 71 18
121 110 23
0
0
1
116 67 5
1
75 66 13
0
2
132 111 4
147 115 23
1
73 52 21
0
1
104 81 21
0
1
105 66 13
1
161 125 16
1
70 45 22
0
3
123 101 9
112 85 10
76 59 19
2
150 115 0
121 94 10
2
55 48 7
110 77 10
1
128 99 5
2
78 72 14
138 121 21
3
91 68 5
81 76 15
129 115 24
0
2
129 119 6
86 63 19
1
89 79 7
1
129 104 1
1
145 136 4
2
117 104 1
157 116 2
2
101 63 1
79 53 15
1
95 80 23
1
78 66 18
1
86 68 8
0
0
3
147 122 16
126 81 18
80 64 23
1
111 103 1
2
103 87 2
87 84 3
3
100 87 1
95 76 7
61 43 24
1
109 86 8
3
133 108 2
103 63 9
166 125 10
0
1
70 71 23
0
4
155 142 7
96 72 14
105 83 21
119 125 24
0
0
2
132 114 13
112 79 15
0
0
0
2
114 75 0
135 99 17
0
1
107 99 10
2
133 97 2
150 122 18
1
125 107 15
0
2
88 58 3
109 92 22
1
105 83 5
0
0
3
153 149 3
101 61 7
122 101 13
0
0
0
1
137 127 4
1
162 136 24
1
83 70 23
0
4
130 100 10
89 74 13
141 126 14
99 90 17
0
2
124 121 10
106 92 24
1
91 66 10
0
3
123 111 5
69 63 22
101 86 23
4
94 80 0
99 80 9
175 132 10
132 113 21
0
0
0
2
143 117 8
115 66 18
0
1
132 89 5
1
106 83 2
0
2
117 101 8
123 74 13
0
1
103 90 5
1
136 112 13
0
3
127 102 13
92 78 18
97 67 24
0
1
119 88 1
1
112 84 2
1
127 99 9
0
0
0
3
99 67 10
119 108 14
148 108 18
2
113 88 17
142 100 18
1
135 123 9
0
0
2
46 35 13
143 132 14
2
157 114 16
119 101 18
0
1
100 71 9
0
1
81 64 5
1
183 174 2
0
1
134 96 1
2
162 129 5
94 64 22
3
119 95 5
79 65 9
168 105 24
1
123 111 13
1
153 134 14
0
2
161 129 3
127 94 24
2
154 154 9
133 102 24
1
140 98 7
2
121 82 7
123 99 10
1
189 151 10
0
1
145 108 3
1
124 106 14
1
102 88 8
2
154 127 14
133 108 17
1
129 119 9
0
0
1
167 125 1
0
0
3
132 97 13
161 118 15
131 91 18
1
121 89 13
3
102 87 5
129 97 10
141 101 17
3
148 109 6
157 134 7
161 170 10
3
104 81 1
163 143 14
151 127 24
1
125 88 15
0
1
118 97 2
1
114 111 15
1
137 109 14
1
111 95 15
2
173 172 8
102 75 10
0
3
151 153 10
143 112 14
137 120 22
0
0
0
1
191 122 15
2
67 48 5
155 132 22
2
131 120 5
155 132 15
0
0
1
75 54 13
2
187 162 15
144 98 18
0
0
0
1
144 116 8
1
124 71 9
0
2
128 85 0
126 79 8
0
1
184 129 2
0
0
4
114 73 12
130 112 13
152 142 21
151 163 24
1
113 102 21
1
120 82 10
2
113 86 18
154 114 24
0
1
137 88 11
0
1
151 148 1
2
153 105 2
163 120 6
0
0
1
105 88 14
0
2
125 120 7
134 104 20
1
143 112 2
0
0
1
144 93 21
3
143 126 1
136 119 12
172 117 13
0
2
123 99 10
143 86 12
0
0
3
121 91 5
113 94 7
101 88 22
2
118 98 14
118 106 15
3
149 101 9
126 93 14
145 133 23
0
0
0
1
161 116 17
3
120 106 0
114 67 8
169 176 9
0
0
1
72 49 8
0
1
140 118 23
2
162 132 5
149 133 21
2
144 135 9
127 108 15
0
3
188 135 18
140 132 21
133 74 22
1
141 136 10
0
1
162 118 1
0
1
185 142 10
0
2
179 156 13
164 138 17
1
149 122 2
1
104 95 9
1
141 106 22
0
0
2
140 100 14
143 100 17
0
1
136 91 17
1
135 81 15
2
205 205 15
144 124 17
1
144 120 18
0
1
146 107 16
1
134 134 7
1
131 121 3
3
128 111 18
134 82 21
101 82 22
0
0
1
110 94 13
0
1
125 103 1
1
114 104 2
0
0
1
130 69 3
1
92 61 0
1
159 145 15
1
115 97 19
1
126 108 2
0
0
2
134 107 14
125 93 18
0
1
151 136 18
0
1
185 134 5
1
158 116 13
1
197 166 15
1
94 81 1
1
185 139 7
1
127 111 15
2
205 204 1
112 84 15
1
148 126 18
1
114 93 10
0
0
1
141 109 17
2
199 162 15
139 119 18
1
160 113 14
1
171 133 5
0
0
1
133 115 19
2
166 141 13
190 163 17
2
145 137 15
150 130 18
1
188 167 1
1
132 121 10
1
139 115 22
3
160 131 10
132 93 12
128 90 15
0
1
204 173 14
1
150 120 5
2
114 96 0
134 94 8
2
168 141 1
131 97 2
0
3
166 125 1
149 131 9
124 90 13
1
166 109 10
4
128 70 8
178 125 9
157 144 14
141 134 17
1
170 165 17
0
2
118 100 10
161 140 17
1
154 135 0
0
0
1
130 89 10
0
4
163 139 11
187 169 14
157 133 16
138 115 21
0
1
197 131 8
1
217 171 5
2
127 114 9
185 166 14
1
140 111 13
2
151 104 2
160 105 18
2
186 130 5
147 86 9
0
0
1
125 96 9
