2 6 5 2 3 1 5 6 1 7 2 8 4 5 8 5 4 4 8 7 1 3 8 6 3
1
6 5 19
1
6 4 13
0
2
11 9 4
8 7 12
0
2
8 6 2
9 8 23
2
8 5 10
7 5 18
1
8 4 14
0
0
1
11 9 3
2
10 9 0
10 7 22
2
10 6 21
9 7 24
0
3
9 7 7
7 6 11
8 6 20
1
7 5 0
4
12 11 10
11 7 14
11 7 16
12 10 23
1
10 9 19
3
6 5 1
9 8 14
9 8 18
0
2
13 12 7
10 9 19
2
10 6 6
15 13 16
3
11 8 6
7 5 11
10 6 14
1
10 7 19
4
8 7 3
10 7 14
13 9 16
7 5 17
1
10 8 14
2
11 7 12
13 9 23
0
1
11 10 22
0
1
14 11 15
0
3
11 11 3
5 4 11
11 8 19
1
7 7 9
1
10 7 10
0
2
14 13 11
13 10 18
1
10 8 23
2
16 11 3
14 10 6
1
15 14 15
1
17 13 12
0
0
2
15 13 9
16 11 23
0
2
22 19 2
14 13 13
0
1
11 7 4
1
13 10 1
3
10 8 0
11 12 14
9 7 24
1
10 6 0
2
13 11 14
15 13 23
1
18 12 18
0
0
1
19 19 19
1
16 14 18
2
17 10 11
13 10 12
0
1
14 10 1
1
15 9 14
2
14 13 10
12 8 16
2
13 8 1
18 12 4
1
18 18 22
0
1
21 17 9
3
16 14 2
11 7 5
20 12 6
0
1
15 12 11
0
1
20 16 21
1
11 11 6
1
10 8 12
3
26 20 14
16 13 15
15 13 18
0
2
20 13 14
21 17 15
3
14 12 7
20 17 12
14 9 16
1
22 18 6
1
18 15 24
1
18 14 5
1
24 22 22
1
18 16 19
0
2
15 11 13
19 14 17
4
23 19 7
15 14 9
31 27 11
19 12 16
1
18 15 4
1
27 24 6
0
2
19 15 7
21 17 11
0
0
1
17 13 19
0
5
25 21 1
25 18 4
15 12 13
21 14 18
19 12 21
0
1
21 12 1
0
1
18 14 6
0
0
1
24 17 14
0
1
13 10 7
3
29 19 4
23 19 23
21 12 24
0
0
0
0
1
22 17 9
0
0
1
22 15 1
0
2
26 18 2
30 26 21
2
19 15 14
27 23 17
0
2
29 21 2
16 13 16
2
20 16 9
28 21 19
0
0
2
30 19 1
22 16 11
0
1
23 15 14
2
21 20 11
22 21 18
0
1
22 16 12
1
29 27 16
0
1
21 17 18
2
24 19 18
24 18 21
2
29 24 1
30 25 21
1
29 27 23
2
27 19 4
27 19 7
0
1
20 14 24
0
2
23 13 9
19 19 16
1
17 12 22
0
2
24 21 11
28 20 15
1
19 18 1
1
33 25 10
1
17 16 2
1
35 33 11
0
1
30 24 7
0
2
32 25 3
43 36 19
0
0
2
25 19 1
38 25 2
0
3
31 23 2
32 20 12
15 12 14
1
27 22 17
2
30 23 1
19 12 13
0
1
25 16 11
0
3
33 24 1
26 22 2
34 34 9
0
0
2
28 21 21
44 41 24
2
26 22 15
48 37 17
0
3
19 13 14
29 22 19
21 18 23
0
1
21 18 6
1
39 24 22
1
16 13 20
3
35 26 10
22 18 13
29 18 15
1
28 22 14
2
19 15 6
34 22 9
3
33 29 3
28 25 6
35 28 19
0
0
1
39 26 18
2
26 22 14
20 18 18
1
39 35 22
0
3
31 23 15
31 23 18
36 27 22
0
1
24 19 14
2
32 28 2
27 19 14
1
29 24 11
1
33 24 13
2
34 25 8
42 29 12
1
35 25 21
3
44 32 11
36 30 18
41 36 24
1
36 27 18
1
32 31 23
0
0
3
35 23 4
25 18 9
29 25 23
3
40 31 1
24 17 16
30 25 18
2
46 35 9
37 27 19
3
44 32 3
33 27 13
32 25 22
1
27 22 18
2
33 28 2
31 25 11
2
37 30 6
41 27 24
0
2
33 24 6
32 31 9
1
36 23 19
1
42 27 18
2
37 30 1
19 17 2
0
0
1
40 37 14
4
55 45 3
40 26 12
46 33 14
39 33 23
1
31 22 15
1
42 30 18
0
1
41 32 7
2
39 28 9
36 38 16
0
0
4
52 38 1
33 24 13
46 27 19
44 29 22
1
41 27 23
0
3
36 25 1
36 27 9
47 38 24
1
32 22 2
3
46 35 9
50 43 13
52 36 14
2
40 31 2
36 28 13
0
0
2
45 36 1
52 39 9
0
1
35 27 6
4
44 42 0
40 32 6
51 35 13
27 27 16
4
56 49 6
54 46 7
45 36 14
33 23 21
1
40 29 23
1
28 24 18
1
35 32 18
1
43 33 4
1
50 37 11
3
39 30 7
52 44 15
44 31 19
0
1
49 41 10
1
38 30 14
2
54 41 2
40 28 16
3
42 25 2
50 41 17
50 39 19
4
52 45 2
29 26 7
48 46 19
40 30 20
0
0
3
47 34 4
34 28 12
45 34 15
1
56 48 17
0
1
52 37 6
0
0
0
1
39 32 9
0
3
42 29 11
38 30 14
42 34 19
1
31 24 1
0
0
1
43 31 19
0
1
32 31 14
1
37 31 24
0
3
45 42 7
37 33 20
44 35 23
3
37 31 11
60 56 14
49 36 22
1
39 31 13
0
1
35 21 19
2
51 41 1
46 38 11
0
0
1
44 40 9
0
1
53 47 22
0
1
42 41 14
1
42 27 17
1
42 40 0
2
53 47 7
61 44 22
2
26 20 3
42 32 18
1
59 45 2
0
2
55 45 9
55 40 19
0
2
54 46 11
61 43 14
2
54 37 9
59 43 22
0
0
1
41 30 19
1
57 37 23
0
0
1
39 28 9
1
61 42 2
0
1
58 48 8
0
1
30 28 13
2
56 52 7
46 40 22
2
46 35 8
49 47 11
2
52 39 0
63 54 22
0
1
62 52 11
1
40 28 6
1
44 40 11
1
55 29 15
3
61 47 1
40 22 12
46 37 22
0
2
48 34 7
61 50 24
1
38 29 10
0
1
44 31 18
1
51 39 11
1
55 45 7
0
3
46 32 9
54 46 10
58 51 13
3
51 44 2
30 17 9
54 45 13
0
1
67 50 24
2
56 42 15
49 39 19
2
55 36 4
57 37 5
2
54 45 3
49 40 14
2
48 32 11
58 43 18
4
58 49 2
68 58 16
54 50 17
51 46 23
1
50 43 1
1
47 43 3
2
65 46 1
52 36 22
2
60 49 18
59 49 19
3
59 45 7
73 54 13
72 63 22
3
55 48 11
54 46 16
56 43 22
1
75 52 1
3
72 63 0
57 42 9
50 41 10
3
69 58 4
51 36 7
42 33 11
0
0
1
64 49 6
1
76 63 6
0
2
68 57 8
60 40 16
0
1
45 41 17
0
2
61 46 6
41 32 11
2
47 31 14
60 47 22
0
0
1
70 55 1
2
76 64 1
63 48 12
1
56 35 24
0
0
0
0
5
76 65 1
61 54 2
78 70 11
54 40 20
54 47 23
1
50 42 15
2
68 65 18
32 32 21
1
62 57 11
0
2
66 47 17
62 47 22
1
59 44 14
0
0
2
61 60 14
69 52 18
0
1
40 35 4
1
75 63 2
2
43 40 4
62 52 22
2
45 33 1
70 56 19
1
58 38 12
1
55 38 23
1
69 69 13
3
63 52 6
56 38 12
61 62 20
1
83 48 18
1
55 61 13
0
1
76 61 21
2
96 78 16
68 65 24
3
56 49 7
60 44 15
59 55 18
0
1
50 39 1
1
37 28 19
2
68 59 11
53 38 18
0
2
73 65 12
81 47 18
1
60 58 15
2
71 59 9
70 57 24
3
71 54 7
80 53 9
52 34 10
1
51 33 19
3
60 60 2
54 43 7
69 64 22
1
61 51 6
0
0
1
48 31 15
2
80 51 2
68 63 11
3
61 46 11
94 71 17
70 59 19
2
63 41 13
59 52 22
2
88 66 9
58 48 15
3
86 66 9
70 62 12
39 36 15
3
49 40 1
60 53 18
85 81 20
0
2
66 54 1
85 73 11
1
40 33 18
1
73 64 1
2
85 68 16
30 22 22
2
64 55 14
63 61 19
3
80 68 8
54 38 19
68 52 22
1
71 55 14
3
55 47 14
56 45 18
99 59 22
0
1
60 46 22
1
68 52 19
0
0
0
1
89 66 2
0
1
83 69 23
2
91 87 7
77 75 17
1
72 66 22
0
2
93 73 7
75 46 14
2
84 73 2
112 89 17
2
81 66 22
44 36 23
0
2
58 40 18
81 59 19
4
78 47 7
62 54 9
81 66 22
51 28 24
0
1
71 52 9
3
96 72 11
68 54 16
65 44 17
3
57 40 12
55 46 14
43 28 17
1
68 50 22
1
101 91 11
1
59 54 23
1
74 54 11
2
75 54 18
90 86 23
1
93 83 15
2
86 86 2
55 37 5
3
65 48 6
89 75 22
79 69 23
1
67 42 19
0
1
91 74 11
2
75 61 13
73 57 17
0
1
83 62 16
2
86 79 1
66 48 22
2
66 54 9
53 44 22
2
90 75 2
55 42 7
3
72 59 6
76 62 9
73 60 16
1
63 34 7
2
75 63 1
75 48 18
1
85 68 6
2
77 58 6
80 70 17
3
89 57 1
74 66 13
54 46 18
0
1
103 80 21
1
49 41 16
0
0
0
1
68 60 22
0
1
56 38 7
0
1
107 94 22
1
77 71 8
1
99 68 19
0
2
72 49 19
77 57 22
1
63 53 9
3
89 66 4
75 64 6
81 70 22
4
75 62 2
89 71 9
99 79 11
88 78 18
2
62 56 18
94 81 19
3
91 66 9
61 52 16
63 48 19
2
66 45 3
91 60 11
3
67 58 7
61 49 11
83 53 17
1
104 77 0
3
78 70 2
71 64 7
68 64 11
2
56 46 18
72 54 24
1
61 37 3
0
1
97 77 4
2
85 61 7
99 70 12
0
1
63 37 19
0
0
0
1
92 71 14
1
66 48 17
2
56 38 4
61 56 17
1
80 63 0
1
60 47 16
5
92 80 1
68 61 6
60 48 11
84 64 16
86 73 22
0
1
66 52 11
0
0
0
1
78 61 19
1
103 76 9
1
42 41 15
2
71 61 10
80 65 22
1
99 99 10
1
59 36 18
3
129 119 10
58 48 14
75 54 19
1
78 64 22
1
96 65 3
0
1
66 57 2
0
1
60 50 4
0
0
2
69 62 18
119 95 19
0
1
95 75 15
0
2
81 83 9
76 68 22
2
61 52 11
98 77 24
3
77 68 12
63 44 15
55 43 19
1
89 69 23
1
91 71 9
3
103 83 18
129 89 19
90 68 22
2
96 79 1
68 56 4
0
2
59 43 0
114 93 18
2
74 53 17
117 115 18
2
90 81 7
100 81 18
4
102 78 1
54 38 12
82 60 19
80 67 22
1
71 54 18
1
103 77 7
1
98 103 17
1
103 77 1
2
82 63 15
100 71 23
2
52 46 2
97 78 23
1
64 43 17
0
0
0
0
3
85 78 6
78 54 11
70 70 16
4
117 97 10
83 77 17
71 62 18
57 40 22
2
70 56 1
83 67 7
4
84 54 1
70 58 9
86 60 15
106 84 20
0
0
0
2
96 79 21
104 98 22
0
0
0
1
50 38 21
1
77 58 9
0
1
96 92 15
1
121 94 2
2
98 64 7
98 69 21
1
103 91 13
1
75 59 23
0
0
2
72 53 10
92 62 15
3
68 51 14
91 74 17
126 94 19
0
1
125 74 5
0
0
1
137 110 1
0
0
0
0
2
95 78 16
104 98 18
2
88 88 12
94 75 13
2
93 67 19
83 53 22
1
89 78 22
0
1
122 81 7
0
1
71 60 24
0
0
4
87 70 4
82 72 15
97 77 19
91 60 24
3
115 84 10
123 87 13
104 79 15
0
3
97 72 1
70 59 21
116 87 22
1
78 65 0
2
132 112 12
60 42 19
1
112 81 14
1
97 98 2
1
76 39 21
1
72 48 19
4
94 84 7
135 114 15
87 58 19
62 46 22
1
79 75 19
2
81 68 16
80 58 18
1
97 88 19
0
0
1
80 67 19
3
55 47 1
119 89 14
107 85 22
2
71 60 15
72 57 18
1
135 93 2
1
73 53 14
0
0
1
125 97 13
1
123 89 22
2
107 86 8
130 102 23
0
1
77 62 0
2
86 69 11
80 62 19
1
79 56 9
0
3
105 96 9
104 71 13
111 87 23
0
1
77 73 15
1
118 87 11
0
1
94 76 17
0
2
87 75 9
105 80 19
0
2
114 98 6
77 59 18
3
67 63 3
89 73 9
82 64 18
2
126 134 2
87 80 16
2
115 104 2
128 111 9
3
127 90 9
103 90 10
126 100 11
1
99 90 22
1
112 105 1
3
98 72 16
91 72 17
106 101 21
2
89 60 6
101 81 21
0
0
0
3
117 83 19
92 80 21
143 106 22
0
3
97 84 0
96 76 1
109 66 9
1
100 92 2
0
0
0
2
114 93 14
132 119 20
2
95 70 4
106 74 6
3
133 131 10
96 83 18
115 105 21
0
0
0
1
104 89 6
0
0
2
97 80 7
93 94 23
1
125 86 9
2
117 100 1
106 80 14
0
0
1
69 42 6
3
130 93 2
127 96 17
102 64 18
1
92 66 7
0
3
111 88 6
93 79 12
101 75 13
0
0
2
136 103 7
127 109 11
0
0
3
120 104 4
115 99 9
90 71 22
1
75 62 1
2
85 57 11
135 94 18
1
112 105 20
0
3
72 56 16
114 80 21
74 57 23
2
101 91 11
110 81 14
3
113 98 16
131 97 19
67 55 24
2
96 69 3
113 96 13
0
0
0
1
141 85 10
1
90 62 23
5
81 72 5
106 98 6
88 73 15
140 94 16
103 70 19
1
118 86 11
1
110 98 9
1
83 75 14
1
117 78 11
0
1
124 104 9
0
0
4
111 97 9
129 90 19
106 99 21
125 107 22
1
88 88 16
1
123 70 9
1
88 58 14
1
122 84 14
2
84 77 13
122 88 19
1
74 61 19
0
1
98 85 19
2
131 98 9
116 85 23
3
119 81 11
132 100 13
113 81 19
0
2
104 103 13
93 82 24
1
98 80 9
0
2
122 105 18
146 126 22
3
86 69 1
124 78 12
73 65 13
0
0
2
119 79 6
130 91 24
1
124 100 4
1
122 99 24
1
126 123 22
0
0
0
1
165 139 22
0
1
127 135 1
4
111 73 0
103 94 16
106 77 18
110 83 19
0
1
136 118 9
1
115 93 0
2
80 63 4
128 79 6
0
1
129 109 19
1
144 136 13
2
149 121 2
111 89 11
1
87 76 11
0
2
127 135 6
145 126 22
1
113 79 2
1
112 94 22
0
0
1
108 98 13
1
126 116 19
0
1
97 103 7
2
121 100 12
90 75 21
0
1
127 104 2
1
156 141 7
1
128 132 1
3
86 75 6
69 54 7
89 51 13
1
125 87 19
0
4
142 109 14
112 90 18
115 96 20
114 82 23
0
1
144 98 22
1
159 117 6
0
1
133 110 2
2
110 107 7
98 79 24
2
153 119 16
134 113 22
0
2
95 67 20
127 109 23
0
0
1
83 64 14
2
106 82 2
102 89 19
0
1
90 76 6
2
141 108 17
74 66 18
0
0
1
122 96 22
2
93 65 11
82 65 15
2
119 118 7
114 80 18
1
100 79 8
2
170 132 7
139 94 15
4
128 108 1
139 126 14
164 150 16
116 92 18
1
116 112 18
2
108 91 1
137 114 13
1
138 113 15
2
182 136 2
168 160 3
2
144 138 12
132 78 14
1
116 82 23
2
110 81 11
120 96 16
2
149 139 3
123 85 4
1
106 89 1
0
1
82 63 4
1
105 85 11
3
158 107 11
136 110 17
138 121 18
3
116 81 0
116 106 15
143 86 22
1
129 109 19
0
1
102 66 12
1
142 98 6
1
115 92 18
1
182 125 15
0
0
3
136 105 7
119 93 16
175 117 23
2
120 107 18
130 98 19
0
0
1
119 85 23
0
1
107 94 10
4
133 120 4
127 93 17
73 62 19
137 106 22
2
89 68 9
76 59 13
1
128 100 17
1
120 85 1
3
115 82 1
148 111 22
110 66 23
1
111 99 9
4
126 103 9
146 91 17
121 104 18
79 59 21
0
0
0
2
140 88 2
123 106 14
1
100 71 1
2
159 151 4
165 138 21
2
114 86 15
124 101 21
0
0
2
150 113 14
117 94 22
2
135 126 5
137 128 18
0
1
128 64 23
3
144 100 9
132 113 11
103 66 22
1
99 84 19
0
2
155 124 6
117 91 7
2
160 129 18
55 45 22
0
0
0
2
132 103 1
136 106 21
0
1
158 141 14
0
1
152 113 9
2
158 106 9
105 75 17
1
95 65 14
3
120 93 15
172 120 21
134 129 23
2
152 110 11
159 140 23
2
119 102 14
62 67 23
3
64 50 6
157 137 9
98 84 14
0
1
104 76 2
0
0
1
136 101 15
1
137 94 24
0
0
1
91 69 0
0
3
166 119 2
104 72 15
149 102 21
0
1
147 123 1
2
137 105 9
144 108 18
1
150 140 22
2
94 82 14
136 99 22
3
172 140 2
124 112 16
145 113 23
0
1
75 68 22
1
123 76 10
4
133 91 1
95 69 11
128 100 15
162 143 18
0
1
158 111 17
0
1
163 141 23
1
114 101 10
0
3
83 49 2
107 93 14
122 118 15
2
151 119 2
142 100 7
0
1
113 119 7
2
108 62 2
124 79 6
2
120 73 7
125 96 22
4
136 108 11
142 144 13
125 96 14
141 110 24
1
142 110 6
0
0
0
0
1
68 55 18
0
0
5
87 73 4
137 115 9
127 105 11
179 138 15
146 126 18
0
1
170 111 6
2
167 150 7
132 89 9
1
141 113 13
0
1
113 96 16
1
118 67 15
0
0
2
143 123 0
183 170 18
1
103 83 14
0
0
0
2
148 124 10
124 82 17
0
2
169 129 12
159 130 16
1
175 160 17
0
5
153 110 6
140 130 10
106 91 12
160 108 19
143 106 23
0
1
117 94 21
2
125 116 4
120 96 11
0
0
0
1
144 96 9
0
1
192 169 9
2
114 88 19
137 118 23
0
1
116 100 10
0
2
163 118 18
151 123 19
1
167 145 19
2
150 119 9
155 127 14
1
130 110 7
3
154 121 10
189 124 11
135 97 14
1
179 155 3
2
129 111 0
160 122 11
1
211 182 2
2
89 69 16
174 113 18
1
150 140 9
1
169 153 15
1
152 118 9
1
122 105 22
2
106 66 1
139 110 22
1
142 107 0
1
147 139 11
1
133 92 23
0
2
140 91 6
149 140 23
2
102 93 9
132 114 17
2
173 139 1
159 137 16
1
172 178 9
1
134 104 21
1
164 112 15
1
120 82 18
1
110 94 11
1
153 108 7
0
0
0
1
129 106 16
0
1
130 103 1
1
154 114 23
1
185 160 8
0
2
102 88 22
177 139 23
1
147 120 9
0
0
1
156 148 24
2
121 89 18
199 134 20
0
1
161 152 13
0
1
91 76 2
2
133 112 11
102 79 14
2
153 120 11
171 158 22
3
181 136 3
153 93 11
173 167 19
0
1
172 110 9
1
160 137 6
0
1
119 83 22
3
93 79 9
125 92 13
163 110 22
1
144 117 9
2
163 133 1
155 103 17
0
0
1
183 150 19
1
146 114 14
3
148 144 1
157 117 2
143 98 19
1
124 81 11
0
2
176 149 15
167 132 16
2
170 140 6
124 109 7
0
1
124 116 10
1
130 89 0
0
1
98 83 1
1
137 91 1
2
139 105 21
106 76 22
4
131 108 3
151 118 4
157 110 7
174 158 9
0
3
175 128 4
214 199 7
196 165 13
1
120 85 17
1
141 107 10
0
2
187 150 10
123 112 19
1
226 173 20
0
3
141 108 7
151 98 9
176 142 14
1
200 152 11
1
114 93 11
0
1
141 124 18
3
187 176 3
106 85 6
160 134 16
