3 8 5 2 3 6 7 4 2 2 1 5 2 5 7 8 1 1 1 8 1 4 4 8 1
0
0
0
3
8 4 5
3 2 6
10 9 12
1
10 7 1
1
11 10 7
3
6 5 2
5 4 13
8 7 15
0
0
2
8 8 6
11 9 10
1
11 8 8
2
6 4 5
12 10 6
1
7 7 2
2
8 7 7
10 9 14
1
6 5 1
0
3
7 6 1
13 9 3
8 6 5
1
8 6 1
1
10 10 14
0
0
0
1
10 9 14
1
10 8 23
4
11 11 4
11 10 11
11 9 15
8 8 19
0
1
14 9 1
1
6 5 22
1
6 5 9
2
15 13 11
13 11 13
2
9 8 6
13 11 23
1
13 13 23
1
11 9 1
0
0
2
12 10 1
15 12 15
0
3
11 9 2
16 14 14
16 11 18
0
1
15 12 6
1
14 8 6
1
14 11 20
0
3
13 11 1
13 12 14
13 11 23
1
19 15 3
1
24 18 2
1
9 8 8
2
12 10 2
13 13 17
2
15 14 2
17 13 14
1
14 11 15
2
11 9 2
19 16 5
0
0
0
1
15 12 1
0
1
20 16 6
2
14 11 9
15 12 22
1
16 12 21
2
16 14 1
18 14 3
0
0
1
17 13 14
2
24 21 1
13 10 23
0
0
0
2
12 9 12
11 8 21
2
14 11 13
18 11 15
0
0
2
22 16 2
15 10 11
2
19 15 6
14 10 10
3
19 17 7
18 12 15
18 16 20
4
14 12 6
21 18 12
19 15 13
18 14 19
0
0
1
15 12 9
0
0
1
15 11 18
0
1
12 12 23
2
23 16 1
21 19 19
0
0
2
20 13 8
23 17 10
0
2
18 11 6
13 13 14
0
2
20 18 2
23 19 11
1
29 20 14
2
13 13 6
21 16 10
1
17 11 13
1
17 12 4
1
13 13 3
0
1
31 24 19
1
23 21 15
2
31 27 14
24 24 23
2
27 24 0
23 17 19
0
2
22 17 5
26 20 14
1
20 16 0
0
1
17 13 16
0
2
20 20 1
27 21 14
2
26 18 13
29 23 23
0
2
26 20 1
22 14 17
3
25 19 2
20 18 15
20 16 21
2
26 18 6
22 17 23
1
27 20 1
0
2
22 19 7
28 21 24
1
34 32 3
1
22 16 9
1
25 26 6
2
35 25 19
19 14 20
1
35 30 15
0
1
35 37 15
1
24 17 15
1
32 32 2
1
29 21 6
1
31 25 1
0
1
21 20 22
1
21 17 11
2
22 16 4
28 23 14
1
29 22 23
1
28 24 0
0
2
34 24 5
36 24 15
3
37 29 12
34 26 15
21 14 23
0
2
24 20 2
28 20 7
1
27 24 23
3
27 17 1
18 14 6
27 22 21
0
0
0
1
30 23 6
1
28 24 1
1
12 8 11
1
34 24 14
1
25 23 10
0
1
22 15 13
1
33 30 15
2
21 13 4
42 33 8
3
27 25 6
24 18 8
27 24 15
1
31 23 6
1
29 25 17
2
33 25 6
42 40 13
0
2
28 21 19
26 16 23
0
1
41 38 1
1
22 17 1
2
19 15 5
30 24 17
0
1
26 18 1
0
3
36 29 1
27 16 22
39 30 23
4
34 24 5
26 22 11
46 39 14
30 30 19
2
32 22 1
33 26 14
3
30 24 15
34 26 18
45 36 21
0
2
31 27 19
31 24 20
1
41 25 14
0
1
35 28 22
1
41 34 1
0
3
51 43 1
30 26 19
43 34 24
0
2
30 33 11
27 22 22
2
28 23 2
24 16 6
1
21 17 19
0
1
35 21 6
0
0
0
1
37 29 23
1
33 27 15
1
33 26 14
1
43 34 19
0
0
1
20 15 6
0
0
3
42 37 7
35 26 13
31 23 22
1
34 23 14
1
48 45 22
2
47 40 8
37 35 21
0
1
28 22 1
1
33 31 1
1
35 35 11
1
46 37 13
3
26 26 11
35 22 14
34 34 21
0
2
36 26 11
25 15 16
1
45 38 23
1
21 20 14
0
1
35 27 16
1
45 36 12
1
45 36 2
0
0
0
0
1
37 37 19
1
53 37 11
2
38 28 14
28 23 15
0
0
1
38 32 21
0
0
0
1
27 17 11
1
28 19 1
0
2
41 35 13
52 39 18
2
56 51 8
25 20 14
0
0
0
0
0
2
39 36 6
47 35 19
2
53 36 1
35 34 21
2
41 37 11
39 27 14
0
1
41 32 14
1
49 25 9
1
28 17 5
1
55 42 1
0
2
38 28 9
48 28 15
5
38 32 5
46 41 6
42 36 7
38 32 12
54 43 19
2
52 28 5
43 33 19
2
60 40 7
41 37 14
2
52 35 13
55 47 19
1
45 34 20
0
0
1
49 39 13
1
44 32 6
2
41 36 11
50 38 12
0
0
1
61 53 6
0
0
0
1
65 50 13
1
49 43 21
1
55 42 15
2
53 40 6
42 26 7
0
2
30 20 14
46 35 23
1
65 51 1
2
39 35 15
53 44 22
1
35 26 23
1
53 39 19
1
52 32 6
0
1
54 57 17
1
49 43 11
1
58 50 23
5
61 48 5
59 49 12
41 34 15
53 37 19
47 37 23
2
37 36 11
49 44 13
1
40 32 1
0
1
44 30 19
0
2
45 31 11
47 35 22
0
2
34 26 5
49 39 22
1
42 25 2
1
46 35 7
0
0
0
1
46 31 21
3
54 41 6
41 34 18
41 33 19
0
0
1
55 42 15
0
1
51 42 8
0
1
62 50 19
1
24 22 5
0
1
53 44 5
0
1
62 52 7
1
48 46 12
0
1
37 34 14
2
66 45 6
58 43 16
1
41 26 19
0
2
55 38 1
47 37 8
0
3
71 58 2
35 24 15
55 45 19
0
0
1
61 47 15
0
0
1
48 30 12
1
55 48 5
1
67 52 2
2
43 28 4
67 48 7
3
48 37 13
58 50 15
87 71 22
1
62 49 13
2
50 44 2
60 51 7
3
37 31 1
70 53 11
65 52 19
1
62 50 3
3
70 51 2
69 59 9
67 60 15
1
56 45 13
1
61 54 11
1
55 37 18
2
38 27 1
53 37 9
1
53 42 1
0
2
40 34 6
43 37 23
1
63 35 4
3
40 36 2
46 40 3
61 51 14
2
41 30 1
50 23 19
2
62 44 1
68 65 5
0
1
62 44 15
1
53 44 18
0
0
2
53 43 14
74 62 19
0
1
65 49 14
1
42 33 5
2
28 21 8
60 64 14
2
54 39 2
65 60 15
0
0
1
76 69 19
1
52 36 1
1
64 62 1
2
67 61 11
58 48 19
2
37 26 3
65 48 4
2
70 75 6
57 39 7
1
82 44 1
1
70 50 4
0
0
2
54 51 11
72 57 23
0
1
75 62 19
0
1
78 62 23
1
63 49 15
0
0
2
67 45 6
53 43 23
1
70 57 14
1
56 40 5
0
1
60 52 8
0
0
2
70 53 21
41 39 23
2
55 42 6
70 52 22
1
72 52 15
1
80 69 15
0
2
84 69 7
67 65 18
1
70 38 11
1
63 47 11
1
60 45 8
0
0
2
91 75 1
67 50 7
0
0
2
80 71 11
57 37 22
1
75 52 13
1
75 59 7
1
79 62 15
2
72 58 1
66 51 21
1
75 56 6
1
63 53 21
3
68 61 4
61 46 6
59 48 13
1
76 64 11
0
0
1
64 56 14
2
73 74 7
81 77 21
3
63 55 0
58 47 5
86 71 21
2
49 40 5
79 63 11
0
0
0
0
0
0
1
59 51 4
0
1
79 67 15
3
56 47 1
90 82 13
70 49 17
1
69 56 6
1
61 43 8
3
63 50 15
78 70 22
60 47 23
0
0
0
1
51 37 19
0
1
69 58 6
0
0
1
70 60 22
2
58 39 1
78 70 5
2
53 37 5
74 50 23
0
1
65 45 23
1
88 74 1
2
65 53 13
100 73 15
1
68 55 1
2
75 64 1
68 61 7
1
93 66 11
2
82 77 7
86 69 13
1
51 48 9
3
89 72 6
74 55 19
62 39 23
0
2
86 83 7
83 69 19
1
101 76 6
3
80 71 9
96 81 13
76 53 14
2
72 54 0
61 58 2
1
56 43 11
1
79 51 13
0
2
87 77 8
85 57 19
1
84 53 1
1
64 56 8
0
0
1
91 57 15
1
82 56 14
0
0
0
0
1
57 50 19
0
1
92 65 2
2
96 90 11
83 75 23
0
1
70 55 0
1
70 52 23
0
0
1
77 74 1
0
0
0
0
3
79 66 1
69 45 19
51 50 21
0
1
99 72 16
2
78 64 10
56 48 16
2
51 38 17
84 81 23
1
72 71 5
3
37 27 7
67 46 13
66 49 23
0
1
76 71 13
1
83 65 7
2
34 30 6
74 53 19
0
0
0
2
74 61 1
75 60 7
1
70 57 23
3
82 69 1
81 66 16
81 41 23
0
0
1
82 63 11
0
1
78 50 11
1
73 45 24
3
84 78 13
102 96 15
66 53 23
0
0
1
76 60 14
3
62 40 1
103 85 5
76 44 6
1
99 85 5
1
95 61 0
0
0
2
109 104 23
124 98 24
1
86 58 6
2
117 97 6
106 69 19
1
72 68 23
0
1
114 107 19
0
1
115 82 15
2
67 52 1
75 53 13
2
73 57 6
60 35 15
0
2
83 79 6
64 58 22
1
90 57 23
1
76 62 19
3
109 91 2
94 79 6
39 29 14
0
1
83 55 2
2
82 65 10
70 59 11
1
76 50 13
5
86 56 4
86 72 13
111 116 15
84 83 22
105 91 23
2
108 83 6
69 54 22
1
93 75 18
0
2
49 42 15
84 67 16
1
39 38 23
0
2
71 65 21
83 81 23
1
57 48 15
0
0
1
72 57 15
2
70 48 1
82 59 5
0
3
107 98 1
105 89 13
108 87 23
2
44 34 5
70 57 12
1
85 66 14
1
98 75 0
0
1
65 44 14
0
0
1
76 61 15
2
92 60 2
61 47 13
0
0
0
0
0
2
80 67 5
97 74 23
0
2
110 104 14
119 88 15
2
102 104 8
87 68 19
1
99 69 19
0
0
0
0
0
0
1
76 55 13
3
80 71 7
100 83 13
119 95 22
0
0
2
86 83 9
87 74 13
1
115 84 15
0
1
80 64 1
1
77 75 19
1
113 71 1
0
1
85 79 22
0
1
98 94 1
2
97 97 6
76 43 23
0
0
1
90 61 12
0
2
87 68 3
79 73 11
1
103 89 4
2
98 79 9
106 80 11
0
0
1
104 93 9
1
77 63 6
1
81 57 2
1
71 53 5
1
92 66 1
0
0
2
117 121 1
108 86 13
0
2
102 84 2
127 136 23
3
93 87 2
107 58 19
99 63 24
1
46 28 6
0
1
118 106 15
1
71 58 5
2
51 44 7
134 112 23
2
109 99 1
112 99 23
1
91 72 14
0
1
47 39 7
3
84 67 0
115 90 11
103 78 15
1
142 93 2
0
0
2
95 96 1
117 95 6
1
106 77 23
1
95 99 15
2
72 62 2
107 77 23
1
87 59 14
0
1
132 104 14
0
1
124 62 1
2
122 85 1
95 90 23
2
80 59 0
133 131 11
1
137 132 23
0
1
85 54 20
1
83 64 19
2
93 76 1
123 99 19
0
1
44 42 22
1
123 83 15
1
101 81 5
1
78 66 3
1
101 89 23
1
87 67 14
0
0
1
114 83 2
1
84 73 5
0
1
73 61 6
1
121 98 3
0
1
88 66 15
0
0
1
111 90 15
0
1
115 104 6
1
94 81 12
3
118 104 2
99 73 7
78 62 19
2
102 87 6
121 98 18
1
61 41 14
0
2
113 93 6
106 94 23
0
2
101 82 1
95 77 10
1
117 93 19
0
1
106 76 15
0
1
103 76 19
0
2
109 104 2
102 82 13
1
91 68 23
3
125 107 5
107 96 19
82 62 23
1
157 129 8
0
3
109 87 10
70 49 21
122 80 23
2
112 92 19
86 66 23
1
129 94 19
1
106 78 2
1
108 68 23
1
125 89 10
0
1
103 81 22
0
0
2
96 82 14
116 89 23
0
1
94 74 2
0
1
101 83 19
0
2
86 58 11
129 101 23
0
1
42 30 17
0
2
172 113 14
149 101 23
2
126 96 0
151 147 12
1
165 122 14
1
109 74 20
2
73 67 1
134 102 7
1
151 148 6
0
2
135 116 1
125 103 19
2
109 96 11
113 90 19
1
136 86 19
0
0
0
2
182 136 13
134 120 19
1
131 101 21
0
0
2
115 88 2
113 107 7
0
0
0
2
123 91 7
85 63 20
1
154 136 22
2
114 95 11
140 94 14
0
0
0
2
127 115 13
114 88 19
1
123 78 11
0
1
113 106 7
0
1
111 83 3
0
0
2
157 124 19
95 77 21
0
1
128 105 18
0
1
149 127 19
1
133 117 23
1
128 118 13
0
2
68 58 1
121 92 11
5
137 89 5
167 125 6
129 95 7
104 79 8
85 76 11
0
1
138 131 7
1
106 98 1
2
124 115 4
90 76 22
1
79 62 12
1
139 126 6
0
4
116 119 13
96 50 19
118 84 21
129 95 23
2
126 93 9
111 77 22
0
3
107 69 4
161 140 7
100 90 19
0
1
128 107 4
0
0
2
112 100 19
75 61 21
0
0
0
1
125 96 5
1
136 122 2
1
112 95 15
0
1
109 96 5
2
142 101 0
103 85 22
0
1
133 108 1
2
109 102 6
159 127 11
1
115 75 19
0
1
114 82 23
1
96 75 23
2
149 110 7
86 66 14
2
140 126 11
111 106 15
1
158 153 0
0
0
0
1
158 142 2
0
1
111 109 11
1
125 99 15
3
158 116 6
79 52 18
100 89 24
2
149 117 8
145 101 15
0
1
145 107 19
1
97 90 2
2
142 120 5
141 126 6
1
136 106 11
1
119 86 2
3
120 117 1
167 127 9
77 55 23
2
127 79 1
95 77 14
0
1
132 83 6
1
115 101 14
2
125 95 11
108 82 15
0
1
147 142 7
2
129 95 6
157 124 21
1
156 142 9
1
111 89 2
0
3
124 90 8
132 105 15
150 87 23
0
1
130 99 23
0
2
110 68 4
109 73 11
0
2
181 152 2
109 69 5
0
1
145 119 14
0
2
120 98 5
149 127 7
0
1
97 76 15
1
163 120 15
0
0
0
1
118 94 1
0
0
1
115 87 5
1
136 94 11
2
134 111 6
116 83 14
0
0
2
118 103 17
140 112 21
1
115 78 3
2
80 67 6
148 105 15
3
110 86 2
128 71 15
147 156 23
0
0
1
100 88 5
2
132 120 2
105 94 22
0
0
1
183 180 13
1
141 116 24
1
173 167 1
1
95 74 19
0
2
124 86 14
149 113 23
1
152 135 14
0
1
126 70 11
0
0
1
165 167 14
0
0
0
0
2
164 126 1
109 88 17
2
152 136 14
140 82 19
0
1
110 77 2
1
113 89 14
1
162 152 15
2
175 134 1
109 76 14
0
2
139 118 6
201 169 15
2
163 106 6
102 90 19
0
1
125 78 23
1
139 131 15
0
0
2
128 111 6
78 71 23
2
141 117 13
141 110 23
1
180 136 5
0
0
0
0
2
147 99 15
142 105 23
1
82 59 1
1
168 140 1
0
0
1
145 132 13
0
3
137 115 0
134 117 6
92 67 23
1
160 118 14
0
4
146 138 1
170 146 15
135 107 22
91 85 23
1
125 96 19
1
134 106 7
0
0
3
167 128 1
163 122 14
131 82 23
1
153 111 13
1
162 136 8
0
2
153 136 13
193 173 15
1
172 112 2
0
2
165 137 1
156 127 6
1
110 83 21
0
1
133 108 1
1
104 69 22
2
114 95 0
96 82 19
2
152 153 3
128 94 22
1
140 116 19
2
120 93 0
187 175 23
1
150 144 1
1
112 92 4
1
161 165 12
0
1
175 152 19
0
0
2
76 64 15
140 93 23
0
1
163 102 23
2
184 189 1
177 136 3
0
2
127 78 15
66 58 19
1
173 81 19
1
134 97 19
0
0
1
145 133 8
1
129 111 7
1
143 99 13
0
0
2
155 138 2
132 94 6
0
1
158 120 19
1
128 106 21
0
1
153 128 2
1
161 129 23
0
0
0
1
167 142 14
3
137 136 8
153 106 11
138 100 13
0
0
0
1
175 151 2
2
163 137 5
139 111 11
0
1
174 151 13
0
0
1
113 76 14
0
0
0
1
171 138 1
0
0
3
142 101 12
174 149 18
146 133 19
0
1
111 82 14
0
1
129 92 5
3
127 99 11
200 167 13
124 87 19
1
163 134 7
0
1
121 99 5
0
1
145 123 3
1
167 141 11
0
0
0
3
146 121 2
132 90 5
152 115 10
1
183 190 2
0
0
1
169 120 15
2
166 113 5
102 95 6
0
0
1
129 89 5
0
1
164 121 6
2
181 143 19
147 117 21
1
174 161 0
2
101 73 1
163 136 14
0
1
162 113 11
0
0
0
1
121 93 19
0
2
110 91 0
137 121 13
1
130 92 5
0
0
1
144 115 0
0
0
1
114 97 3
0
0
0
0
1
175 133 19
0
