6 1 1 6 1 1 7 2 8 6 4 7 7 2 3 5 1 4 7 8 6 2 7 7 3
1
5 3 10
1
5 4 8
0
0
1
9 7 20
1
7 5 20
2
9 6 12
10 9 20
0
1
8 5 15
0
1
8 6 12
0
1
7 5 12
0
2
7 5 2
8 6 8
3
13 11 8
6 5 17
9 6 19
2
9 6 11
7 6 22
1
9 5 24
0
2
8 7 5
6 4 15
2
10 7 6
8 7 20
1
11 11 22
4
9 6 3
18 15 15
9 6 20
8 8 23
1
10 8 9
0
1
8 6 14
1
15 11 24
3
8 7 0
8 7 12
13 8 20
2
5 4 6
10 9 18
1
12 9 0
0
1
10 8 13
1
10 8 10
0
0
0
1
11 9 19
0
0
2
13 8 0
13 9 8
1
15 13 0
3
16 13 9
11 7 13
16 12 17
2
14 13 11
11 12 23
0
0
0
0
1
16 14 24
3
16 11 0
21 17 21
16 11 23
1
18 13 20
0
1
16 9 8
2
14 9 9
13 11 11
0
0
0
0
0
1
22 21 16
0
2
18 14 8
16 13 23
0
1
21 19 3
3
25 20 0
19 16 6
9 8 12
1
18 14 23
0
0
0
2
18 13 8
15 12 24
0
1
23 19 19
6
20 15 8
15 12 10
21 19 12
18 12 14
21 16 19
26 20 22
3
17 15 8
23 17 18
17 13 19
1
16 11 6
1
13 11 6
1
18 14 18
2
17 11 6
19 18 12
1
14 12 14
0
1
21 17 6
2
22 17 18
9 7 22
2
16 15 6
26 26 19
1
19 14 6
1
24 23 9
0
0
0
0
0
1
38 29 24
2
15 14 8
8 6 12
0
0
2
24 17 19
17 17 24
2
23 15 14
12 9 17
1
29 24 22
1
23 18 11
0
0
0
1
25 20 23
0
1
24 22 0
0
0
1
31 25 17
2
24 18 6
29 22 19
2
23 21 3
21 19 16
2
27 23 10
31 26 24
1
23 23 6
1
18 16 24
1
29 23 19
0
1
22 12 22
1
28 18 19
0
1
24 18 15
1
22 20 3
2
23 19 9
23 17 10
1
17 13 18
2
25 17 6
18 15 22
2
26 20 3
19 18 8
1
24 22 9
2
22 20 6
18 15 10
2
15 10 10
23 15 12
0
1
36 26 6
1
32 26 18
0
2
27 25 0
20 16 11
1
31 29 8
1
29 21 9
2
27 18 15
32 26 20
2
32 24 6
29 24 22
1
23 19 7
2
33 32 10
22 16 12
1
20 20 6
1
27 21 13
1
41 34 6
4
29 23 6
27 17 8
24 23 10
23 21 11
1
35 31 18
2
19 13 5
33 22 18
2
39 33 11
24 18 23
1
39 30 6
1
40 28 20
3
40 37 8
26 23 11
34 27 22
0
1
27 19 3
1
38 36 6
1
22 14 9
1
29 21 15
1
29 22 19
0
1
36 30 23
1
45 38 24
0
0
1
23 17 19
0
2
31 24 8
26 18 11
0
2
36 30 8
25 23 12
1
29 21 0
1
19 18 11
1
17 13 3
2
31 31 1
34 25 7
2
35 28 5
10 8 11
2
31 24 7
24 18 11
0
0
2
38 36 3
42 34 12
0
2
35 28 16
34 24 23
1
40 31 19
0
0
3
38 26 0
38 28 14
51 43 24
1
45 33 8
1
41 42 23
3
35 24 3
34 22 11
33 30 20
1
32 26 19
1
42 32 9
0
2
32 28 9
25 22 23
1
39 29 5
1
25 13 11
3
23 16 13
36 26 15
34 27 22
2
35 22 3
34 30 18
2
33 27 12
30 26 21
2
41 29 16
29 23 18
1
28 24 19
2
32 26 14
45 35 23
2
43 37 18
37 31 24
0
3
38 28 3
24 17 6
20 12 15
0
0
2
28 23 6
54 41 12
1
40 34 19
2
45 34 0
35 31 8
4
34 22 2
35 35 3
38 33 22
41 31 23
3
41 38 8
40 29 14
29 21 22
0
0
1
29 21 14
3
38 33 8
42 40 9
25 23 19
1
42 31 11
1
31 21 18
0
1
39 31 10
1
31 26 8
4
31 24 8
34 24 17
39 27 18
34 27 22
2
55 46 19
32 25 23
2
48 38 22
32 24 24
2
53 34 3
32 23 19
1
25 23 22
1
53 31 23
2
43 42 14
35 28 19
0
3
40 32 14
40 33 19
39 27 24
2
26 24 0
54 37 11
0
2
55 43 11
41 33 18
1
54 37 0
2
42 34 19
51 39 24
0
2
39 33 8
46 46 20
1
40 31 19
0
0
1
56 44 12
0
1
50 46 4
1
40 28 12
0
0
1
48 43 12
1
47 35 12
2
31 24 9
55 43 22
2
32 21 8
33 28 21
5
31 24 0
53 45 8
30 25 18
42 40 19
52 48 24
2
27 22 14
33 26 15
2
33 26 14
46 33 15
1
34 30 24
0
1
41 31 11
0
3
40 30 18
61 52 20
48 33 22
2
62 63 19
36 26 23
1
49 38 0
1
49 31 8
1
29 29 11
0
1
42 35 10
2
52 41 8
43 34 12
2
40 27 10
46 40 18
1
57 43 0
3
46 35 5
56 46 6
65 52 18
1
46 25 11
0
0
0
4
58 39 1
59 46 3
32 23 14
46 32 23
0
1
43 27 20
1
49 42 23
4
32 28 3
45 35 6
47 43 11
57 48 15
0
1
43 43 6
1
37 26 3
1
49 39 22
0
1
43 42 23
2
65 51 9
42 34 15
3
50 43 0
36 29 10
64 48 14
1
32 28 6
2
35 24 12
51 35 20
1
54 45 19
0
1
57 38 8
0
1
39 27 20
0
2
56 40 13
60 39 20
1
55 39 11
0
1
52 40 24
3
47 36 16
63 41 18
38 24 20
1
66 54 9
0
0
2
42 37 0
68 44 22
1
59 56 11
1
41 30 19
1
55 39 11
3
42 32 5
56 41 16
52 34 21
3
27 25 3
42 30 10
52 41 12
3
57 32 3
72 72 11
62 47 21
1
54 47 23
2
49 36 9
49 42 24
1
52 35 19
0
0
1
49 37 24
0
4
47 44 13
78 71 18
48 39 19
42 31 23
0
1
52 36 9
1
40 27 17
3
52 39 0
48 44 15
60 51 22
3
61 47 0
45 28 6
45 43 11
1
65 49 6
5
85 45 7
48 35 15
46 42 18
42 33 19
50 36 22
2
75 57 18
74 67 19
0
1
42 43 3
0
1
50 42 12
1
70 62 22
2
39 33 0
55 45 6
1
42 32 19
0
0
0
3
48 49 7
77 47 14
54 46 24
0
3
60 47 0
53 45 11
46 27 15
0
2
65 54 22
81 68 23
2
55 44 0
55 44 6
0
3
50 51 3
50 37 14
61 39 20
1
58 46 7
0
2
54 40 18
55 42 21
3
52 46 11
66 61 15
58 41 22
1
65 53 3
0
0
2
76 43 5
79 55 18
0
1
53 52 8
1
58 39 9
4
44 35 2
59 48 3
68 53 12
57 42 22
2
58 41 2
50 44 4
0
1
51 34 17
1
60 48 19
3
61 53 8
56 53 9
61 48 11
1
54 46 11
2
70 60 6
36 24 13
2
70 54 3
58 33 20
2
75 52 10
59 52 19
3
55 47 6
62 53 8
65 58 12
2
48 45 3
51 48 11
1
69 65 19
2
54 47 0
59 49 12
0
1
63 50 15
1
52 42 13
0
0
1
47 34 0
1
61 49 12
2
60 53 4
45 35 6
0
1
54 55 10
1
77 58 20
0
1
50 37 24
3
75 61 8
65 42 17
74 57 23
1
75 49 2
3
72 73 3
62 61 13
71 42 24
1
75 55 21
1
77 72 11
2
76 59 9
45 27 20
0
0
1
57 52 9
2
98 76 6
42 33 24
1
46 39 24
3
57 46 3
65 48 14
45 36 19
1
54 49 24
1
74 55 6
2
58 47 6
63 54 18
0
1
58 42 18
0
2
80 65 18
59 49 19
1
56 40 5
0
1
34 26 6
0
2
65 47 6
77 64 8
1
82 65 10
0
0
3
48 38 6
74 63 8
75 44 19
0
1
76 68 19
0
0
0
1
56 47 10
3
76 55 0
50 40 3
68 42 15
4
68 57 8
53 35 12
70 63 13
69 44 14
0
1
60 46 0
2
59 51 14
81 61 18
2
62 48 19
74 54 20
1
62 54 14
1
74 59 3
1
77 51 20
1
89 73 12
0
2
67 45 19
61 53 23
3
48 36 3
87 73 8
85 57 14
0
2
69 59 11
90 79 22
3
83 75 0
61 41 8
80 63 20
0
3
62 47 3
64 50 8
34 24 19
1
69 37 24
0
0
0
3
60 53 6
72 49 14
66 64 23
1
110 98 6
0
3
87 73 11
64 57 18
68 44 22
0
2
78 46 20
61 48 21
2
78 70 12
75 64 22
1
64 54 19
1
80 68 12
2
82 73 0
88 80 8
0
1
66 59 23
2
89 69 15
77 55 20
1
64 57 12
2
76 61 8
83 52 12
2
96 43 5
37 24 19
1
60 47 11
1
44 39 18
2
81 69 7
55 50 12
1
71 62 4
0
0
2
91 67 6
93 70 20
3
58 47 4
74 72 6
80 67 20
2
69 59 1
93 91 14
0
2
72 59 4
68 66 12
1
89 63 8
0
3
118 78 0
95 79 4
80 59 23
2
62 53 7
92 61 10
1
78 60 19
1
90 56 22
1
73 62 19
1
68 50 9
2
88 75 0
60 40 23
1
84 66 22
1
89 69 23
2
79 67 6
72 61 7
3
65 50 0
58 48 9
84 64 19
1
115 81 3
1
79 62 10
2
61 43 9
99 74 12
0
0
0
0
0
0
0
1
89 75 13
2
79 70 0
92 64 13
1
62 49 20
1
101 77 8
1
92 74 10
3
88 77 18
57 38 21
73 57 24
3
98 76 1
80 58 15
83 72 17
2
68 63 18
79 60 23
1
84 67 6
1
77 71 19
0
0
0
0
0
1
101 87 10
1
91 71 11
1
86 58 11
1
48 46 6
0
1
56 40 20
2
54 45 19
103 71 24
0
2
83 51 23
83 84 24
4
99 77 0
51 38 3
77 61 11
76 62 24
2
80 70 6
58 54 18
2
70 52 20
89 82 22
1
72 54 19
3
79 67 1
85 66 7
80 66 17
0
1
66 44 13
0
3
60 44 1
88 94 8
110 80 18
2
74 44 18
73 66 22
2
53 35 15
90 85 23
0
0
0
1
91 73 11
2
94 60 20
107 75 24
0
1
95 74 3
0
0
0
1
72 60 9
0
1
88 73 11
2
112 96 0
81 51 11
1
78 60 15
3
101 77 9
78 59 12
103 93 22
1
87 78 8
1
78 52 20
1
49 40 19
1
70 49 9
0
1
89 80 19
2
58 57 12
80 74 22
1
61 45 2
1
88 51 20
1
96 62 19
1
87 68 9
1
82 54 16
2
89 59 6
112 114 18
1
100 84 20
0
2
101 66 18
92 78 23
0
0
3
72 50 12
93 83 17
81 59 18
0
2
98 71 6
110 93 19
1
83 60 0
2
91 71 15
115 110 24
2
96 81 23
90 55 24
0
0
2
83 81 19
105 71 23
0
2
115 115 10
90 78 12
2
112 88 15
87 61 23
1
81 66 10
1
82 76 8
1
82 62 17
0
1
110 93 19
2
100 86 12
119 85 19
1
76 56 22
2
89 70 16
94 71 20
0
2
80 61 22
56 39 23
2
75 54 1
88 64 20
2
95 87 3
83 68 12
2
97 88 12
103 68 20
0
0
0
2
113 88 17
93 70 19
3
79 53 3
121 109 9
117 102 10
1
69 53 18
0
1
80 69 22
2
93 60 0
68 47 22
1
99 76 8
0
0
1
86 79 18
1
94 70 2
0
1
100 68 11
2
109 114 9
98 75 15
2
116 113 0
118 80 18
2
78 73 8
102 102 11
3
93 87 12
91 75 20
77 59 23
2
104 68 13
140 129 18
2
107 90 6
90 67 19
5
108 89 0
61 58 4
92 81 6
103 76 16
71 60 17
0
1
94 78 24
1
61 46 6
1
68 61 20
0
1
116 85 22
1
84 54 12
1
89 69 1
1
99 80 11
0
3
108 99 9
88 74 17
152 135 19
3
118 78 10
88 72 13
60 49 21
3
106 84 9
74 70 15
95 75 18
2
94 96 4
129 114 8
0
0
0
1
108 99 19
3
107 100 0
99 91 6
114 78 8
1
114 95 10
0
1
76 61 18
1
100 80 22
2
58 43 8
107 87 23
1
51 39 3
5
118 106 6
109 84 8
90 75 12
95 69 14
92 80 19
2
127 96 8
108 86 19
2
83 58 8
117 95 17
2
47 36 11
110 81 17
0
2
82 71 12
113 76 18
0
0
1
129 77 20
0
3
107 91 11
78 56 18
105 95 22
2
106 98 20
82 80 22
0
2
153 127 20
133 73 21
3
126 98 8
68 68 10
91 82 12
3
78 63 10
97 69 12
90 69 17
1
124 78 3
0
3
95 69 0
105 80 8
82 69 20
0
2
71 52 1
76 57 19
2
106 74 6
72 65 13
2
95 85 4
129 113 20
0
1
134 109 4
2
63 51 10
129 107 11
0
2
138 133 20
42 38 23
0
0
0
3
123 120 0
113 76 12
86 68 18
4
106 85 6
129 118 17
114 87 18
109 68 23
3
55 47 6
118 92 19
90 70 22
1
116 102 15
2
135 109 10
115 89 15
0
0
0
1
113 84 10
4
117 96 6
120 87 8
101 82 12
108 97 14
2
70 54 20
129 106 22
4
48 48 6
97 63 9
100 79 11
105 81 14
1
118 90 6
2
97 74 3
74 70 12
4
160 114 8
104 86 11
69 61 22
106 78 23
3
133 92 8
125 109 18
85 77 19
2
82 54 1
108 88 12
2
127 96 8
98 82 9
0
1
111 87 20
1
111 94 0
1
139 129 10
2
75 45 12
78 65 23
5
124 102 0
114 113 6
93 88 9
89 68 18
94 78 24
0
0
2
106 79 12
134 141 21
0
1
88 81 1
2
102 79 12
150 109 22
0
0
0
2
112 83 18
123 80 20
1
142 108 15
0
0
2
85 51 15
98 73 22
1
142 116 10
1
82 62 19
1
137 120 0
2
104 108 17
120 76 21
0
1
127 97 8
0
0
2
99 70 12
131 117 19
2
97 96 6
114 87 19
0
3
133 98 0
85 62 3
125 88 19
0
0
1
119 100 22
1
126 97 20
2
143 94 0
117 98 9
2
82 40 15
152 137 24
3
83 72 0
123 117 8
105 100 22
1
50 36 12
0
0
1
112 100 6
1
113 64 23
0
1
119 90 23
2
128 110 3
113 68 18
4
82 66 1
129 105 3
125 88 15
156 143 21
2
134 99 11
145 132 20
3
93 68 11
113 103 12
129 97 22
3
136 94 9
137 110 22
104 64 23
0
1
99 59 8
1
129 110 21
0
1
167 119 12
4
118 78 8
61 45 9
127 107 19
82 58 21
1
107 96 11
2
164 132 6
176 107 8
1
151 129 7
3
120 80 12
105 103 14
118 97 21
1
100 72 19
1
128 78 7
0
0
0
1
183 131 24
1
86 66 22
0
1
119 88 6
2
89 77 1
117 91 13
2
113 84 9
103 83 17
1
121 108 9
1
90 72 11
2
104 82 6
114 94 8
2
129 89 18
90 48 22
0
2
124 97 3
123 102 22
0
3
136 113 5
92 58 8
103 86 24
0
1
130 91 18
2
119 102 9
157 123 19
1
69 53 23
3
120 115 3
139 102 8
105 93 11
2
182 162 6
92 77 22
1
113 89 23
1
129 93 8
1
102 78 6
2
106 79 10
122 101 22
0
0
1
132 97 8
0
2
98 70 6
121 79 18
2
119 70 8
91 80 11
1
158 101 20
4
126 85 0
152 100 8
133 91 22
156 112 23
2
131 115 4
106 87 18
1
93 77 19
2
131 85 20
80 76 21
1
130 102 3
1
76 66 12
2
179 173 11
173 156 22
0
3
119 98 2
134 112 20
103 84 22
0
1
129 108 10
2
140 115 3
129 93 24
2
100 86 22
114 106 24
2
164 154 9
130 135 20
2
58 42 0
161 115 9
1
133 109 12
1
140 129 15
1
96 78 23
1
137 113 8
1
132 129 6
1
130 103 18
1
97 60 6
1
128 101 12
0
1
112 90 17
0
2
148 119 6
145 111 15
0
0
0
2
103 82 18
81 60 21
1
127 120 0
2
147 96 0
157 92 9
4
116 101 0
107 78 9
119 108 11
137 118 19
2
72 48 6
115 92 8
2
128 109 6
153 126 8
1
114 89 10
0
0
0
1
86 66 23
3
181 124 9
148 128 20
124 120 22
0
0
0
3
164 123 14
135 107 18
144 123 19
2
120 98 22
183 152 23
1
153 108 8
0
1
120 98 18
0
2
110 96 3
95 73 20
2
129 100 8
125 96 23
1
97 81 17
5
127 107 7
166 124 9
111 87 10
113 79 11
149 131 19
1
169 120 22
1
136 108 9
1
90 76 11
3
192 184 6
144 82 14
112 101 18
1
159 108 16
0
1
122 100 18
2
129 94 16
126 83 19
0
2
127 109 0
146 121 11
0
3
141 111 0
134 121 22
119 80 23
2
160 129 11
165 137 18
1
154 111 15
1
113 79 10
0
2
100 82 9
143 100 22
2
120 102 8
159 140 18
3
110 91 9
132 99 11
126 111 17
0
2
180 140 0
175 163 18
1
151 124 20
0
0
2
136 115 10
73 55 18
3
163 117 19
97 83 20
120 94 24
1
101 90 15
0
1
144 106 19
2
160 135 8
106 97 12
0
1
118 105 9
0
2
144 100 0
120 82 9
3
145 123 3
166 157 17
72 43 22
0
0
2
149 105 3
127 107 20
4
173 124 0
126 105 6
141 109 8
103 72 12
1
144 116 23
0
1
140 119 23
1
134 118 11
1
107 82 19
2
154 101 8
167 120 10
1
130 104 14
1
162 96 19
2
135 98 3
137 114 15
2
136 108 6
159 158 7
4
165 144 9
139 109 11
166 107 15
182 144 19
1
150 111 23
2
129 100 22
147 124 23
1
140 116 8
1
115 82 15
0
3
111 75 5
204 154 13
164 142 19
1
151 136 15
1
161 122 0
3
152 92 8
143 126 12
157 142 20
1
119 117 10
1
142 116 11
1
156 136 17
1
140 125 15
1
138 128 15
2
159 146 8
131 100 17
2
185 148 8
117 76 22
0
0
0
0
0
2
102 80 0
135 115 10
0
4
140 117 11
152 120 17
190 120 18
83 69 19
1
168 150 18
1
183 146 22
1
142 107 19
0
1
110 86 16
2
120 85 8
131 103 14
0
2
105 71 5
164 120 12
0
1
116 111 6
1
118 110 8
2
104 84 22
104 94 23
2
109 72 0
143 111 3
1
174 153 8
1
158 111 8
1
195 161 19
0
1
119 122 22
0
0
2
158 146 13
105 94 22
1
126 109 8
0
0
0
1
115 107 23
3
195 143 4
114 82 5
222 208 11
0
2
201 144 9
138 142 17
0
1
111 86 7
1
226 238 22
3
152 139 11
153 121 20
151 132 22
1
129 101 3
1
127 96 14
1
162 119 20
1
157 152 20
1
135 101 12
1
135 115 19
2
163 118 11
149 137 22
4
166 134 5
180 139 6
184 131 12
178 129 15
0
0
1
131 90 24
2
157 117 3
124 116 17
0
2
176 139 9
88 63 11
1
148 103 15
2
150 143 12
155 106 18
2
168 159 0
179 163 8
1
115 69 12
1
134 100 12
0
0
0
0
2
125 110 10
164 100 19
0
1
127 94 15
3
115 91 8
194 176 9
173 154 20
0
1
211 163 9
1
193 173 1
2
141 121 0
152 100 24
1
168 147 17
1
138 124 15
0
2
188 125 15
171 137 18
3
170 116 18
152 126 20
178 151 22
3
164 138 18
159 107 21
127 135 23
1
141 134 12
0
1
151 125 18
1
158 116 24
0
1
135 92 3
0
4
156 130 12
178 144 14
191 130 15
148 132 21
0
3
130 96 3
123 90 19
142 114 24
2
167 139 4
129 88 7
1
159 116 11
0
0
1
183 133 23
1
135 111 9
0
0
2
195 147 15
123 92 23
1
201 173 19
0
2
171 123 11
205 182 12
2
186 161 8
124 93 19
0
1
115 89 18
0
0
2
106 98 11
157 112 14
2
148 123 11
118 105 12
0
1
130 92 18
0
3
150 117 3
161 128 4
134 115 19
2
86 68 22
183 128 24
2
102 89 9
121 123 15
2
188 143 3
148 103 19
1
172 129 17
