3 4 7 5 7 6 4 2 2 6 5 7 7 7 5 7 1 4 5 2 5 5 2 1 7
2
7 5 14
9 8 19
0
0
3
7 5 12
9 9 15
7 4 19
0
0
1
9 7 18
1
9 8 11
2
5 4 0
9 7 13
1
9 7 20
1
5 4 18
2
9 7 2
8 6 24
1
9 7 12
2
10 9 5
13 11 11
2
11 8 11
11 9 20
1
10 7 5
2
9 6 5
11 6 9
3
9 8 1
11 7 9
8 6 12
2
11 9 3
7 5 24
1
11 8 21
0
0
0
0
3
10 8 3
10 6 9
13 10 13
1
11 10 21
1
12 11 5
1
10 10 5
1
13 10 2
2
12 11 17
10 8 20
0
2
11 9 3
15 12 12
0
2
15 14 2
13 11 10
0
1
11 8 18
0
1
15 13 13
1
15 15 11
0
0
2
15 12 1
10 8 11
0
1
13 9 5
2
9 8 4
14 10 5
1
16 12 9
2
13 9 3
14 13 12
0
0
2
19 16 11
16 14 21
2
10 6 6
13 9 21
0
2
17 14 15
14 12 20
2
14 10 10
17 14 24
4
9 7 0
16 15 4
16 13 9
12 9 24
0
1
18 17 24
0
1
17 14 17
1
11 7 11
3
16 17 15
17 14 16
13 10 19
1
22 19 11
1
16 16 13
0
1
16 12 14
3
18 13 2
13 9 10
23 21 18
0
1
16 15 6
1
19 18 14
0
1
22 18 9
1
24 22 4
2
19 14 5
17 15 18
1
24 19 4
2
23 17 4
20 16 21
1
24 21 24
2
17 11 7
24 23 14
2
14 14 13
24 17 17
1
10 7 9
1
19 13 12
1
26 24 12
2
20 19 11
18 13 21
1
20 15 0
1
18 13 1
3
22 17 9
21 17 18
17 14 24
1
17 14 3
1
17 14 15
1
24 16 13
0
1
24 19 14
0
2
24 16 6
17 12 13
2
18 14 14
17 15 18
3
23 20 13
18 11 17
22 17 18
0
1
20 12 11
2
25 23 5
27 25 21
2
23 18 12
24 20 17
1
28 21 18
3
14 11 2
22 18 4
23 15 12
1
22 16 2
1
20 16 15
1
22 17 12
1
20 16 2
1
21 18 24
1
21 14 1
0
0
0
0
0
0
0
2
22 18 4
24 18 6
2
19 13 2
22 17 3
0
1
20 14 11
1
27 18 2
2
27 26 9
15 11 24
0
2
27 26 12
27 22 14
2
22 16 2
23 21 17
1
30 30 11
2
24 17 17
29 22 18
1
26 17 9
1
27 20 9
3
36 24 1
31 23 2
23 16 14
2
27 22 14
23 14 24
1
30 22 0
2
27 21 3
25 21 23
1
29 24 10
1
26 25 11
2
30 20 10
31 27 21
0
1
30 22 15
3
19 12 11
30 25 16
20 16 20
1
35 28 12
1
32 23 20
1
26 21 6
0
0
1
37 29 9
0
3
41 32 12
35 26 22
26 28 24
1
30 21 14
2
35 26 17
23 18 18
0
0
2
30 26 2
32 24 14
1
32 24 5
0
0
0
1
30 24 23
0
0
0
0
2
23 17 1
29 23 9
1
34 38 21
1
40 25 12
1
36 29 12
2
24 16 9
43 31 14
1
28 20 4
3
33 27 5
33 22 9
30 24 22
2
29 28 1
30 15 6
2
28 22 9
28 22 23
0
1
36 28 2
2
39 32 5
26 20 15
2
41 43 4
38 35 6
0
0
0
1
25 20 10
1
29 23 3
0
3
31 25 2
35 33 3
31 28 24
1
24 18 4
1
37 34 13
3
24 19 2
35 28 4
32 28 20
2
34 27 12
33 22 19
1
26 21 20
0
2
32 23 11
35 28 24
0
0
3
36 27 0
32 28 1
33 27 9
0
1
37 31 20
1
40 32 11
1
39 29 14
0
1
35 32 24
2
37 29 3
32 31 6
1
38 31 13
0
2
34 27 8
41 35 12
1
45 41 2
2
34 29 3
24 21 13
0
2
39 34 13
37 32 24
2
23 17 4
47 41 20
0
0
3
48 40 10
33 30 14
30 21 18
1
35 35 3
1
37 28 10
1
42 33 19
0
1
28 16 1
2
48 37 5
28 24 18
2
51 37 9
38 23 16
1
41 34 3
0
0
1
30 24 17
2
30 29 10
43 43 13
3
34 29 0
22 18 1
50 37 3
0
1
42 33 11
1
32 24 0
0
0
1
50 27 4
0
2
38 34 20
41 36 24
1
52 43 11
1
50 45 0
0
1
39 32 9
1
53 43 4
0
1
41 27 2
0
3
46 30 5
49 36 11
37 31 13
1
52 36 17
0
2
31 24 11
41 33 22
1
56 46 1
1
59 47 12
3
31 22 4
36 32 12
45 37 23
2
29 22 7
38 27 16
1
57 43 8
2
48 37 9
35 22 13
0
1
38 33 18
1
46 33 4
1
50 40 21
2
53 44 9
53 48 11
2
28 24 3
54 34 19
1
34 24 10
0
3
54 58 9
41 34 15
44 37 21
0
2
46 41 6
59 46 21
3
50 44 13
42 26 19
47 36 24
0
1
53 43 22
1
34 30 5
3
45 30 2
38 31 13
49 31 21
1
42 41 15
1
46 34 0
0
1
52 39 11
2
44 38 4
67 62 21
2
52 42 2
51 39 4
3
49 30 5
45 40 11
64 52 18
3
52 44 12
54 46 14
66 54 19
0
0
1
69 58 20
0
1
49 39 13
4
41 34 4
47 28 9
61 56 10
54 41 21
3
45 32 2
54 41 9
50 40 15
2
45 35 13
52 35 17
0
1
39 28 18
2
61 59 2
50 46 3
2
55 39 3
56 53 13
4
48 40 0
47 34 1
54 53 2
70 55 14
0
1
56 40 16
0
1
47 52 20
0
1
42 35 24
3
46 39 10
50 46 14
52 42 17
0
0
1
44 39 11
2
49 41 20
57 44 21
1
54 43 17
0
2
63 50 11
40 34 16
2
36 35 13
52 50 14
1
41 39 19
2
37 23 4
63 57 13
1
61 48 5
1
53 50 11
0
1
55 47 18
3
45 36 2
51 40 10
64 53 23
0
3
53 41 9
56 50 12
45 30 13
1
46 29 13
2
66 59 7
34 33 17
2
52 40 6
69 55 14
1
39 29 24
2
74 51 9
51 46 11
1
62 43 0
0
3
49 35 2
52 39 13
54 44 24
5
60 55 6
57 51 9
58 47 11
70 58 19
80 50 24
2
64 60 17
57 46 22
0
0
1
60 43 2
0
1
29 17 13
2
64 53 13
44 32 20
2
63 43 1
67 44 6
1
39 31 5
2
63 38 12
53 45 15
0
0
1
85 75 15
3
52 44 2
48 38 4
33 29 18
1
45 38 17
0
1
57 37 9
2
41 24 4
57 45 17
1
41 32 17
1
57 54 5
1
53 27 18
0
0
1
68 46 24
2
50 38 8
50 38 18
2
71 49 5
53 47 13
1
56 48 15
2
59 46 5
74 63 10
0
0
1
53 27 5
0
2
38 29 8
73 52 18
2
70 58 3
52 39 11
2
69 51 4
52 35 16
1
62 54 18
0
2
40 35 7
88 65 23
1
35 34 10
5
81 47 2
74 52 4
78 67 6
46 37 15
50 38 18
1
59 37 5
0
3
77 47 5
79 68 9
53 48 15
0
1
54 35 12
1
67 59 4
0
1
63 44 18
1
83 74 11
1
61 41 13
1
58 48 14
0
1
75 59 18
2
68 56 10
74 56 15
1
74 51 14
0
1
69 49 24
4
55 40 2
73 57 13
60 52 14
54 44 24
3
56 37 9
56 39 17
71 58 19
2
63 43 1
64 45 17
0
0
0
3
85 59 2
73 48 4
62 49 24
0
1
65 51 18
3
67 55 2
33 26 4
71 61 13
1
78 60 1
2
63 51 2
69 61 20
0
1
73 53 24
1
63 56 12
2
56 45 12
69 64 17
0
4
84 52 17
66 53 18
75 62 20
66 54 23
0
3
86 77 0
80 55 6
52 46 12
2
69 48 12
89 77 20
1
74 63 17
0
1
54 36 8
2
63 49 2
41 29 14
3
64 53 9
82 71 17
85 59 19
0
2
67 45 3
62 40 4
1
77 81 5
2
76 58 4
42 34 19
1
75 52 9
0
1
58 46 10
0
1
69 43 3
1
78 63 9
1
76 61 12
2
51 39 0
74 76 9
0
2
66 57 12
73 58 13
1
88 66 14
1
75 63 10
4
99 73 0
76 66 5
75 67 11
57 43 24
1
71 63 11
1
75 69 21
1
71 50 13
2
68 48 1
64 41 3
1
62 46 13
0
2
97 62 12
54 42 19
1
96 78 13
0
0
2
73 62 11
90 75 15
0
2
100 78 0
68 50 2
0
1
77 47 24
1
93 76 24
3
71 46 2
37 32 5
80 61 11
2
60 46 4
74 62 24
1
69 56 1
0
1
90 69 0
2
77 55 12
67 52 13
1
69 56 18
3
60 44 1
64 47 12
88 79 15
0
0
1
73 47 5
1
80 62 4
0
2
72 63 2
68 53 10
2
73 55 0
61 41 14
1
50 22 13
0
2
45 40 4
71 69 12
0
1
75 70 13
2
56 37 7
74 65 11
1
87 62 24
1
62 45 13
0
0
1
64 40 17
1
103 79 10
2
64 52 18
102 87 24
0
0
1
77 60 18
0
2
75 72 7
80 60 21
2
67 63 4
47 27 19
0
0
1
95 86 6
0
2
95 74 0
110 91 2
1
80 77 12
0
2
63 40 0
82 78 9
2
97 74 3
86 68 13
1
87 59 9
0
1
67 51 20
1
86 84 5
0
1
83 69 12
0
1
34 24 3
1
61 45 21
1
80 70 18
1
80 60 4
0
2
124 101 0
83 74 14
0
0
1
74 67 24
1
88 60 1
0
4
68 54 1
57 54 2
66 50 3
83 74 4
1
98 82 21
0
0
0
2
101 54 4
86 70 12
1
86 50 6
2
90 70 2
74 52 13
2
97 71 5
84 76 7
2
98 91 9
49 46 13
0
2
92 90 9
106 90 11
1
86 58 12
1
73 51 12
1
84 73 6
0
1
59 42 13
1
102 90 14
0
1
73 68 10
0
1
90 76 18
1
115 85 4
2
93 79 11
91 79 24
1
79 51 18
1
65 50 15
4
72 49 6
92 64 9
77 54 13
98 75 20
0
1
83 62 15
1
75 62 21
0
0
2
64 55 16
68 58 24
1
106 87 8
3
66 50 0
89 53 9
108 79 24
2
91 67 5
90 88 13
1
90 67 1
0
1
72 59 18
2
85 71 1
85 74 5
1
88 80 14
1
108 97 17
3
95 103 13
90 64 14
86 64 21
1
95 89 22
0
0
1
117 96 22
4
80 62 2
110 89 3
90 70 5
62 41 7
0
1
89 78 7
0
0
0
1
106 86 18
0
1
95 78 13
1
82 80 18
4
92 64 9
95 72 11
91 76 14
110 72 21
0
0
2
91 78 13
93 86 22
2
121 87 3
84 72 18
1
96 84 13
2
86 70 15
125 101 17
1
74 68 20
1
88 63 13
2
97 66 9
103 68 13
2
95 72 14
79 65 15
3
79 61 4
80 60 5
85 69 12
2
62 51 11
78 65 17
3
90 70 0
60 64 12
111 64 18
1
96 80 2
0
2
95 96 1
99 90 11
1
144 113 19
1
109 82 1
2
69 50 15
75 64 24
0
0
2
100 83 2
95 79 7
1
79 61 18
1
93 85 9
1
91 77 15
1
126 101 17
1
105 88 19
1
102 83 13
1
102 68 15
2
90 78 17
111 97 24
3
89 71 2
115 102 4
66 53 11
0
0
5
77 77 3
88 80 4
87 69 13
98 79 18
91 59 24
0
2
94 69 2
77 69 9
0
2
93 90 14
102 94 24
3
125 97 11
89 78 12
107 68 20
2
136 117 14
98 89 19
1
72 53 4
0
1
79 62 20
3
82 67 9
102 94 12
97 72 18
0
0
1
81 76 9
5
77 54 1
107 67 12
99 69 19
94 72 20
84 65 24
0
1
68 57 14
0
2
100 74 2
78 70 15
0
2
89 66 4
54 41 11
1
90 77 18
0
2
117 100 2
109 81 6
1
95 88 12
0
1
116 107 1
2
123 83 11
113 84 15
2
109 83 7
79 69 9
1
96 77 8
1
105 81 21
1
59 47 12
4
141 105 3
108 98 4
77 67 13
60 37 24
0
1
90 74 4
2
89 89 3
94 71 11
0
1
50 34 5
2
55 48 9
83 66 14
1
112 119 2
0
4
131 120 2
95 75 10
110 86 14
144 126 24
1
108 100 8
0
2
120 89 1
95 75 3
0
1
96 82 20
3
100 97 1
63 52 2
102 72 17
0
0
2
44 31 12
97 78 13
1
99 102 4
1
79 60 7
0
2
82 61 2
80 72 16
2
79 65 4
111 101 17
2
72 59 9
128 91 18
4
74 60 1
125 95 13
136 84 14
74 77 18
1
100 80 4
1
81 69 9
1
113 85 22
0
2
88 66 6
98 89 9
0
4
93 68 0
92 72 10
123 89 12
85 62 14
0
0
1
129 97 4
1
68 51 6
0
2
102 91 11
74 51 15
1
99 58 12
0
1
130 101 2
1
111 84 12
0
2
82 67 9
124 114 20
2
133 109 14
73 62 21
0
3
124 145 4
98 76 5
106 89 11
0
0
0
3
80 48 2
80 68 13
95 80 15
1
122 94 20
0
3
109 79 0
137 99 6
77 60 17
1
47 29 15
2
91 83 13
99 90 21
1
94 67 9
0
0
1
106 81 4
2
99 86 4
112 98 6
0
1
130 89 22
1
95 84 8
1
123 94 1
0
2
128 102 9
83 74 15
3
52 45 19
127 90 21
116 90 24
1
109 91 16
0
3
95 74 11
116 74 20
115 108 24
2
96 71 5
93 88 21
0
0
1
124 71 13
3
102 78 9
80 67 10
142 116 12
3
138 128 2
78 66 9
151 81 24
0
1
104 63 10
2
106 70 6
114 81 10
0
0
3
129 91 4
108 73 9
137 122 19
2
104 103 4
122 101 22
1
93 102 6
2
125 111 3
44 31 20
2
129 90 12
59 49 13
2
119 112 0
102 96 13
0
2
142 103 1
106 80 24
0
0
2
103 88 1
122 110 18
1
108 71 17
1
117 100 15
2
113 66 14
113 84 15
2
120 84 16
165 109 17
0
3
84 55 2
139 101 3
87 61 9
0
0
0
1
120 91 9
0
2
120 83 11
128 93 22
1
73 75 1
0
0
1
107 85 21
1
119 116 5
4
88 81 3
115 97 13
132 126 14
96 78 22
3
115 103 3
154 105 11
149 118 15
1
103 89 18
2
105 83 10
141 154 13
1
131 121 15
2
171 148 2
124 91 21
1
88 75 17
3
133 105 3
127 110 19
149 126 23
0
0
2
133 95 5
103 92 15
2
129 118 5
103 88 24
1
101 70 13
3
128 86 0
109 89 14
95 89 24
0
0
2
86 55 10
142 118 24
0
3
111 82 9
156 158 11
138 103 18
0
3
121 83 10
117 95 11
139 89 13
3
113 93 0
127 96 5
142 111 13
2
115 103 20
102 80 21
1
110 86 21
1
152 117 11
0
0
2
120 91 0
135 117 10
3
130 129 2
102 92 3
169 147 14
3
120 75 1
132 91 9
114 87 13
0
2
137 99 3
150 105 4
0
3
110 108 14
139 113 16
102 76 21
1
191 123 21
2
111 74 19
116 95 24
4
116 71 1
92 67 2
148 125 15
117 104 23
0
1
188 155 5
1
84 69 14
1
125 109 2
1
102 79 13
1
133 111 10
2
115 91 1
74 60 5
0
0
2
152 129 10
136 104 20
1
130 93 10
3
141 144 7
112 125 12
113 105 13
1
116 110 24
1
93 63 2
2
140 109 5
149 122 13
3
82 71 3
158 140 5
113 82 15
3
155 143 1
142 96 4
128 135 15
0
0
1
104 73 14
0
3
124 111 2
107 79 3
132 115 20
1
109 79 1
2
132 125 5
106 92 11
1
114 95 20
2
146 127 4
107 81 13
1
103 77 4
2
138 107 11
126 86 15
1
90 89 9
1
126 99 22
1
137 96 22
3
118 84 6
142 123 15
92 63 20
2
116 98 11
144 111 24
3
119 97 3
140 110 4
144 125 13
0
0
2
131 138 4
104 92 5
3
131 115 5
142 113 14
132 107 18
1
146 128 11
2
116 105 9
114 100 21
1
75 69 0
1
109 80 9
0
3
104 80 4
127 90 11
116 83 24
2
104 62 1
110 90 20
2
120 94 21
123 86 24
0
0
1
163 119 17
0
1
129 99 10
2
114 100 2
145 106 6
2
126 91 11
126 107 19
1
147 97 18
2
105 83 10
139 122 18
1
91 62 8
2
110 101 9
117 73 14
3
144 105 4
146 126 13
82 66 24
2
140 104 12
159 142 15
2
144 94 3
156 134 6
2
123 93 20
111 77 24
3
184 121 3
107 81 11
138 115 22
2
127 95 15
138 108 24
0
0
1
124 77 15
3
145 140 4
137 83 11
102 90 13
0
0
1
145 116 9
1
145 110 4
2
109 86 2
129 128 9
3
103 69 2
103 95 5
149 137 10
0
0
0
1
120 104 18
1
120 86 12
0
2
134 107 3
147 136 6
1
127 121 9
2
124 107 0
116 67 2
0
0
1
158 139 17
0
0
1
170 135 21
0
0
1
97 89 1
1
144 127 18
5
178 127 1
106 58 3
151 148 14
119 96 15
113 101 21
2
99 92 9
135 121 21
0
2
147 123 2
169 108 15
1
175 120 15
1
97 78 12
2
122 106 11
145 114 22
2
163 142 0
141 149 20
0
2
111 100 12
136 106 14
0
2
141 105 17
157 123 21
0
2
98 77 12
77 66 17
2
167 162 3
155 137 9
1
111 85 3
0
3
126 103 9
140 107 11
153 109 18
0
1
171 141 13
0
1
154 136 16
0
2
115 111 4
121 106 5
1
119 91 5
1
139 123 12
2
121 119 4
149 106 24
1
154 131 6
1
142 106 3
0
1
112 90 6
1
161 158 11
1
130 82 13
0
1
84 75 6
0
1
129 124 12
1
118 84 7
1
180 109 5
1
165 131 17
2
88 63 2
135 126 13
1
122 80 4
0
0
3
185 143 3
126 78 13
134 97 24
2
118 107 4
170 140 21
0
2
128 84 2
164 125 21
3
115 96 5
100 85 19
110 77 24
0
1
119 91 2
2
168 136 0
154 121 6
0
1
132 104 6
2
156 112 20
191 137 24
1
149 125 13
1
140 112 10
1
136 93 21
1
182 129 13
0
1
155 128 10
1
115 78 20
2
105 79 10
136 107 13
2
127 112 4
123 101 9
3
168 119 2
141 97 3
148 98 8
1
149 109 3
1
144 121 3
1
113 83 19
3
139 122 4
154 135 13
176 154 19
2
111 99 3
149 102 4
1
171 154 18
1
191 170 13
1
149 130 18
1
134 110 9
0
0
0
1
153 110 5
1
151 113 13
2
160 138 17
161 114 21
1
156 124 5
1
125 103 1
3
146 144 7
110 85 18
83 68 19
0
0
1
149 156 8
0
0
0
1
157 161 10
1
158 118 24
2
154 118 4
133 106 21
2
129 95 5
173 125 15
1
143 115 12
1
101 55 5
2
145 107 0
167 127 24
1
177 148 4
2
118 86 13
139 121 21
1
185 166 0
3
145 120 0
173 142 10
195 155 22
3
118 110 2
162 127 7
153 134 9
1
172 168 22
1
146 98 13
3
147 112 2
153 102 6
175 144 9
1
175 155 1
3
153 110 5
180 154 14
252 218 15
0
2
162 131 0
107 92 24
0
1
150 92 0
1
128 121 5
0
1
101 76 8
1
195 155 5
1
114 86 12
3
91 68 10
89 64 13
170 113 24
2
174 156 12
127 88 14
2
151 140 5
178 140 19
1
166 161 14
1
138 102 20
0
0
2
198 173 6
131 106 14
3
151 126 10
179 159 11
165 137 20
0
2
137 87 4
121 86 23
1
112 80 24
2
222 194 0
158 131 9
0
1
145 101 13
0
0
0
3
162 149 3
183 143 5
258 224 6
3
139 123 9
184 119 12
182 157 15
2
206 125 11
141 107 14
1
242 194 10
0
3
188 174 2
160 112 3
211 163 18
0
1
140 134 22
1
149 96 12
0
2
139 117 5
168 130 17
3
148 132 0
147 135 4
100 69 24
