6 8 3 6 5 5 7 1 5 6 6 2 6 3 5 5 6 1 2 4 4 4 2 2 5
0
0
4
10 8 1
4 4 10
8 6 15
7 6 19
2
8 7 12
9 6 16
0
2
9 6 3
10 7 12
1
7 6 22
1
7 6 10
2
8 6 3
11 8 9
0
0
3
8 6 0
8 6 15
9 9 20
0
0
0
2
11 10 5
11 9 9
3
13 11 10
4 3 13
11 9 16
1
13 12 6
2
13 11 1
9 7 4
3
9 6 1
8 7 8
11 11 22
1
7 6 21
2
15 10 14
9 6 15
1
14 11 6
3
13 11 6
7 5 10
8 5 24
0
0
1
11 9 9
1
13 10 0
2
14 11 1
11 10 14
1
14 10 5
0
0
0
1
11 8 13
1
14 13 3
2
16 14 0
12 9 13
1
14 11 23
2
14 12 5
21 19 15
0
1
12 9 0
5
19 11 0
13 9 2
19 15 10
13 12 13
12 11 16
1
11 7 15
2
15 10 1
12 10 22
0
1
14 12 4
1
13 11 7
1
17 13 1
1
19 14 14
1
17 12 16
3
17 12 4
7 5 8
12 11 19
2
9 8 2
17 12 13
2
13 10 12
12 10 20
0
0
1
20 14 22
5
16 12 1
12 8 3
11 9 15
22 14 16
16 13 19
1
19 15 1
0
1
21 16 5
2
16 14 1
18 11 3
2
9 5 12
21 15 15
1
15 13 12
0
1
15 11 6
3
11 9 1
13 10 9
18 12 10
0
1
17 13 4
0
1
16 16 3
2
18 15 6
19 19 20
0
3
16 10 1
17 12 3
19 14 10
0
0
0
3
22 13 18
17 10 19
17 11 24
1
16 15 21
2
18 12 0
14 9 1
1
20 16 6
1
27 22 21
2
27 23 1
29 24 3
2
18 12 6
20 16 12
2
18 15 0
21 14 16
2
19 15 6
18 14 7
2
25 21 12
24 16 19
1
19 17 24
2
26 21 12
23 17 20
4
19 12 9
17 11 10
18 17 14
21 20 20
1
20 15 20
0
3
15 11 8
20 15 18
21 15 21
1
14 8 16
2
15 14 5
22 13 10
0
2
20 18 16
26 20 17
3
21 17 8
27 22 16
24 15 23
1
23 20 0
0
1
21 14 16
2
28 17 2
28 18 5
0
2
21 15 12
21 17 14
2
17 14 0
25 22 4
0
2
26 25 6
23 18 12
0
1
21 17 24
0
0
1
25 28 1
1
29 27 17
1
24 20 16
2
19 18 0
21 15 13
2
28 23 4
26 24 19
1
20 17 4
0
1
25 19 4
0
1
27 19 8
1
24 18 24
0
3
31 26 0
17 15 1
21 17 10
0
5
26 25 4
20 21 5
22 19 7
28 29 14
23 21 16
0
2
27 24 3
21 20 24
4
25 21 0
22 16 1
30 27 12
9 7 16
2
26 18 15
20 19 22
1
30 22 3
3
24 20 3
20 13 4
24 26 6
1
24 19 14
3
31 26 3
28 22 10
20 16 18
0
0
1
29 27 6
2
15 12 6
26 17 16
3
32 22 2
29 20 4
18 13 24
2
25 19 20
22 17 21
2
21 17 4
12 8 24
1
22 22 12
3
24 19 3
34 22 5
19 18 12
0
2
39 29 1
33 25 6
1
25 20 3
2
39 29 0
32 28 5
3
29 24 5
32 25 8
28 24 9
3
29 26 9
37 31 12
32 20 24
2
21 15 8
23 16 9
1
33 33 5
2
31 24 12
22 20 13
1
39 24 8
0
1
28 19 19
0
0
2
34 30 15
24 19 18
4
37 29 4
33 21 6
23 16 14
38 29 15
1
19 14 0
1
35 29 8
1
22 16 24
0
1
32 24 16
1
40 26 19
1
28 26 24
1
40 28 15
0
2
33 32 8
23 18 10
2
37 32 11
29 24 16
1
39 30 21
1
39 24 12
1
25 20 15
1
35 25 24
1
40 29 11
1
43 32 16
0
2
30 25 0
18 12 1
2
36 27 3
42 31 24
1
34 28 0
0
2
19 12 4
43 39 19
1
43 35 12
2
30 28 0
41 39 16
0
1
38 34 24
2
35 31 5
47 32 11
2
41 29 5
29 27 17
1
24 15 7
0
3
47 37 4
31 26 6
36 25 24
1
35 28 6
1
32 29 3
2
33 25 6
51 39 14
1
25 19 15
0
0
0
3
40 26 3
26 20 4
32 26 14
1
41 27 14
1
40 31 24
1
31 23 0
1
37 33 6
3
35 27 1
38 27 4
36 31 13
2
38 28 19
42 36 24
0
1
25 22 14
4
31 24 9
45 37 11
48 29 15
46 36 16
1
41 34 15
0
0
1
38 33 16
1
51 42 19
0
0
2
33 34 6
39 27 15
1
34 25 24
1
37 30 6
2
54 46 5
40 31 9
0
2
30 26 2
43 35 21
1
43 42 1
1
29 23 19
2
37 28 9
34 22 19
1
39 33 14
1
33 29 9
3
46 43 1
45 29 6
50 37 11
1
50 37 14
1
47 31 8
2
30 26 9
24 20 12
0
1
30 24 22
3
45 44 6
26 27 15
41 30 24
0
1
31 28 14
1
40 29 19
0
1
40 35 15
0
0
1
34 25 5
0
0
0
0
0
0
0
0
0
1
47 32 5
0
1
54 37 0
1
44 35 4
1
65 53 17
1
48 33 21
0
3
43 37 9
49 37 13
35 29 24
0
1
39 28 1
1
37 29 20
0
4
53 42 3
47 42 10
24 15 15
35 29 23
1
40 42 16
0
4
40 27 9
45 41 14
28 22 16
48 42 24
1
31 19 0
1
40 32 9
2
54 39 6
50 36 8
0
1
61 44 14
0
1
48 43 1
3
43 34 0
56 35 6
59 45 11
0
0
2
62 55 3
48 41 19
2
43 36 2
62 46 14
1
54 41 15
0
0
1
58 41 13
2
22 16 1
47 41 9
1
49 40 5
0
3
39 28 1
34 31 6
38 32 15
1
70 63 24
3
48 30 13
48 39 14
43 35 16
1
42 34 1
2
67 51 15
39 35 19
0
3
55 47 6
63 38 8
45 36 14
0
3
62 52 5
58 50 12
49 48 21
1
51 43 4
0
1
46 33 1
0
0
1
60 45 3
0
0
1
54 47 12
0
0
0
4
45 30 8
61 58 9
35 30 10
56 41 12
4
56 44 0
63 59 2
51 36 5
38 36 6
1
68 61 1
1
64 51 24
1
42 34 0
2
42 38 14
51 34 16
1
64 54 21
2
50 44 0
49 41 6
2
54 48 3
51 42 10
2
36 30 13
56 47 15
0
0
1
57 45 18
0
3
53 39 6
35 30 13
63 37 19
1
48 43 10
1
61 57 0
0
1
45 42 9
1
47 41 16
1
39 30 14
2
43 30 10
47 34 13
0
1
60 52 11
5
62 52 0
48 34 2
61 44 7
63 60 10
80 69 21
2
60 48 14
37 34 20
2
63 44 5
62 49 19
0
1
37 37 1
0
1
79 58 16
1
35 29 15
2
45 33 4
58 43 21
3
56 48 0
85 64 2
49 37 8
1
60 41 13
2
52 40 9
66 50 19
1
39 25 0
1
34 29 1
1
57 50 20
1
62 53 19
1
61 45 9
1
89 85 24
2
58 53 10
56 40 22
2
66 50 17
80 60 20
0
2
58 49 3
35 23 9
1
36 32 3
0
0
2
72 67 1
79 68 15
1
72 54 0
1
48 41 1
0
2
48 39 3
52 30 16
0
1
71 52 12
1
53 48 24
3
57 46 2
51 33 14
63 48 15
0
1
60 54 12
1
95 71 13
2
68 59 5
69 53 9
1
66 45 17
1
66 40 21
1
74 51 20
4
60 52 6
60 43 10
42 39 13
76 60 16
0
0
1
64 49 3
2
45 33 8
78 59 9
0
2
53 34 14
76 66 19
2
63 57 2
62 52 5
2
69 52 3
64 52 15
2
77 53 0
48 45 1
0
0
1
57 39 2
3
66 58 1
60 44 5
74 53 12
2
49 42 4
54 36 16
1
81 71 0
4
56 34 4
81 71 8
55 47 15
71 64 24
2
47 41 10
54 45 22
1
57 44 2
1
51 41 6
1
74 64 24
1
82 65 6
1
66 51 9
0
3
65 44 5
52 46 12
63 46 16
1
71 57 1
0
1
79 55 5
1
69 61 10
0
2
66 50 6
59 51 24
1
71 56 7
2
43 28 0
83 66 20
0
1
64 50 3
1
71 49 3
0
2
61 50 6
68 53 14
3
54 37 6
57 40 10
55 52 24
1
65 58 3
1
80 69 15
1
110 83 12
2
70 50 3
46 48 8
1
73 55 1
1
82 61 8
0
2
54 43 1
44 28 21
0
1
62 57 1
0
0
2
74 66 0
65 58 16
1
76 66 5
0
1
61 42 5
0
0
0
0
1
74 69 0
0
3
91 71 10
50 32 12
99 75 15
0
0
0
1
56 36 4
2
75 71 8
92 74 12
0
0
0
0
0
2
38 26 12
55 46 15
2
80 50 0
69 59 12
1
65 42 16
1
79 47 20
0
1
49 42 3
1
84 61 16
1
57 49 3
2
59 46 13
73 62 20
1
83 71 0
1
63 55 8
1
49 39 1
0
1
103 76 15
0
0
1
56 40 16
3
86 60 0
73 67 10
70 61 16
2
78 64 8
87 54 10
0
1
66 56 8
2
97 63 2
89 68 8
0
2
59 59 2
77 70 3
1
87 65 19
0
0
1
75 62 6
0
1
80 49 4
1
54 46 24
1
86 70 16
1
59 37 1
0
0
1
80 56 23
1
77 65 6
0
0
1
72 58 12
0
0
2
49 32 1
100 85 5
0
1
58 44 6
1
101 79 4
0
3
63 49 6
75 53 9
68 54 24
3
89 74 4
60 31 6
96 80 8
2
69 51 0
94 84 19
1
73 68 8
0
0
1
87 60 12
2
64 46 1
69 39 22
1
86 80 3
1
104 81 20
0
1
45 39 10
0
0
1
83 70 4
1
70 58 21
0
2
97 85 4
79 66 14
0
0
3
84 65 8
97 74 19
54 44 21
1
96 78 21
0
0
4
75 56 3
74 68 12
98 74 19
74 61 24
1
108 82 16
1
104 66 21
2
63 50 0
91 72 8
0
3
44 32 1
93 79 14
100 79 16
1
110 93 16
0
0
1
72 62 13
3
108 91 6
58 43 16
98 76 23
0
1
71 63 15
2
95 82 4
108 80 24
2
54 47 12
82 68 23
2
94 78 11
126 100 23
0
3
97 72 0
66 54 2
94 76 8
0
1
102 82 13
1
67 53 24
1
103 66 4
0
1
65 58 15
0
1
81 71 1
0
1
62 50 1
0
0
3
98 76 2
73 63 19
80 58 24
1
84 74 1
0
1
95 63 14
1
58 44 3
0
1
80 60 16
1
57 38 13
3
73 55 14
105 85 19
86 77 24
1
119 97 3
0
1
61 54 0
2
100 60 3
48 41 20
2
68 50 6
75 62 9
2
55 41 6
89 80 15
0
0
0
1
91 60 10
3
106 64 0
82 50 5
64 35 21
0
2
112 70 12
77 63 19
0
0
0
1
93 79 11
3
101 89 1
105 90 8
115 85 24
0
0
2
92 80 1
85 70 12
4
88 61 0
108 80 3
84 70 16
125 101 24
1
99 74 0
0
2
92 64 4
70 61 15
1
101 86 12
0
0
0
0
2
150 116 0
116 90 20
0
2
112 102 1
78 62 6
1
79 68 8
1
85 60 22
0
1
67 50 12
0
3
80 56 14
82 57 16
120 106 19
1
101 83 4
2
100 78 15
73 49 21
0
2
95 75 9
106 80 15
4
84 70 1
107 88 5
142 114 13
100 93 18
1
101 84 24
2
72 59 1
97 60 14
3
101 88 9
130 97 16
79 72 23
0
1
86 63 9
0
0
1
103 82 20
2
114 102 0
122 108 19
1
68 58 5
3
106 98 3
93 74 5
104 101 11
0
1
147 112 14
2
95 62 3
107 104 12
1
128 89 12
1
141 135 15
1
130 132 24
0
1
107 84 15
1
94 67 6
1
109 75 15
1
131 103 7
0
0
0
2
78 67 1
80 68 5
1
111 84 1
0
0
2
108 94 0
86 58 12
3
99 95 1
120 98 6
109 88 9
2
94 76 7
135 106 8
1
125 112 3
1
116 73 6
3
99 70 0
131 113 14
65 47 16
1
102 57 8
4
63 51 0
65 51 1
85 61 5
82 58 10
0
1
123 109 7
0
0
2
135 107 9
102 65 12
1
135 83 1
2
122 99 5
58 60 8
0
0
1
120 101 1
1
135 135 12
0
1
102 82 19
0
1
81 88 6
1
108 95 1
0
0
2
95 59 13
103 87 20
0
1
157 130 4
1
127 105 17
0
0
3
126 92 4
66 52 15
109 62 20
0
1
97 89 2
1
151 100 4
1
100 74 12
2
120 91 3
102 60 24
0
0
2
106 89 3
149 110 16
2
164 144 10
108 87 17
1
103 100 24
1
132 91 20
2
98 71 3
102 95 16
2
140 111 6
85 69 21
1
97 74 7
1
141 108 21
1
142 88 0
0
1
126 99 1
2
109 89 0
99 76 21
1
109 93 10
0
0
2
89 64 1
77 50 2
4
82 54 5
99 83 10
112 67 19
130 99 24
1
132 110 16
1
104 83 12
0
0
0
0
0
1
123 86 21
1
152 132 9
3
109 88 6
97 67 10
92 65 24
0
1
106 87 14
0
2
121 88 16
68 61 21
2
107 111 19
117 71 20
1
65 61 24
0
1
129 87 21
1
104 104 6
2
127 113 11
79 66 16
0
0
0
0
1
106 69 12
1
142 116 4
1
115 82 14
2
124 104 8
106 97 9
1
125 93 12
0
1
94 67 3
2
107 69 17
112 117 19
1
136 87 10
1
109 107 1
1
103 77 20
2
141 112 0
119 90 24
3
104 77 9
116 105 22
81 76 24
0
0
1
123 60 0
1
86 72 6
2
124 100 13
39 31 15
0
0
3
91 84 19
148 142 21
93 70 22
2
131 105 1
116 85 12
2
95 71 5
119 87 10
0
3
149 102 1
87 53 15
78 63 21
1
122 86 8
0
2
156 136 3
103 88 5
2
135 115 9
121 102 13
0
3
111 93 5
137 105 12
141 93 16
2
159 119 8
139 95 14
1
167 104 4
1
146 106 17
0
1
150 121 8
1
170 131 17
2
136 106 4
123 109 10
0
1
127 89 2
1
55 39 16
0
0
3
154 118 10
117 111 14
107 79 15
2
136 108 8
82 70 14
2
131 115 8
121 98 16
1
145 96 10
2
93 77 8
120 112 15
1
136 115 6
0
1
102 65 24
1
117 92 18
2
92 68 3
111 98 6
1
107 77 6
1
138 127 16
1
134 97 16
1
142 132 3
0
1
114 89 8
0
0
1
81 78 16
3
100 75 0
119 84 12
148 107 16
3
160 97 1
133 78 8
96 68 10
0
0
0
2
148 79 4
94 79 21
1
177 176 20
2
142 105 3
111 90 22
2
146 107 3
123 107 19
1
122 99 3
2
141 111 10
121 90 21
0
2
130 103 1
93 85 15
1
93 64 5
0
1
140 96 21
1
115 70 16
1
125 98 3
0
0
1
115 74 9
1
118 83 2
1
150 108 3
2
159 126 4
111 101 14
2
77 55 7
127 95 15
2
77 57 0
98 88 6
1
41 34 20
1
88 76 11
2
81 61 8
68 54 12
2
144 105 8
102 85 19
1
132 97 24
2
169 149 6
125 83 10
0
1
152 150 11
0
3
139 96 4
126 92 20
148 114 21
3
151 137 1
180 156 16
108 96 24
1
143 107 3
0
0
0
1
124 93 3
2
125 112 10
116 126 14
0
0
1
127 111 3
0
1
148 129 9
1
166 154 5
0
2
144 104 5
130 93 6
2
97 79 5
132 120 19
3
111 75 6
145 99 11
160 129 16
0
1
124 114 5
2
114 87 12
113 88 15
1
126 102 8
2
161 72 1
168 103 21
2
138 115 9
113 98 14
0
0
1
147 118 5
3
82 73 10
150 112 16
132 79 20
1
116 90 22
0
2
136 119 20
94 81 21
1
127 126 19
1
123 95 23
1
92 73 1
1
127 116 2
2
145 115 2
121 87 23
1
161 121 19
0
1
141 119 11
3
128 98 12
142 107 13
158 132 14
1
131 91 0
3
115 94 1
176 143 16
129 120 21
0
1
111 117 14
1
137 99 16
1
142 117 9
0
1
93 83 1
1
134 105 24
0
2
110 77 6
145 110 11
3
140 114 6
132 131 10
155 137 11
0
0
0
3
145 144 10
137 148 15
184 160 21
0
0
1
122 103 5
3
132 93 3
144 88 15
137 76 24
0
1
144 122 11
1
117 79 13
1
173 137 6
0
3
151 124 4
128 101 16
167 108 19
3
115 92 4
164 151 19
121 91 21
0
3
109 86 3
117 114 6
102 77 10
2
94 74 19
138 102 20
3
88 66 8
136 104 13
125 86 16
1
113 94 3
2
139 86 1
169 126 3
1
84 81 18
1
181 168 13
1
135 129 4
0
1
106 71 10
1
155 169 0
3
120 82 3
167 125 11
157 124 22
2
148 94 1
132 114 24
1
110 86 1
1
96 76 4
0
0
2
147 91 2
140 125 8
0
2
150 124 1
140 113 12
0
2
164 115 9
143 141 10
2
160 129 0
154 149 24
2
147 106 0
137 104 20
1
144 113 15
1
120 97 12
5
142 127 1
125 102 2
128 95 13
146 127 14
155 131 19
1
121 107 19
0
0
2
163 92 1
127 119 22
2
185 126 6
99 79 16
4
107 89 0
145 92 15
106 75 16
163 158 22
0
0
0
1
189 159 5
0
3
98 84 1
63 45 6
231 206 12
0
0
1
155 120 15
1
125 98 11
2
133 143 8
139 92 17
1
133 84 22
2
138 110 4
153 125 6
0
1
136 91 1
0
0
2
163 137 9
158 131 20
0
0
3
171 138 0
165 123 8
185 137 10
0
0
0
1
144 117 0
0
1
113 83 12
1
114 84 15
1
110 100 10
1
130 84 20
1
134 95 16
1
154 129 2
3
153 122 0
113 102 11
133 110 24
0
0
1
123 81 0
3
123 93 1
166 135 4
123 76 22
0
2
136 132 5
160 158 23
0
1
172 176 5
2
148 112 19
163 119 24
2
167 125 14
154 115 18
3
94 73 8
176 142 19
132 112 23
1
136 114 8
1
138 125 0
0
1
156 123 16
1
141 115 3
1
167 125 4
1
105 77 1
1
174 110 3
3
141 124 4
150 100 6
121 105 14
2
139 97 17
124 89 24
0
1
190 167 4
1
130 115 10
0
2
154 145 4
189 165 20
0
1
147 122 21
0
0
0
0
1
127 88 2
2
174 116 3
118 101 14
0
0
1
196 155 20
1
154 130 0
1
83 53 18
1
171 124 1
0
4
158 116 0
183 96 1
167 139 2
170 138 15
4
130 97 1
126 113 12
102 74 14
117 99 22
0
1
184 108 1
1
174 124 2
2
156 115 6
122 93 9
0
2
137 113 1
203 149 8
0
0
1
131 82 11
1
138 106 4
0
0
0
0
0
1
160 149 8
2
202 174 7
153 133 8
1
140 108 9
0
0
2
209 140 12
139 123 15
