5 6 2 2 4 7 7 5 2 1 4 5 8 8 1 2 8 2 3 8 5 8 4 7 7
1
6 4 13
1
9 7 19
0
0
0
3
9 7 5
7 5 18
9 8 19
0
1
10 8 21
0
0
3
7 5 5
9 8 6
8 7 24
1
9 7 14
2
11 9 16
15 8 23
1
10 7 10
0
1
8 7 6
1
10 9 12
0
0
1
14 13 23
1
11 8 21
1
10 9 6
1
6 6 15
0
3
8 7 1
12 10 18
10 8 24
1
11 8 20
0
1
9 8 19
0
1
13 11 23
2
8 6 4
13 11 24
1
9 6 22
0
1
11 9 13
3
8 7 5
13 13 7
10 9 23
1
14 13 0
1
12 9 23
0
1
13 9 12
4
13 11 1
12 8 2
7 6 7
11 8 18
1
13 9 24
1
15 13 19
1
15 11 6
1
13 8 16
0
2
11 7 11
15 13 13
3
14 10 7
16 13 13
17 12 23
0
2
16 11 5
13 10 16
0
1
18 13 0
0
0
3
15 11 7
22 16 13
22 21 19
3
17 12 12
17 17 13
17 14 21
2
12 12 7
10 8 20
1
13 13 13
2
14 12 5
12 10 24
0
0
1
21 18 12
1
17 13 22
2
12 9 3
16 12 9
1
14 10 24
1
14 12 1
1
17 14 0
0
0
1
20 16 11
4
12 11 9
16 11 17
21 13 18
18 12 24
1
14 14 10
1
24 18 1
0
1
15 14 22
1
23 16 1
1
23 18 5
1
18 11 6
2
21 18 0
18 14 24
1
22 17 14
1
20 14 11
1
17 15 5
1
11 10 0
0
2
21 16 2
16 12 16
0
2
24 16 4
20 15 21
2
13 10 11
20 16 21
0
3
24 18 1
13 9 22
17 15 23
1
24 23 4
2
21 13 13
20 15 24
3
22 19 13
20 16 21
19 16 23
3
28 26 6
22 15 10
22 17 16
0
1
21 16 12
1
33 25 22
0
0
0
5
31 25 7
18 15 13
18 13 19
25 21 23
16 14 24
0
1
19 17 16
2
22 17 15
29 24 19
0
2
22 18 12
25 20 24
1
22 16 12
2
23 18 11
22 16 22
2
29 22 18
28 25 20
0
0
1
22 16 13
2
24 19 6
35 25 23
4
21 15 2
23 21 13
30 25 20
25 19 22
0
1
25 21 0
2
26 20 12
22 18 23
2
25 18 6
40 25 21
1
24 21 1
0
3
27 20 13
22 14 19
27 19 24
1
31 22 19
2
24 18 17
24 21 22
3
23 15 5
33 26 6
25 19 7
1
28 20 21
0
1
28 25 17
3
21 12 12
27 21 13
15 12 24
3
33 35 7
20 14 20
29 24 21
1
20 16 10
2
30 24 0
27 18 12
4
27 23 5
23 17 6
23 21 13
21 17 21
2
31 22 10
18 13 16
0
0
0
3
24 18 0
27 22 5
25 20 7
3
41 34 13
25 23 16
34 32 21
2
26 18 12
30 22 23
2
29 25 1
31 28 11
1
33 28 10
1
29 21 5
3
35 22 5
22 14 13
21 15 19
3
27 22 5
23 20 13
25 19 21
3
26 18 8
28 17 12
25 11 20
2
31 24 21
25 17 23
4
30 15 1
35 32 4
21 21 12
36 30 19
1
25 24 22
0
0
1
22 18 24
2
18 17 6
26 23 10
1
26 21 24
2
26 19 6
35 26 20
0
2
31 18 3
24 23 24
0
0
3
27 27 5
25 21 12
24 18 23
0
0
1
34 25 3
1
27 23 21
4
36 31 0
32 21 1
23 19 12
32 29 24
0
2
31 22 12
20 17 19
1
32 23 5
1
46 34 24
1
38 33 0
1
23 18 24
3
43 42 5
41 39 12
41 32 24
3
36 27 7
27 24 10
23 19 23
2
40 33 5
27 19 16
2
27 23 5
32 24 19
2
26 21 8
43 42 16
1
44 34 5
1
37 28 13
1
19 14 24
1
26 22 22
2
24 19 4
43 32 7
2
33 27 7
35 30 12
1
37 30 21
0
2
33 24 16
32 27 19
2
37 29 16
32 31 22
3
38 29 0
31 22 12
24 19 19
2
33 24 6
29 27 22
1
38 37 19
0
1
40 33 12
4
40 39 5
38 40 12
27 18 19
47 38 20
0
1
42 34 0
1
42 28 13
3
33 24 6
36 28 7
18 15 19
0
3
38 34 10
53 40 16
27 21 23
0
1
41 34 19
2
45 41 21
32 21 23
1
33 29 12
1
43 28 23
4
38 30 4
48 41 12
47 31 13
50 43 21
0
3
42 34 11
41 24 15
44 39 21
2
61 44 13
38 26 19
0
0
1
46 33 6
1
37 33 5
2
47 40 11
36 30 13
0
1
35 25 12
1
42 37 17
0
2
37 31 13
51 42 19
2
40 38 19
37 29 21
2
37 30 19
43 29 23
2
38 29 2
47 35 13
2
47 35 4
39 33 11
1
32 27 21
1
30 26 18
0
2
46 31 10
29 21 20
1
54 41 16
2
33 31 0
31 19 20
0
2
42 31 13
36 35 21
1
18 15 24
2
34 25 0
28 27 24
2
35 30 4
44 27 21
1
50 43 6
1
45 35 20
1
41 31 12
2
54 50 6
44 34 21
3
58 53 16
37 25 23
37 33 24
1
53 41 12
0
1
52 43 24
0
1
25 20 24
0
2
25 21 15
53 42 21
1
24 17 23
0
3
44 35 5
42 25 11
40 33 21
0
1
50 43 19
3
54 48 14
38 30 21
43 29 23
0
2
50 44 14
52 37 18
2
59 49 7
51 28 24
2
44 33 0
49 51 7
1
36 28 13
0
0
0
2
35 27 1
64 54 19
2
39 37 7
28 22 11
0
3
47 38 12
42 35 14
52 40 21
0
0
1
40 34 16
2
35 29 5
44 35 18
0
1
44 42 6
0
1
21 17 0
2
58 46 5
55 37 7
1
46 37 16
2
32 23 0
37 32 6
1
47 37 20
2
50 44 7
46 29 13
1
57 52 19
0
2
59 50 6
57 50 16
2
43 37 8
42 34 10
0
0
1
66 49 13
1
49 36 12
1
46 36 7
0
0
0
2
52 46 5
48 42 21
2
57 50 23
42 33 24
1
53 47 16
0
1
43 46 17
2
53 38 5
65 57 6
0
1
56 47 5
3
57 51 15
59 49 18
43 32 19
2
40 35 11
51 42 13
0
0
3
45 38 1
68 46 22
45 47 23
0
2
54 41 0
66 37 22
1
50 40 16
2
44 40 1
26 21 23
0
1
42 34 19
0
0
1
53 48 21
1
44 37 1
1
56 41 11
1
46 33 24
1
53 47 19
1
64 51 13
1
64 49 12
1
61 51 18
3
73 67 0
64 51 5
74 56 16
1
51 46 4
0
0
1
49 51 12
1
69 57 22
1
66 54 20
2
55 38 4
63 64 12
0
1
58 46 18
3
56 50 4
64 50 15
57 47 20
0
1
70 56 12
1
64 47 16
0
1
73 61 21
0
1
62 50 7
0
1
72 53 12
2
78 43 16
57 42 20
2
59 37 5
66 60 24
0
3
62 54 5
45 34 10
56 43 15
0
1
58 41 20
2
71 56 6
54 40 23
1
69 58 17
2
55 34 11
68 47 16
0
2
47 43 13
53 37 24
2
57 45 1
71 61 20
2
52 43 7
83 68 19
0
0
2
38 25 6
51 41 18
1
54 45 5
1
64 52 18
1
90 66 12
3
66 50 1
64 54 5
52 35 15
1
70 55 12
0
1
73 37 13
3
43 34 0
64 50 6
50 33 7
1
62 60 10
1
43 33 4
0
2
44 34 1
92 58 16
1
49 48 19
2
59 60 10
63 52 21
1
75 52 24
3
60 55 11
53 40 12
67 48 23
0
1
93 87 6
1
72 65 10
2
58 49 6
40 39 23
1
63 53 0
1
62 50 19
0
0
2
62 44 16
50 38 23
2
65 42 0
55 40 1
1
45 39 13
2
58 44 1
56 41 19
2
51 38 1
53 47 12
1
52 29 24
1
66 56 6
3
79 69 5
84 83 8
81 59 18
0
0
1
80 62 4
1
61 46 0
3
68 45 2
36 31 12
51 50 13
0
0
2
42 34 1
64 58 21
2
76 57 5
82 68 11
0
0
1
81 64 13
2
80 66 3
51 33 24
1
33 25 7
0
0
2
70 48 5
71 56 7
1
50 35 10
2
61 58 14
65 46 21
1
58 35 13
3
90 67 6
81 54 16
46 40 19
1
73 63 7
1
68 44 12
2
57 48 20
77 62 21
1
60 48 8
2
70 51 2
78 66 21
2
70 56 13
77 61 21
0
1
80 55 7
1
72 51 23
2
69 49 5
68 54 21
1
79 68 7
0
1
43 34 20
0
0
0
1
76 62 21
3
85 70 6
73 58 15
76 61 19
1
80 57 24
2
82 65 22
36 25 23
0
3
118 87 0
73 64 7
78 61 17
3
90 85 1
81 70 13
70 58 24
2
63 54 12
70 57 20
2
96 65 11
92 92 18
1
76 72 13
0
0
2
65 60 1
68 54 19
0
0
0
2
86 65 5
101 85 19
2
68 65 0
60 46 21
1
75 55 10
2
78 68 7
57 45 13
0
0
1
82 64 22
2
63 47 15
80 68 24
1
71 57 20
1
99 72 23
1
85 79 24
0
0
4
74 59 4
76 54 10
78 66 14
69 54 22
0
2
47 41 7
91 80 13
2
54 42 12
65 48 18
1
101 60 11
2
97 89 13
64 45 17
0
3
65 52 6
103 103 13
101 82 24
1
81 78 21
1
62 58 6
0
0
0
2
81 64 0
60 54 18
0
1
55 44 0
1
90 83 10
4
63 56 2
62 57 8
57 40 13
54 43 16
0
1
88 50 12
1
86 69 21
1
51 35 13
3
108 81 12
59 54 16
58 40 24
1
103 77 4
1
62 49 10
1
66 47 9
4
73 56 12
64 64 20
101 75 21
82 66 24
1
100 71 0
1
97 73 0
0
0
0
0
1
91 75 1
1
93 73 23
0
3
64 63 1
95 89 6
79 52 21
2
89 68 1
88 69 12
1
87 69 23
3
83 58 4
102 72 20
82 62 23
1
82 55 7
0
0
4
78 58 0
99 77 7
71 57 9
120 68 12
2
111 112 0
85 77 21
3
83 77 13
82 59 21
87 87 23
2
93 79 6
92 82 24
2
99 86 2
102 85 23
2
59 43 7
93 84 8
2
81 66 5
87 64 19
2
99 70 11
64 45 12
3
76 70 1
79 68 7
86 68 17
1
106 79 6
2
75 55 7
84 66 13
2
68 61 6
81 65 17
1
108 106 19
1
72 53 0
3
82 51 4
99 62 7
75 57 21
0
3
78 51 6
82 65 12
98 87 16
0
1
95 69 3
1
96 71 18
0
0
3
83 72 1
92 63 6
83 66 16
1
55 45 24
1
72 58 17
2
75 65 16
74 61 20
1
89 64 7
2
70 52 6
73 61 16
2
85 69 1
77 60 17
1
70 44 12
1
99 84 21
1
104 93 4
2
69 53 6
74 47 7
0
1
61 47 11
0
3
80 65 2
79 60 4
113 84 6
1
66 55 10
3
69 56 11
82 63 15
108 102 19
1
89 82 18
2
91 55 5
105 107 7
1
103 88 10
1
78 46 8
3
103 93 16
71 64 17
100 64 23
0
0
3
87 71 7
70 54 10
75 70 19
1
85 75 22
4
94 64 3
74 69 12
107 92 19
80 79 21
0
1
101 72 7
1
75 59 20
4
108 66 0
90 77 13
139 112 21
100 92 24
1
76 58 23
1
60 44 24
4
90 59 1
114 88 11
137 98 13
108 87 23
2
109 69 1
84 75 2
1
106 81 7
2
111 99 1
86 60 19
1
101 81 20
1
80 70 12
2
87 63 12
82 70 19
1
92 87 16
3
80 53 5
102 91 16
96 70 24
1
104 73 23
2
123 97 12
88 68 23
1
79 63 16
3
99 65 7
111 89 11
111 101 16
1
77 56 5
3
86 67 21
99 68 22
118 118 23
1
90 62 3
2
88 66 10
114 101 19
5
84 67 5
96 69 6
68 60 9
69 55 12
64 61 24
1
114 85 21
0
1
72 52 24
1
102 78 20
2
97 82 13
86 89 24
1
113 84 20
1
65 62 6
1
96 80 12
0
2
92 72 4
125 112 11
1
73 65 6
0
0
1
93 87 17
5
71 68 0
111 92 2
74 60 15
76 63 18
93 65 23
0
1
108 98 17
0
2
111 88 14
116 82 17
0
0
0
1
81 74 16
0
1
133 111 24
1
126 82 23
2
125 105 1
121 80 6
2
113 96 11
112 82 19
2
82 73 1
106 106 16
1
95 79 6
0
0
2
52 41 20
112 105 24
1
80 62 11
2
97 78 6
90 61 23
0
4
72 63 2
119 98 7
97 77 10
58 54 20
1
121 100 2
0
1
82 67 7
3
95 77 20
110 89 21
92 98 24
2
122 107 16
93 76 24
3
96 77 1
90 81 13
86 68 23
1
65 52 11
1
81 61 11
0
0
0
0
2
87 56 5
111 83 19
0
4
97 65 7
100 78 15
111 90 18
86 71 20
2
47 37 7
87 78 11
3
74 56 6
119 104 21
84 75 24
2
84 74 3
100 92 19
2
140 120 12
89 74 20
1
92 69 24
2
92 64 9
117 84 10
2
111 78 6
91 63 13
1
112 94 23
1
41 38 7
1
108 83 6
1
98 76 0
3
61 46 13
102 74 21
82 69 23
1
121 90 0
0
1
130 91 5
1
123 104 18
2
127 88 11
83 71 23
0
0
3
87 68 12
65 62 15
119 78 18
1
91 73 6
2
103 73 19
76 60 22
1
95 94 6
2
117 77 6
113 97 21
1
70 59 23
1
87 74 15
1
127 95 23
1
121 69 16
0
1
102 75 5
2
90 68 15
128 93 16
1
76 48 16
0
1
124 89 23
2
95 72 4
112 108 6
0
2
104 77 4
82 72 12
1
71 54 16
2
117 128 12
92 72 16
4
135 97 1
108 93 4
96 68 13
120 99 24
2
104 84 21
113 96 24
0
0
0
1
98 87 23
0
1
79 58 0
4
128 81 0
105 94 1
112 103 5
85 77 23
3
123 96 6
83 66 12
115 104 19
0
5
72 48 5
134 140 6
84 63 10
122 99 19
93 59 22
1
134 114 11
0
1
95 80 6
2
104 97 7
143 126 12
0
0
1
175 143 7
0
2
123 105 5
113 90 7
0
0
1
120 109 12
1
108 74 0
3
139 107 0
100 86 2
124 106 11
2
105 96 5
128 89 20
2
117 73 7
106 86 24
2
133 98 10
129 100 24
2
137 102 0
110 89 1
0
1
97 64 24
1
98 89 21
2
118 104 7
113 100 13
0
3
65 56 1
88 65 7
106 82 23
2
87 62 7
117 92 13
1
107 103 6
0
3
133 94 16
89 84 21
93 65 24
2
108 99 6
91 86 24
1
112 88 13
0
2
132 116 5
114 101 15
1
46 29 0
1
125 95 21
2
113 88 3
78 62 6
0
2
92 58 7
133 91 21
1
92 77 1
0
1
123 64 16
1
145 112 5
2
115 96 21
118 103 24
0
1
106 63 23
0
1
128 95 6
3
83 67 1
117 83 5
124 102 7
1
140 108 19
0
0
3
123 114 13
158 138 14
126 126 23
1
138 110 1
3
125 126 19
110 83 21
144 138 22
2
95 75 2
116 92 13
2
145 112 7
117 85 11
0
0
0
2
127 92 6
97 76 16
1
115 108 24
2
111 82 12
117 88 24
1
84 52 17
3
123 104 3
136 125 12
103 103 21
1
123 107 0
2
81 67 11
87 75 12
3
111 89 11
152 93 13
140 141 19
1
161 136 14
1
115 72 0
0
1
140 121 23
1
164 132 13
0
1
146 130 12
4
99 71 12
112 93 15
78 53 19
83 76 22
1
114 90 5
2
104 82 9
112 95 24
0
1
162 152 19
0
1
144 126 0
3
137 105 13
111 99 15
123 85 16
1
158 125 22
0
2
144 118 0
171 95 1
1
115 87 22
0
1
162 152 16
0
0
1
52 43 7
2
107 77 5
122 95 15
1
132 104 16
0
0
0
2
106 93 2
126 59 22
2
125 98 10
94 68 11
2
138 127 7
92 93 12
1
153 135 11
4
141 136 1
169 126 5
143 109 7
108 91 19
0
1
111 79 2
0
0
4
150 145 6
84 61 13
145 102 19
118 98 21
0
1
140 105 4
3
183 143 5
127 95 6
130 123 7
2
77 65 7
117 87 11
1
129 101 13
1
96 75 5
0
2
102 88 6
103 70 7
1
136 102 12
0
2
121 104 13
121 82 19
2
104 78 13
97 71 19
1
163 110 19
0
1
98 76 6
0
2
84 67 2
107 74 8
3
135 142 5
114 79 12
103 73 22
1
162 134 12
2
104 87 10
86 56 24
1
128 102 3
0
1
172 129 19
0
0
0
0
2
102 94 5
51 50 11
2
118 102 5
117 112 13
1
129 118 19
0
2
148 132 10
128 96 18
2
161 146 6
160 147 23
1
65 48 8
3
159 132 3
179 133 5
157 136 19
4
102 78 0
76 75 5
84 54 12
140 89 22
1
119 120 12
1
110 71 16
2
183 158 7
131 107 21
1
114 96 5
1
177 151 16
1
149 107 9
2
131 115 16
135 117 23
0
1
139 108 0
1
139 112 6
1
144 137 1
0
2
142 110 1
153 97 24
3
106 101 2
123 97 5
69 45 20
0
2
145 115 8
148 111 16
0
1
165 138 21
2
120 109 6
198 149 19
3
184 128 1
150 124 4
177 110 7
2
117 103 11
169 135 13
3
138 104 3
139 128 4
154 111 9
3
140 127 13
176 112 16
65 64 24
3
122 81 11
148 131 12
126 95 16
2
149 104 6
170 148 24
1
121 108 1
2
101 79 19
149 90 24
1
156 90 10
0
1
138 130 21
1
120 95 7
2
130 122 2
146 117 20
1
123 97 23
1
170 140 5
2
88 61 12
89 70 13
0
1
199 179 23
5
118 119 0
92 79 3
211 217 8
107 78 13
152 137 20
2
130 100 13
101 84 23
2
111 89 4
152 123 17
2
108 106 1
143 123 23
3
139 115 10
142 94 16
148 139 21
0
1
138 78 6
2
185 174 11
140 108 16
3
110 95 10
102 96 11
113 94 12
0
0
0
1
161 115 16
3
163 153 12
178 128 19
158 136 20
2
130 94 22
108 83 23
5
116 128 16
147 102 18
156 116 20
139 140 23
121 96 24
1
87 65 11
3
146 117 1
117 111 5
170 106 13
0
0
2
111 92 8
183 150 11
0
0
1
128 86 13
1
152 110 7
1
63 51 6
1
169 133 20
1
101 70 21
1
153 112 15
3
127 126 13
90 86 19
110 94 24
0
3
152 112 1
98 90 4
166 117 24
1
210 186 12
1
132 112 19
0
2
161 129 1
189 148 15
1
126 82 5
0
2
155 131 13
145 114 16
2
134 114 15
82 78 19
2
125 120 19
90 73 21
1
107 78 21
1
170 128 21
1
89 77 16
2
98 83 19
143 118 20
1
144 127 18
1
183 127 24
1
148 117 0
1
122 102 8
1
133 120 24
4
139 123 3
162 131 6
156 130 20
149 123 22
5
155 112 3
148 97 4
121 111 6
141 126 12
157 143 18
0
0
0
1
173 142 1
1
153 123 12
2
125 76 16
177 149 21
1
91 76 23
2
122 106 1
72 52 8
1
175 139 3
2
155 137 21
126 95 23
1
120 101 19
0
2
89 70 21
167 125 24
2
138 74 13
141 105 24
0
0
1
160 136 6
3
94 76 5
122 109 7
162 131 13
1
147 119 17
5
143 159 0
116 84 5
89 68 16
181 120 17
122 121 18
0
2
76 63 1
162 108 24
1
171 145 13
0
1
146 128 1
1
171 118 3
1
154 124 4
2
137 89 4
184 132 24
1
109 97 13
1
198 158 22
0
1
143 95 3
2
149 127 5
178 132 6
0
1
132 92 22
0
1
215 169 16
0
0
1
152 112 2
3
173 127 6
65 52 11
118 98 24
1
132 113 0
0
0
1
132 99 24
1
148 148 10
1
134 98 20
2
167 132 16
112 78 19
0
1
102 80 19
0
1
77 71 20
4
174 140 0
111 103 5
84 73 13
163 149 24
0
2
157 153 12
166 97 21
1
181 178 19
2
157 122 1
93 73 24
5
120 119 8
152 107 10
90 70 12
153 130 13
167 132 16
3
183 125 5
182 161 12
198 176 23
1
152 109 20
0
5
147 125 1
123 100 5
101 88 19
91 72 21
114 72 24
1
175 143 21
1
165 144 17
1
173 155 20
0
1
168 129 4
1
194 150 12
2
164 118 6
116 84 17
1
155 121 10
0
1
177 166 20
1
222 173 9
3
122 108 6
213 166 13
165 130 16
2
124 104 12
144 136 20
1
190 143 8
1
145 117 10
3
151 111 0
125 99 23
150 107 24
0
0
0
1
174 158 16
1
123 100 23
1
129 118 21
1
170 157 12
1
166 134 20
1
149 87 22
0
3
189 155 1
126 101 9
163 121 18
1
191 132 19
2
158 129 5
217 146 24
0
3
202 188 0
143 93 16
162 137 23
1
175 139 4
2
177 118 6
144 122 19
2
194 174 1
150 145 11
2
181 119 2
122 98 16
2
122 126 0
132 79 5
1
208 171 13
0
2
153 132 11
90 67 19
0
1
186 153 8
