4 8 6 2 6 4 7 3 2 4 3 7 3 4 5 5 7 5 5 4 2 4 2 7 3
4
7 4 4
5 4 5
6 4 17
6 4 23
3
7 5 4
6 5 23
10 8 24
0
1
8 6 1
1
8 7 2
1
8 6 16
2
6 5 2
7 6 16
1
10 7 18
0
1
7 4 15
0
1
5 4 15
1
10 7 16
1
11 7 11
0
2
9 8 2
11 7 7
2
7 6 8
14 10 16
0
1
9 6 1
1
10 7 12
2
12 6 8
10 8 16
1
10 8 23
3
10 7 2
10 9 10
13 11 15
1
10 7 17
1
8 6 9
1
11 9 24
1
8 8 6
0
2
7 5 9
13 10 14
1
12 9 1
0
1
13 13 2
0
1
12 10 4
0
0
1
14 10 11
1
13 10 7
3
14 10 3
12 9 4
15 14 10
1
8 6 15
2
15 11 4
15 12 18
0
0
1
11 10 19
0
1
13 10 17
1
14 9 2
4
16 12 4
14 9 9
17 13 16
14 11 17
0
0
1
13 11 22
1
13 9 11
3
12 8 10
14 13 11
11 9 14
0
0
0
2
18 16 16
16 13 20
1
18 13 2
0
0
2
14 10 5
17 13 11
1
16 14 15
1
17 15 17
0
1
20 14 16
0
1
19 16 4
1
10 7 4
3
15 9 12
20 19 13
10 9 21
0
2
17 11 5
15 14 14
2
25 19 0
15 10 20
3
15 12 1
11 9 6
22 17 15
1
23 17 16
0
2
13 11 7
15 11 18
0
1
23 17 13
1
19 17 22
1
24 20 17
0
1
19 14 21
1
21 18 4
1
20 19 17
1
26 18 15
1
19 19 18
0
0
1
13 11 11
1
24 19 23
1
23 17 12
1
13 10 6
0
1
24 17 0
1
16 13 1
1
26 20 10
0
1
17 13 2
0
3
25 23 2
23 13 8
27 20 15
2
25 22 2
24 17 9
1
20 14 4
1
29 21 14
3
27 18 6
26 22 16
30 25 17
3
23 18 12
23 21 17
25 18 19
1
22 19 10
0
1
22 17 14
1
23 17 21
1
14 10 18
0
0
0
1
26 21 15
2
19 16 10
22 20 22
1
24 20 7
0
0
2
26 19 16
23 19 24
0
0
1
15 12 15
0
2
27 22 6
27 29 11
0
1
28 26 11
2
18 16 5
24 18 14
0
3
32 24 5
23 18 7
22 16 12
1
23 15 2
1
25 15 21
1
26 22 21
0
1
35 26 6
0
1
22 16 17
0
1
26 21 16
0
0
3
28 23 4
26 17 16
30 23 19
1
27 17 4
2
35 28 0
24 19 15
0
2
18 15 11
24 20 18
1
26 24 17
1
24 19 16
1
26 23 17
0
0
0
0
2
24 17 9
45 37 11
1
26 25 12
2
30 20 5
27 25 6
2
22 19 12
26 25 17
1
32 22 0
1
29 21 6
1
44 34 6
1
26 22 16
1
33 28 0
0
0
0
1
36 28 9
3
26 22 11
33 25 12
26 16 23
0
1
18 14 6
1
32 29 18
2
29 22 12
34 28 21
1
30 19 2
2
42 33 9
33 32 17
0
0
1
28 20 8
1
40 30 2
1
22 18 11
0
1
41 39 23
1
36 26 24
0
1
42 35 7
0
3
42 28 1
39 32 17
20 16 19
1
33 27 23
1
35 29 0
4
35 25 11
40 36 14
55 40 21
35 28 24
2
34 30 13
43 35 19
4
38 30 0
40 30 2
42 31 13
31 22 23
0
1
39 33 12
2
27 20 3
44 34 9
1
46 43 13
0
4
33 27 0
37 31 1
46 41 10
46 39 16
1
45 37 15
1
51 35 21
1
48 36 13
0
1
39 35 11
1
28 24 3
2
27 21 2
30 27 5
2
37 27 4
39 30 7
0
2
37 27 6
52 35 22
0
1
42 35 4
1
30 22 15
0
0
1
38 22 6
1
35 23 15
3
42 35 11
33 29 14
46 39 19
3
51 43 4
47 40 7
21 16 24
1
33 24 7
3
50 42 3
43 30 4
37 32 18
5
29 19 4
36 27 7
39 24 11
41 35 20
38 27 23
2
42 24 6
44 32 11
1
35 29 24
2
36 34 18
36 26 22
1
37 41 5
2
51 38 0
53 37 6
2
49 46 6
44 38 16
3
51 37 2
37 33 16
38 35 23
0
0
0
0
1
56 40 6
0
3
28 30 0
32 31 1
38 28 11
0
1
44 43 6
1
55 50 1
2
41 27 16
41 35 21
1
46 48 21
3
48 44 4
43 37 11
29 21 15
1
40 26 2
0
1
48 36 0
0
2
38 34 16
40 32 18
1
35 20 1
3
39 36 11
46 34 12
53 35 13
0
1
61 57 9
2
39 40 4
39 32 10
1
38 20 15
2
63 49 4
49 41 9
1
40 37 8
1
33 28 16
2
43 38 0
54 40 23
1
68 57 24
0
0
1
60 49 17
1
55 42 16
0
1
49 35 9
1
47 35 11
1
55 42 17
1
38 41 17
0
2
36 34 6
55 33 11
1
52 41 5
3
42 35 6
52 34 9
58 46 13
0
0
1
43 33 11
2
56 41 15
39 24 21
1
66 52 1
5
41 22 5
49 41 6
33 28 9
43 35 13
43 39 17
1
33 29 16
0
0
0
0
3
50 46 13
46 42 14
41 33 15
2
56 40 15
42 33 17
0
2
51 38 14
70 32 23
1
47 33 7
1
63 54 19
0
1
38 33 20
0
0
0
0
3
53 43 4
52 35 15
40 34 19
3
42 35 6
50 43 11
47 31 16
1
45 37 21
2
51 41 4
77 63 18
0
0
0
0
1
34 31 6
1
46 38 16
2
49 44 7
63 39 9
1
38 32 5
3
60 46 1
43 31 11
42 28 17
0
1
41 29 9
1
63 45 1
3
69 50 4
35 29 6
58 45 10
0
0
3
70 54 1
27 21 13
36 30 18
0
1
40 33 24
0
0
1
47 36 24
1
53 44 19
2
80 65 3
54 52 21
2
74 68 7
43 31 13
0
0
0
0
1
60 42 16
1
51 39 23
0
1
60 52 2
3
60 48 7
68 68 13
53 37 16
1
67 55 14
0
0
0
1
46 36 16
0
1
44 36 21
2
51 36 9
41 50 17
3
45 31 0
60 54 5
45 41 15
0
1
52 47 12
1
57 43 18
1
53 43 9
0
2
59 53 7
62 50 18
1
62 58 8
2
51 47 17
61 49 20
0
1
51 34 3
1
72 52 11
0
1
59 54 4
2
61 53 6
53 43 21
1
44 37 23
1
75 59 23
0
1
66 48 23
0
1
52 46 10
0
1
70 61 0
0
2
84 60 0
63 49 23
1
53 39 5
1
67 55 0
1
63 75 11
2
69 53 11
70 71 16
2
52 38 1
49 42 6
1
58 54 11
0
0
2
76 44 13
60 52 16
2
59 44 0
64 41 18
1
75 65 9
1
48 37 6
0
3
47 32 13
54 41 16
47 30 17
2
55 59 8
67 54 13
0
0
1
56 42 1
1
77 64 6
3
52 40 2
58 49 7
43 39 16
1
70 50 14
3
47 30 6
74 56 12
53 45 19
1
45 40 12
0
0
3
95 81 6
60 51 14
83 67 22
0
2
71 57 13
52 36 24
2
55 43 16
62 63 17
2
63 44 0
74 67 2
0
0
3
74 65 13
60 54 15
62 40 24
1
59 42 20
3
72 64 17
72 72 18
56 57 19
2
57 47 1
50 38 4
1
89 66 23
3
61 45 19
62 47 20
74 59 21
4
86 73 0
61 36 2
31 26 6
92 77 10
0
2
85 72 2
48 38 4
0
1
71 56 23
1
67 59 8
1
75 56 19
1
59 45 21
0
1
81 59 23
2
55 41 4
46 46 15
4
56 52 1
69 49 13
62 48 14
41 33 15
1
81 64 17
1
57 48 9
1
47 33 6
0
2
66 55 6
65 57 22
0
0
1
81 57 21
0
1
68 60 24
0
1
59 39 16
2
73 51 14
62 47 16
0
1
81 71 9
2
77 74 6
76 56 22
1
69 60 18
1
52 38 11
1
65 54 20
2
56 44 9
84 60 20
0
2
67 63 1
74 50 13
1
76 67 2
0
1
61 50 6
0
2
97 82 2
79 61 16
0
0
4
66 55 1
83 67 6
77 58 10
83 71 22
2
66 47 6
80 62 18
2
56 57 2
90 76 11
2
62 42 1
94 61 23
1
63 60 12
1
63 39 7
1
80 71 5
1
51 38 2
1
55 37 4
1
60 49 17
1
47 35 23
2
74 55 1
66 52 15
0
2
93 66 16
88 70 21
1
51 30 0
1
86 78 21
1
58 50 11
0
1
101 65 0
1
73 47 3
2
70 59 6
84 66 21
0
3
63 60 5
91 78 8
79 59 16
1
90 81 20
0
1
65 52 11
1
102 78 16
0
0
1
99 77 18
1
77 61 0
0
1
84 66 11
0
0
1
69 59 7
0
1
59 46 14
2
61 53 11
94 73 21
0
2
112 92 17
84 65 22
1
57 45 16
0
0
2
77 59 5
87 83 6
1
62 42 9
1
46 25 5
0
0
2
65 50 0
90 74 2
0
1
94 98 22
1
86 62 10
1
84 72 11
1
71 58 19
2
83 60 1
77 76 10
0
1
71 62 18
0
1
91 74 15
2
75 59 16
89 58 23
0
0
1
96 68 11
1
91 70 17
1
79 75 2
1
97 64 9
1
92 87 23
1
105 93 10
2
94 84 1
94 78 23
2
99 68 3
73 48 4
0
1
54 44 1
3
107 89 9
98 90 11
83 59 23
1
83 76 0
0
0
1
74 48 17
0
1
83 61 16
1
86 75 18
2
73 55 8
108 82 11
1
62 45 11
0
2
81 69 8
93 72 19
2
80 64 11
107 89 19
1
90 85 4
2
46 35 10
71 59 21
2
87 72 15
61 46 23
0
2
122 102 11
75 60 18
1
97 77 24
2
75 61 11
81 64 12
0
0
1
110 86 18
5
94 64 1
79 65 6
67 49 11
81 64 18
91 77 24
1
105 83 4
2
103 76 5
113 106 24
2
48 39 2
61 59 15
1
93 72 8
0
0
0
0
3
47 35 4
57 40 14
114 89 24
1
72 58 0
2
77 50 7
92 66 20
1
92 78 7
2
108 84 2
52 41 17
6
64 60 0
114 105 1
117 104 2
93 70 5
101 98 18
79 71 22
0
2
95 76 5
67 50 18
1
78 59 17
0
1
69 54 9
3
100 85 13
65 50 16
86 67 18
0
1
102 78 7
2
109 77 5
132 91 23
2
88 80 6
90 76 15
1
86 66 14
0
0
2
104 87 1
84 69 14
2
84 60 6
109 105 15
1
91 75 23
0
0
0
3
65 55 16
111 79 21
76 65 22
1
94 72 23
1
112 92 24
0
1
92 73 20
1
108 87 14
1
89 60 16
0
0
2
105 76 6
103 72 11
2
86 65 10
95 79 11
1
114 91 21
1
106 87 23
1
92 86 23
2
119 89 12
74 65 14
1
97 69 21
4
81 61 2
146 134 5
105 83 6
68 70 23
1
90 66 1
0
1
91 72 15
0
0
1
69 72 18
3
93 70 7
106 86 19
87 66 24
3
116 105 4
104 93 11
101 93 19
2
105 74 11
91 64 15
1
83 71 11
0
0
2
118 95 16
86 66 23
2
103 92 16
80 69 24
2
75 46 7
94 69 14
0
3
74 65 1
126 110 6
104 95 24
0
2
126 91 5
89 65 11
0
3
78 49 2
133 127 10
94 70 13
0
1
103 57 17
0
0
0
1
134 134 20
1
110 85 2
1
87 70 16
2
101 81 1
83 66 2
1
99 80 9
0
1
94 67 5
1
109 82 16
1
80 72 7
1
117 89 16
2
100 80 4
113 85 23
2
79 73 6
129 92 14
0
2
103 77 4
83 71 16
2
99 88 11
128 97 15
0
4
114 109 1
113 91 4
121 98 17
111 82 23
1
82 64 5
0
0
0
1
108 95 6
0
1
78 66 21
4
74 67 0
102 84 1
135 116 16
99 99 21
0
3
93 88 19
77 63 21
97 67 24
1
112 103 16
0
1
113 100 6
1
97 77 16
2
96 97 13
103 81 14
1
129 96 21
2
112 92 1
85 58 9
0
1
106 98 1
0
1
103 73 17
0
0
1
88 65 23
3
119 94 13
107 103 19
90 68 23
1
109 98 18
3
87 90 12
187 154 14
108 69 18
0
1
109 107 4
1
92 78 5
5
128 98 1
108 106 2
89 69 5
120 106 9
98 60 10
0
2
71 52 11
147 92 18
2
59 44 0
102 101 21
1
88 85 13
1
94 65 22
2
68 70 1
93 69 13
0
2
77 52 18
155 117 21
3
124 100 8
107 91 14
88 57 16
0
0
2
117 100 16
56 39 17
0
1
112 101 19
2
95 84 3
101 73 11
0
2
75 50 2
112 90 9
0
1
97 69 13
1
125 108 12
0
2
133 82 2
94 72 3
0
3
97 75 1
100 78 13
98 78 19
1
107 77 21
1
114 104 1
1
73 61 23
0
0
3
87 91 7
128 109 20
45 38 21
0
1
85 79 23
2
92 79 2
76 66 12
1
98 82 16
2
110 90 16
117 101 22
0
0
1
117 81 24
1
68 58 17
1
99 74 23
0
0
2
132 128 3
70 55 15
0
2
66 47 23
100 81 24
1
145 117 1
0
0
0
0
2
124 91 19
145 136 23
1
117 82 2
0
2
120 84 5
73 58 16
1
111 103 11
4
109 92 0
77 44 2
131 85 23
129 121 24
1
82 63 1
0
1
102 67 14
2
111 86 2
104 85 10
1
122 100 10
1
102 75 1
2
132 106 1
152 136 9
0
3
107 84 1
127 93 12
101 83 23
0
0
1
143 126 11
1
124 105 21
1
172 138 16
0
2
109 76 1
113 99 24
4
146 127 9
133 97 17
128 91 22
144 117 23
0
0
1
143 112 11
2
94 70 2
80 65 10
0
2
118 111 15
100 82 19
2
95 104 1
150 85 15
1
94 90 23
3
139 111 5
147 143 9
127 98 11
2
110 95 5
120 82 23
2
139 96 4
75 54 11
2
116 89 0
210 210 3
1
164 123 5
0
0
0
1
115 89 8
1
101 73 4
1
116 102 16
0
2
153 129 2
93 82 7
0
1
92 71 14
0
1
101 66 7
1
114 107 18
0
2
123 98 5
139 124 20
0
1
123 103 1
3
125 106 2
79 53 6
139 120 7
0
0
2
125 106 12
114 96 16
2
170 141 4
111 87 19
0
2
99 48 17
126 80 19
1
115 84 2
0
1
134 95 1
2
83 69 21
148 117 23
4
142 111 0
137 104 7
100 72 21
107 80 24
2
114 85 4
133 114 11
3
132 112 0
132 119 1
133 113 10
0
0
1
107 80 3
1
142 98 1
0
2
111 87 6
73 48 14
2
124 81 4
147 131 18
2
86 65 15
118 83 17
0
2
113 73 4
112 90 23
2
157 87 13
142 115 19
2
108 69 8
106 89 23
0
0
0
0
0
2
53 38 6
120 112 13
0
1
71 59 2
6
168 139 2
136 110 4
139 122 11
119 75 12
98 60 16
145 106 24
1
107 65 5
0
1
108 96 23
0
1
157 135 11
1
128 117 13
1
166 118 0
1
113 97 7
0
1
147 128 24
2
119 91 6
113 77 17
1
141 120 13
0
0
1
119 89 10
2
133 95 6
130 79 23
2
139 93 1
132 107 13
1
141 126 11
2
69 63 5
144 113 11
2
139 115 4
121 81 18
1
162 133 12
3
124 105 4
86 55 21
171 127 22
0
2
196 182 10
121 89 15
1
141 116 16
0
0
0
1
134 103 15
2
140 121 13
114 93 14
1
111 97 11
0
1
160 153 4
1
145 97 17
2
141 117 15
106 98 19
1
133 103 1
0
3
92 69 4
150 127 8
131 100 18
0
0
2
181 155 1
142 104 5
2
147 113 4
136 118 6
2
150 125 14
116 97 21
0
0
2
89 67 0
193 155 8
0
1
164 126 19
1
106 79 15
1
136 117 10
2
135 132 13
161 121 16
4
133 124 4
161 164 5
122 99 8
160 127 11
2
160 107 9
84 52 21
0
2
155 116 0
195 195 4
0
1
80 72 14
0
0
0
0
1
157 138 3
0
0
1
161 125 11
3
79 56 6
129 107 11
131 110 21
3
134 91 5
144 127 13
125 102 18
1
155 151 1
2
142 96 1
153 109 4
0
1
180 167 13
0
0
2
154 140 0
113 78 23
1
116 89 0
0
1
97 98 17
0
1
113 87 16
0
1
141 86 2
1
147 101 14
1
90 50 12
1
150 108 11
2
175 155 2
135 121 20
0
1
165 123 11
1
170 110 5
2
99 79 1
119 92 23
1
150 112 23
2
119 75 6
130 107 17
0
2
192 146 0
130 84 9
1
106 77 0
2
120 112 12
133 121 16
0
1
106 103 23
3
216 157 1
157 106 2
137 125 16
2
140 135 2
146 104 16
0
3
144 146 19
93 75 22
80 73 23
0
0
0
2
144 87 18
83 72 22
3
142 121 0
172 122 5
142 110 11
1
159 116 24
0
1
200 157 7
1
187 152 11
1
134 96 4
2
85 42 0
168 140 19
0
0
0
0
0
1
122 88 24
2
107 94 4
181 76 23
2
161 136 2
141 116 12
0
2
115 97 14
202 179 19
0
2
192 152 9
118 76 10
1
117 88 18
2
150 115 18
127 94 23
0
1
145 128 12
1
139 96 1
0
1
161 117 15
1
142 123 23
4
171 132 2
169 123 13
120 69 21
122 89 24
2
171 141 1
139 100 11
3
180 137 1
189 142 7
133 118 23
1
152 123 16
1
183 132 0
1
164 95 24
2
169 130 6
218 184 7
1
87 76 21
1
183 141 6
0
2
163 124 0
171 139 23
1
101 74 6
1
137 129 14
1
163 123 18
0
0
0
1
147 116 10
1
118 89 10
1
172 131 13
2
153 99 3
214 178 19
0
3
145 89 1
134 117 9
163 121 16
0
4
157 126 6
139 71 11
137 115 18
139 109 22
1
151 127 15
0
1
139 93 14
2
152 135 6
153 111 17
0
0
3
150 141 0
125 111 4
153 133 11
1
142 116 18
0
0
2
129 112 5
201 131 14
2
198 139 4
156 155 23
1
139 108 11
0
0
0
0
0
0
1
101 92 8
0
0
1
108 98 4
1
130 74 11
2
117 117 11
137 107 23
0
1
172 142 11
0
1
180 155 18
1
173 129 6
1
141 123 5
1
150 116 17
1
109 81 23
2
111 97 2
196 154 17
0
2
181 137 17
166 128 24
2
128 104 15
206 136 24
5
126 88 1
164 145 2
148 115 5
149 115 9
102 87 15
0
3
234 221 9
167 151 19
230 211 24
1
102 87 6
2
196 156 12
125 101 19
1
117 88 18
2
166 158 1
177 145 17
0
1
203 174 13
